01011110011		1002
01010111111		931
01010110011		896
10111111000		892
01010100011		872
10000100101		849
01000011111		830
01011100011		807
01010011111		792
01010011101		785
01001011101		783
01000000111		781
01010100101		774
01010111000		773
10000001111		772
01000100101		772
01011011111		752
01010011100		739
00111111100		734
01110111111		727
01010010111		716
10001100011		712
01001100011		712
01001100010		712
01011111010		704
10001101011		699
00011011101		697
00100111111		688
00000111100		679
00100111101		676
10000001110		672
01100111011		670
01011011101		669
01010101101		668
01010000111		665
00010111111		664
01010010101		661
10011001101		657
01011011110		656
00110111111		656
10000000111		655
00010011101		655
01011111100		653
10000100110		651
01110100101		651
01010111010		650
00001111101		650
01010100111		648
01001110011		648
10011100011		645
10001011011		644
01000111011		644
00001111111		642
10000100100		641
10001000101		636
01010111011		636
01001010111		634
10101110000		632
10000101101		632
10001001111		631
10000101100		629
00101011101		627
00000111111		627
01011010111		624
10001100100		623
10010100111		620
11011011011		618
10001011000		618
10011001011		617
10000001101		617
10010001011		615
01000111001		614
00001011100		610
10111001101		603
01011100010		603
11000001011		599
01010111101		599
10010111111		598
00010111110		596
10101100011		595
01100100101		591
01111011011		590
01100100111		590
01011110010		590
10010101101		589
00011011100		588
10010100101		587
10001000011		587
01111011101		585
00100011100		585
10011110010		583
11011011111		581
10101011100		581
10001001101		581
01000100100		581
01011001111		580
01001110010		580
10001001110		579
10001101101		578
10100111011		577
01001011111		576
10000111100		575
00001000111		575
00000111110		573
11110001100		572
10000111101		571
00010010111		571
01010111100		570
00001011101		570
00010000111		567
01110101101		566
01000111111		566
01110111110		565
01010111001		564
00100111110		564
10111011001		562
10110100011		561
10010011101		559
01110111010		559
01010110010		557
00001111110		557
00011111101		556
10101110001		553
10000110000		553
01101101111		553
10100111000		552
01001101101		551
00111011011		550
10110001100		549
01100111111		549
01000111101		549
10010000111		547
01011111011		547
00111111101		547
10001110001		546
10001111100		545
10011001111		540
01000010111		540
00010111101		539
10110001111		538
10110011100		537
01110100100		536
11000001111		535
01010101100		535
10110101100		534
10101001101		534
10011100010		532
10000011111		532
01011011001		532
10111011101		531
10110011111		531
10101011000		531
10010111101		531
01100100100		529
00000010101		529
00000011001		528
10011101101		527
10000011101		527
10010110011		526
00110111101		526
11010011111		525
11000011101		525
10001011001		525
00011011111		525
11001011011		523
01011011100		523
01010100110		523
11000011110		521
00111111111		521
01011000011		520
01000111100		520
01010100100		519
00110111100		518
01101110011		517
11110011110		516
01001110000		516
00001011111		516
11100111011		514
10000011011		514
10000001011		514
01000011110		512
00000111101		512
10101011001		511
01000100111		510
11000001001		508
10010011011		508
01110111101		508
01001111101		508
01111100101		507
00110011101		506
01111110001		505
10011110000		504
01101100011		504
01011111101		503
11110111011		502
10111011011		502
10011011001		502
01010011011		502
01011110001		501
00001111100		501
01100000111		500
00101111111		500
10111110010		499
10010111100		498
01111111111		498
01001100100		498
01110100011		497
00011011011		497
01100010111		496
01010010100		496
00000011101		496
10001110011		495
10001001011		495
11101011011		492
10101100100		491
10010110010		491
10001100101		491
01110111011		491
00001011001		491
10100110011		490
00010111100		489
01111011100		487
11010001100		486
10110001101		486
10011011100		485
01111001111		485
01000100110		485
11001011101		484
11001001000		483
10011101010		481
01000101101		481
10111110000		480
01001111100		480
11011001100		479
01111101111		479
01111000111		478
01001100101		478
01000110001		478
10000111111		477
10000100111		476
10010011001		475
10010001101		475
10000000101		475
00001010111		474
10101101011		473
11001110011		472
01110100111		472
01001111111		472
10111100011		471
10110000011		471
10100101101		470
10110111111		468
10000110011		468
11010100001		467
10001011100		467
00110011011		466
00000010100		466
10100111100		465
01010010110		465
10111110001		464
01010101110		463
11001110001		462
10101100101		462
01111100011		462
01001011110		462
11110011101		461
11000010101		461
01111110011		461
01011111111		461
00110000111		461
00100000111		461
11100001011		460
00100010111		460
11010001011		459
11000011011		459
10011101011		459
10011011101		459
10110011101		458
10101011111		458
10100100011		458
00101011100		458
00011111001		458
11100011111		457
10110111011		457
01010011001		457
00110010111		457
10001011101		456
00101000111		455
11101000000		454
01100110011		454
00111011111		454
00011111100		454
11010001111		453
01111010110		453
01001110001		453
10100111111		452
10111100001		451
10010011111		451
00100111001		451
11000110010		450
10111001100		450
10010101100		449
01111011001		449
11111011000		448
10101000011		448
01001011100		448
11010111111		447
01001101100		446
11001001100		445
11000111001		445
01011010110		445
10010100011		444
01111111100		444
11001011111		443
10100001110		443
10001101100		443
01111010111		443
01110111001		443
01011100101		443
11111011110		442
11100011100		441
10100011111		441
10011011011		441
01110011101		441
00001000110		441
10001110000		440
10010010101		439
01000110011		439
11010011101		438
10010101011		438
10000111001		438
01110101111		438
01101100010		438
01010000110		438
10001011111		437
00111011100		437
10100001111		436
10001111101		436
01000111010		436
10000110001		435
01011011010		435
10101110010		434
10100011100		434
10000011100		434
01011010100		434
10010100100		433
00111111110		433
00000011111		433
11010010111		432
10100011101		432
10100101100		431
01111011111		431
01100010101		431
01011101100		431
11110111111		430
01111101001		430
00101011011		430
10011110011		429
10011011111		429
10000010111		429
10101011011		428
10011111111		428
11111011011		427
11100001100		427
11010100101		427
10010111011		427
10010011100		427
10000110010		427
10000000110		427
01011011011		427
01010100001		427
11000100101		426
01101011100		426
01011110000		426
01101111110		424
01000111110		424
00000000111		424
11001000001		423
10011101001		423
00010010101		423
11001011110		422
10000010100		422
10011101100		421
10001111111		421
10001100111		421
11001001010		420
11000011111		420
10100110010		420
01000101100		420
00011111011		420
00010011001		420
01010101011		419
11110010111		418
11000110011		418
10100100111		418
10010000011		418
10000111000		417
10000010110		417
10001110010		416
10110101011		415
10011111100		415
10011000101		415
01111110000		415
01110110011		415
00101011111		415
10110111000		414
10101001100		414
01001011011		414
00100011110		414
10100100101		413
01001111011		413
10010111110		412
11000111000		411
01101110010		410
01100010110		410
01001011001		410
01000000110		410
11010011100		409
11000011000		409
11000010100		409
10110110000		409
10000111011		409
01101101011		409
01000100011		409
00100111100		409
11011001101		407
10111101101		407
10110100111		407
00110000110		407
00100111011		407
10011000010		406
01110000111		406
01001100111		406
01111111110		405
11111000000		404
10111111001		404
01111101011		404
01110011111		404
01010011110		403
01101011011		402
00101111011		402
10111111011		401
10010110000		401
01010111110		401
00111000110		401
10101100111		400
10100110001		400
10100001011		400
10010011010		400
10000011001		400
01110010111		400
01000100010		400
00111011000		400
11111010100		398
11110011100		398
10101000100		398
10010001111		398
00101010111		398
10000101111		397
10000010101		397
01001010101		397
00111011001		397
00111010111		397
10010001110		396
10010000101		396
10000011010		396
01110110010		396
11110001111		395
11011111101		395
11001101001		395
11001010111		395
10100111101		395
00011111111		395
00011010100		395
11000000110		393
10110100100		393
10011100100		393
10011011010		393
01011101011		393
00111000111		393
11111001100		392
10100110000		392
01101100100		392
00101111101		392
00101111000		392
11111011101		391
10101011110		391
01010001111		391
00011011001		391
11110001110		390
10001001100		390
01110011110		390
11000010110		389
10110111110		389
10011011000		389
00011111110		389
10111101011		388
10101110011		388
01011101110		388
11001000100		387
11000001101		387
10110101101		387
10101101101		387
10011001010		387
01111100100		387
11011011001		386
10110001011		386
10101011101		386
10100011110		386
01100011101		386
01100011100		386
11111111111		385
11110110011		385
11110010101		385
10111111010		385
10001000100		385
00001010101		385
10010000100		384
11000001000		383
01001101011		383
11111011100		382
11011100011		382
10110100101		382
00010010100		382
11101000001		381
10100100100		381
01111111101		381
00010011111		381
10000111010		380
01010110001		380
01000110010		380
10111111111		379
10000100011		379
00010010110		379
11111011010		378
10100010111		378
01111101110		378
11010111101		377
01000101111		377
11001001101		376
01111111011		376
01110010101		376
00001011110		376
11100001001		375
10101001111		375
01101011110		375
11111111100		374
01110100110		374
01110010110		374
11000111111		373
11000100100		373
10110101001		373
01110011100		373
01101111101		373
01010100010		373
11110111010		372
11010111011		372
00101011001		372
00111010101		371
10110100010		369
01011101010		369
11010011010		368
11000011100		368
11010100100		367
10111101001		366
10110111100		366
10010011000		366
10000011110		366
11111000001		365
10110100110		365
11010100000		364
11001111111		364
10111011010		364
10011000011		364
10010010111		364
00100010101		364
11100001111		363
10111001111		363
10101111111		363
10101111101		363
11010011110		362
11010011011		362
10100111001		362
01111010101		361
01011100001		361
00001011000		361
11101001010		360
11100011110		360
10111011100		360
00101011000		360
10110000100		359
11101010100		358
11010100011		358
10100010101		358
01110101110		358
00100010110		358
01110111000		357
11000101001		356
10111111101		356
10011010101		356
01011010101		356
01010101111		356
11101010111		355
10110110011		355
10100001101		355
10010100110		355
01100101111		355
01011111000		355
11110011011		354
11000110001		354
11000010111		354
00111011010		354
11111001101		353
10111000010		353
11010111000		352
10011000100		352
01111100110		352
01100111110		352
01100111001		352
00011010111		352
00010111001		352
00001011011		352
11101001100		351
01100011111		351
01000111000		351
00000010111		351
11110101011		350
11011000010		350
10110101010		350
10110000010		350
10001000111		350
01100000110		350
11110000110		349
11001100010		349
01101111111		349
01101011111		349
01001101111		349
11101100001		348
11011010111		348
10011000111		348
01111100111		348
00111110001		348
00011011000		348
11001101011		347
10100000101		347
00011011110		347
11010111100		346
10101111100		346
10010101010		346
10001011010		346
01110111100		346
00111011101		346
11001111101		345
11000100110		345
10001100110		345
00110010110		345
00001111000		344
00111011110		343
11110110010		342
11100111111		342
10110011110		342
10110011010		342
01011000111		342
10011110001		341
10000101110		341
01011000101		341
11010001101		340
11000111101		340
10110000111		340
01111111010		340
00101111100		340
11101110001		339
11100010110		339
11011101000		339
01100111101		339
11100111000		338
11100100100		338
11010110001		338
10101111000		338
01011101101		338
11101011100		337
10110111010		337
10011011110		337
01001011010		337
00011100111		337
11011110011		336
11010011001		336
10111101010		336
10101010101		335
01010110000		335
11100011101		334
11000111110		334
11000000111		334
10100100110		334
10100011011		334
11100111110		333
11100110000		333
10111000101		333
10010100010		333
01111111001		333
01001111110		333
01001000111		333
11110000011		332
11000001110		332
01101011101		331
11001110010		330
00010000110		330
11101011111		329
11000000101		329
10000011000		329
01110101100		329
01101011001		329
01100111010		329
10110110010		328
00110011110		328
00100011011		328
11001001011		327
10111100111		327
10011000001		327
11100001101		326
11010110011		326
10111001011		326
00100011111		326
11011011101		325
10111010111		325
10111000111		325
10010100001		325
10010011110		325
10010000110		325
01111011000		325
00011011010		325
11001001001		324
10011100001		324
00011111000		324
11111111101		323
11011011100		323
11011000000		323
10101101010		323
10100010110		323
01001010110		322
11111000011		321
11000001100		321
10010101111		321
10010000010		321
01111101101		321
01001101110		321
00110111110		321
11111010111		320
11100010101		320
11001111110		320
10111011000		320
11100111010		319
11001001111		319
01101111010		319
01101010110		319
00111111001		319
00000011100		319
11111001111		318
11111000101		318
11010110010		318
10010101110		318
10001111010		318
01001010100		318
00010011110		318
00000011110		318
00000000110		318
10010010100		317
10001111011		317
00110011100		317
11101011001		316
11011011110		316
10110111001		316
10001111000		316
01110000110		316
11111001010		315
01110110001		315
01100101100		314
01011000010		314
01001111010		314
00010011100		314
10111111100		313
10000111110		313
01000101110		313
01000010110		313
00010111000		313
10101010100		312
01110110000		312
01110010100		312
01011111110		312
00101010101		312
11110110001		311
11110010110		311
10111010101		311
10101100110		311
11110000101		310
10110011000		310
10001101010		310
00100011101		310
00010011011		310
00001111001		310
11111110001		309
11101000010		309
11001000111		309
10111011111		309
00101111110		309
11111101010		308
11111100011		308
11101111101		308
11001000010		308
10010010110		308
10001011110		308
11110111101		307
11101001011		307
11100111100		307
01101110000		307
01010000101		307
11110100110		306
11101001101		306
11010000101		306
10001010111		306
10001000010		306
01000110000		306
11100100011		305
11011001000		305
11010010101		305
01101101110		305
11001110000		304
11000100111		304
10100111010		304
11101111100		303
11011111100		303
11111110010		302
11011111010		302
11011101101		302
10011100101		302
01101111100		302
11101001000		301
10111100101		301
10100000110		301
10011111110		301
10001100010		301
11110000111		300
10110010111		300
01100100011		300
11001111100		299
10111101100		299
10101011010		299
10011111011		299
01011101001		299
00101111001		299
11011110010		298
11001100011		298
11000000001		298
10110111101		298
10011111010		298
10010111010		298
00010111011		298
11011001111		297
11010001001		297
10001010101		297
10001010100		297
11100011000		296
11000111011		296
11000100011		296
10001101110		296
01101100111		296
01000011100		296
11100001010		295
11001000000		295
01100110010		295
00110011111		295
11010010100		294
10101111011		294
10011100111		294
01111010100		294
01101010111		294
11101110011		293
01011100111		293
01011000110		293
01000010101		293
11100101101		292
11000001010		292
10110001010		292
11011011010		291
11001011000		291
11000101011		291
11000100000		291
10100000111		291
00001010100		291
11100110011		290
11100101000		290
10111011110		290
10011010110		290
01011111001		290
00110111011		290
00101000110		290
00011000111		289
11101011000		288
11010000111		288
10101111010		288
01101100110		288
01100010100		288
01000101011		288
11110100001		287
11110011010		287
11010100111		287
10111000001		287
10100101011		287
10011010111		287
00011000110		287
11110101111		286
11101110010		286
01101101100		286
00111111000		286
00000111011		286
11101011110		285
11100000001		285
10111000100		285
10010101001		285
10001111001		285
11101010110		284
11100110001		284
11110100100		283
10110000101		283
10011001100		283
01011011000		283
00111100111		283
10111110011		282
01100110000		282
01011001110		282
01010000011		282
00110011000		282
11110111100		281
11110111001		281
11010001000		281
10001101111		281
01111110010		281
00110010101		281
10110011011		280
10011101111		280
00110111000		280
11010000000		279
10011001001		279
10010001100		279
00000011000		279
11111101011		278
11110001010		278
11110000100		278
11010000100		278
01100111100		278
01100111000		278
11100011001		277
11001100001		277
01111000010		277
11110001000		276
11100101110		276
11000111100		276
10111100010		276
00101011110		276
00011010101		276
11110000010		275
11011011000		275
11010010110		275
11010001110		275
11001011100		275
11011000111		274
11000000010		274
01101100101		274
01100101110		274
01000011101		274
11111110011		273
11110111110		273
11000000100		273
10110011001		273
01001000110		273
11101111010		272
11100000111		272
11011001011		272
10101000101		272
01001011000		271
00100010100		271
11101000101		270
10101101111		270
10001010110		270
11111011001		269
11101100100		268
11001111011		268
11000011010		268
01001100110		268
11001100111		267
10110010101		267
10101100010		267
11101110000		266
11101101101		266
11101100011		266
10110010110		266
10010111001		266
00100000110		266
01111111000		265
11111001110		264
11101001111		264
11001000011		264
11000101111		264
01101101101		264
11011110001		263
11011000101		263
11010111010		263
10111111110		263
01111101100		263
01011101111		263
00011110011		263
00010011000		263
11111000100		262
11101000011		262
00000011011		262
11101011101		261
11010101011		261
01111000011		261
10011111101		260
10000001100		260
01101111000		260
01001111000		260
10111010100		259
10110100001		259
10110001110		259
10100000100		259
01111100010		259
11011000001		257
10001111110		257
01101111011		257
11110100111		256
11110010100		256
11011100000		256
10100101111		256
11001011001		255
10111101111		255
10110010100		255
11000100001		254
10010111000		254
10010110001		254
01111011110		254
01110100010		254
11110001101		253
10111100100		253
11001111001		252
10111000011		252
10100001100		252
01110101011		252
11100100111		251
11100100101		251
11010100010		251
11000101101		251
10100010100		251
10011001110		251
11110111000		250
11110100101		250
11010101111		250
11010101101		250
11011101001		249
11001001110		249
10110101110		249
01100110001		249
01000011001		248
11011000011		247
01111011010		247
11111100101		246
11010000110		246
01101110001		246
00000010110		246
11100100001		245
11100010111		245
11010001010		245
00011010110		245
11011100010		244
01011100100		244
00111010110		244
11100001110		243
11010000001		243
11000011001		243
10010001010		243
01110001111		243
00001010110		243
11111000111		242
11111100010		241
11101101111		241
10101111001		241
10101000010		241
01100011110		241
11111001000		240
11110101101		240
11011100111		240
11001100100		240
11001010110		240
11000111010		240
10111001001		240
01010101001		240
11101100000		239
11100101011		239
10110001001		239
10010001001		239
01111100001		239
00001111011		239
11111101000		238
11111100000		238
11101111111		238
10101000111		238
01101101001		238
11111111011		237
11110100011		237
11110100000		237
11110001011		237
11011101011		237
11001010100		237
10101010111		237
10100101010		237
10011010100		237
01110100001		237
11111011111		236
11000101100		236
01110011001		236
11100000101		235
11001010101		235
10101111110		235
10100011001		235
10100011000		235
10011101110		235
00110011010		235
00101010110		235
11100100000		234
10111001010		234
10110110001		234
10000000010		234
01100101101		234
00111111011		234
11100001000		233
11000000011		233
00100111000		233
11111101100		232
11101100010		232
11011111000		231
11001011010		231
01111000101		231
11111100001		230
11011101100		230
11010101001		230
10101101100		230
01100100110		230
00100011001		230
10000000100		229
01101010101		229
11110101010		228
11110011111		228
11011110000		228
11001100000		228
10100000011		228
01010101010		228
01000010100		228
00110011001		228
11111111000		227
11010100110		227
11111101111		226
11010111110		226
11001100101		225
01111000110		225
11101010101		224
11100100110		224
11111001011		223
11001101100		223
11001101000		223
10101101110		223
10101001110		223
11111100111		222
11100111001		222
11010000011		222
11001101010		222
11011001001		221
10000101011		221
00101011010		221
11011100101		220
11011010100		220
10101001010		220
01101010100		220
10111001110		219
11111111010		218
11111000110		218
11011100001		218
10111100110		218
11110100010		217
11101101010		217
11100000110		217
10011100110		216
10000000011		216
11110001001		215
10100111110		215
10011000110		215
00001011010		215
11100100010		214
01110101001		214
11101101100		213
00011111010		213
11111110000		212
11110011000		212
11100000100		212
11001000110		211
01101111001		211
01001000010		211
11110110000		210
11010101100		210
10111000110		210
10101001011		210
11110101100		209
11001101101		209
11000110000		209
10110000110		209
11111000010		208
01100101011		208
11111111110		207
11111010101		207
11101111110		207
11000101010		207
01011100110		207
11111111001		206
11101101011		206
01011000100		206
11101111011		205
01001111001		205
00110010100		205
10001000110		204
11011101010		203
11010110000		203
11000101110		203
11101001110		202
10101000110		202
00111010100		202
11111100100		201
11101111000		201
11101101000		201
11101100111		201
10100011010		201
01111001110		201
11011101111		200
11110000000		199
11011100100		199
10110101111		198
10100101110		198
01010011000		198
00101110001		198
00100011000		198
10100001010		197
11011100110		196
10011111000		196
11111001001		195
11100010100		195
11001111010		195
00110100111		195
11011010110		194
10101100001		194
10100000010		194
11101100110		193
11101100101		193
11101011010		193
11100110010		193
11010111001		193
11010101110		193
01001101010		193
11100011010		191
10011111001		191
10001001010		191
10000100010		191
01101000010		191
11101111001		190
11100101100		190
11001111000		190
11011111111		188
01100100010		188
01011001101		188
11100111101		187
11010101010		187
10110000001		187
01100011011		187
01010000100		187
11110101000		185
11010101000		185
10000101010		185
11101000111		184
00011110001		184
11010011000		182
01101000111		182
01001000011		182
00110111001		182
11111100110		181
11001000101		181
10111000000		181
01000011010		181
11000000000		180
11010000010		176
11111101001		173
11110101110		173
11110011001		173
11011111001		173
11011001110		173
11100011011		172
11011000110		172
01110000011		172
01101000110		172
00101110011		172
00010111010		172
11011111011		170
11111101110		169
10111101110		169
11011010101		167
10101010110		167
01001001111		167
11101001001		166
01010000010		165
00010100111		165
11100101111		163
11001101111		163
11111010110		162
01110000100		162
00100111010		162
01111101010		161
01101011000		159
00111100110		158
00000111001		158
11011001010		157
00101010100		157
00000011010		157
11011000100		156
11000101000		153
11100000011		152
10100100001		152
01110011011		152
01101001111		152
01011100000		152
10101101001		151
01010011010		151
11110000001		150
11000100010		150
10111010110		150
00111110011		150
01011101000		149
01101011010		148
11101101110		146
11101000100		146
01100011001		146
01010001110		145
00001110011		144
11011101110		143
00101111010		143
11110101001		142
01111001101		141
11100000010		140
01011001011		140
00110111010		140
01010100000		139
00100011010		139
11101000110		138
10100000001		137
01101101010		136
01110000010		135
01011000001		135
01010001011		135
10110100000		134
10111100000		133
01100100001		133
10100101001		132
10001101001		131
01010001101		131
11001101110		130
10011100000		130
01000011011		130
00110110011		130
00110110001		130
01101000011		129
00000111000		129
01001101001		128
11101101001		127
11111101101		126
10011101000		126
00010110011		126
01111000100		125
01100101001		125
11100101001		124
10101001001		124
01110101010		124
01001100001		123
00111110000		123
01101000100		122
11100101010		121
10100100010		121
10101000001		120
01110000101		120
01100011010		120
01110011000		119
11011111110		118
10001100001		118
01001000100		118
00011001111		118
01101100001		117
00010011010		117
10000101001		116
00101110000		116
00001111010		116
00111111010		115
01100011000		114
00011110010		112
00000111010		112
01000001111		111
00101100111		110
11001100110		107
10010100000		107
10000001001		107
01100001111		107
01000000010		107
00010001111		107
00011110000		106
00001100011		106
01001000101		105
10000100001		103
01111000001		103
01000100001		103
00011100110		103
01110001101		102
00100100111		101
11100000000		100
10001001001		98
01110001100		98
00101100110		98
10100001001		97
01011001001		97
01001001110		97
01110001110		94
01000001101		94
10110101000		93
10000001010		93
01101001110		93
00000110011		92
01000101001		91
01110011010		90
01001001011		90
01000011000		90
00100110011		88
11011010001		87
01111001100		87
10011001000		86
01010101000		86
01100000010		85
00110001111		85
00100100011		85
00001110001		85
10111101000		84
01100000011		84
00111001111		84
00000100101		84
01110100000		83
01000101010		83
01000001011		83
00100110001		83
00010100101		83
01011001100		82
00000100111		82
01100001011		81
01000000011		81
00000101101		81
10001000000		80
01110101000		80
01000001110		80
00001100001		80
00100001111		77
00010110001		77
00010100100		77
10010101000		76
01010001100		76
00001101100		76
00000110001		76
00000100100		76
01001001101		75
00101100011		75
00110100100		74
00001001111		74
01000001001		73
00001100101		73
00000101011		73
00000100110		73
01101100000		72
00101100010		72
00010000101		71
10101000000		70
01111101000		70
01101000101		70
01010000001		70
00110101101		70
01100001110		69
00111110010		69
00101100100		69
01111100000		68
01101001101		68
01001000001		68
00101001101		68
10100100000		67
01011000000		67
00100101100		67
00001001101		67
01110001011		66
01001101000		66
00111101101		66
00101110010		66
00011101011		66
00011000100		66
10001001000		65
01001001100		65
00111100011		65
00010100011		65
00010001110		65
00001100111		65
01000000101		64
00110100110		64
00100101111		64
00011101100		64
00011100011		64
00011000101		64
10000001000		63
00100100110		63
00000100011		63
00000001101		63
01000001010		62
00111001110		62
00111001100		62
00110100011		62
00011000011		62
00001110010		62
00001001011		62
10101100000		61
00110101100		61
00001110000		61
00001100010		61
01101000001		60
01000001100		60
00100100101		60
00011001100		60
00001101011		60
10010000001		59
01110110100		59
01110000001		59
01101001011		59
01100000101		59
00110100101		59
00010110010		59
00010001100		59
00001101101		59
01001100000		58
00101101011		58
00010100001		58
00000101111		58
10000000001		57
01111001010		57
01110001001		57
00110110010		57
00101101101		57
00011100101		57
00011100010		57
00010101011		57
00010001011		57
00001100100		57
00101000011		56
00011000010		56
10001000001		55
00101101111		55
00100100100		55
00011001011		55
00010000011		55
01101000000		54
01100101010		54
01100001101		54
01010001010		54
01001001000		54
00111100001		54
00001000011		54
10011000000		53
10001101000		53
00100001011		53
00011101001		53
00011001101		53
10110001000		52
10101101000		52
01010001001		52
00111101010		52
00011100100		52
00000001111		52
01111001011		51
01100100000		51
01100001100		51
01010001000		51
01000000100		51
00101100101		51
00100110000		51
00011101010		51
00010101100		51
00010100010		51
00001000010		51
01110001010		50
01100000100		50
01011001010		50
00110100001		50
00101001111		50
00010101101		50
00001001110		50
00000110010		50
00000100010		50
01101101000		49
01101001100		49
01000101000		49
00111000011		49
00010110000		49
00110110000		48
00110001100		48
00110000100		48
00100001101		48
00010001001		48
00001000100		48
00001000001		48
00000000101		48
00000000100		48
10110000000		47
10000000000		47
01100000001		47
01001001001		47
00100110010		47
00100001110		47
00010100110		47
00001000101		47
00000001011		47
10111001000		46
01100101000		46
01011001000		46
00111000101		46
00101100001		46
00101001100		46
00011101111		46
00010101010		46
00000001010		46
10010010001		45
01001000000		45
01000100000		45
00111100101		45
00111001101		45
00110101110		45
00110001110		45
00110001011		45
00001001100		45
01111001001		44
01000000001		44
00111100010		44
00110000011		44
00101101100		44
00000101100		44
00000000011		44
00111101111		43
00101001010		43
00100101001		43
00000101001		43
00000001110		43
10001010011		42
01101001010		42
00110000101		42
00100000101		42
00000001100		42
00000001001		42
10110010001		41
10100101000		41
10010001000		41
10010000000		41
00111000010		41
00101101010		41
00100101101		41
00011001110		41
00010101111		41
00001101111		41
00001001010		41
00110001101		40
00101000100		40
00100001100		40
00100001001		40
00011101110		40
00011101101		40
00011100001		40
00001101001		40
00001100110		40
00111101001		39
00111001011		39
00110101111		39
00110101011		39
00110000010		39
00011100000		39
00010001101		39
00010000100		39
00111110100		38
00111100100		38
00100000100		38
00000101010		38
00000100001		38
10001100000		37
10000101000		37
00111101100		37
00110000001		37
00101101110		37
00001101010		37
00000110000		37
11111010000		36
10101001000		36
10000100000		36
01110001000		36
00111101110		36
00111000001		36
00101000010		36
00000110100		36
00000101110		36
01001001010		35
00101000000		35
00100101011		35
00100100010		35
00010101110		35
01111000000		34
01101001001		34
00100101110		34
00011001001		34
00010001010		34
01111001000		33
01010000000		33
00101001000		33
00101000101		33
00100100001		33
00011000001		33
00010101001		33
00010000010		33
01100001001		32
00111000000		32
00110100010		32
00001101110		32
11110010000		31
01100000000		31
00100000011		31
10001010000		30
01100001000		30
01000001000		30
00111001010		30
00111000100		30
00100000001		30
00011001010		30
00010100000		30
00000001000		30
10001010010		29
01100001010		29
00111101011		29
00110100000		29
00100001010		29
00101101000		28
00101001110		28
00001000000		28
00000000001		28
11100010001		27
10100010000		27
10011110111		27
00110101010		27
00101100000		27
00100101010		27
00011000000		27
00001001001		27
00000000010		27
10100001000		26
01111010011		26
00101001011		26
00011110101		26
00001100000		26
11011010010		25
10000110100		25
01101001000		25
00111100000		25
00110001001		25
00011101000		25
00011001000		25
01001010011		24
01000110111		24
00111001001		24
00101001001		24
00010000000		24
00000101000		24
10000110101		23
01110000000		23
00111001000		23
00110101001		23
00101101001		23
00101000001		23
00000100000		23
11111010011		22
00110001010		22
00010110101		22
10100000000		21
00001101000		21
01000000000		20
00110101000		20
00100100000		20
00100000010		20
00010101000		20
00010000001		20
00001001000		20
00111101000		18
00110001000		18
00000010001		18
11110010011		17
00100101000		17
00010001000		17
00000000000		17
11000010001		16
01001110111		16
00100001000		16
10100110111		15
01001010010		14
00010010001		14
00110000000		13
11101010011		12
11001010011		12
01011010001		12
01000110110		12
11101110100		11
10101010000		11
01110110101		11
01100110101		11
01100010010		11
01010010001		11
00011010000		11
11111010001		10
11101010010		10
10001110101		10
11001010010		9
10111010000		9
10101010010		9
10100110100		9
01111010010		9
00111010000		9
00101010000		9
11011010000		8
01110010000		8
00110010011		8
00100010011		8
00010010000		8
11101010001		7
11100110111		7
11100010000		7
10110010000		7
10010110100		7
01000010010		7
00111010011		7
11110010001		6
11010010000		6
10011010001		6
10000010001		6
01101010011		6
01011010000		6
00111010010		6
00000110110		6
11110110110		5
11011110101		5
11000010011		5
10101010001		5
10100010001		5
10011010000		5
10010110101		5
10010010000		5
01111110100		5
01101110100		5
01010010010		5
00110110111		5
00100000000		5
11111010010		4
11010010001		4
10111010001		4
01101010000		4
01100010011		4
01001010001		4
01001010000		4
01000110101		4
00100010001		4
00000110111		4
11010110100		3
11001010000		3
11000110100		3
10111110100		3
10101110111		3
10100110101		3
10001110111		3
01111010000		3
01100010001		3
01011110111		3
01011010011		3
01011010010		3
01001110110		3
00111110101		3
00110110100		3
00011010011		3
00000010000		3
11110110100		2
11101110101		2
11100110100		2
11100010011		2
11011110110		2
11010110110		2
11010010010		2
11000110111		2
10111110101		2
10110110101		2
10110010011		2
10101110100		2
10101010011		2
10100010011		2
10100010010		2
10011110110		2
10011110100		2
10011010010		2
10000010011		2
01111110101		2
01111010001		2
01110010011		2
01101010010		2
01100110111		2
01100110100		2
01011110101		2
00111010001		2
00110110110		2
00110010000		2
00101010011		2
00100010010		2
00100010000		2
00011110100		2
00011010001		2
00010110110		2
00010010011		2
00001010011		2
00001010010		2
11111110101		1
11111110100		1
11110110111		1
11110110101		1
11110010010		1
11101110110		1
11101010000		1
11100110110		1
11100110101		1
11011010011		1
11010110101		1
11010010011		1
11001110111		1
11001010001		1
11000010010		1
11000010000		1
10111110111		1
10111010010		1
10110110111		1
10101110101		1
10100110110		1
10011110101		1
10010110111		1
10010010011		1
10010010010		1
10001010001		1
10000110110		1
10000010000		1
01111110110		1
01110010010		1
01110010001		1
01101110110		1
01101110101		1
01101010001		1
01011110110		1
01011110100		1
01010110111		1
01010110101		1
01010010000		1
01000010011		1
01000010001		1
00110110101		1
00110010010		1
00101110111		1
00101110110		1
00101110101		1
00100110111		1
00100110101		1
00100110100		1
00011110110		1
00001110111		1
00001110101		1
00001010000		1
00000110101		1
00000010011		1
