01000001011		1760
01000001101		1708
00011100010		1622
01111001101		1621
00010001101		1603
00100001111		1585
00001100001		1561
00100001110		1554
00101100011		1551
00011001100		1518
01000001111		1517
00000001101		1483
00010100100		1473
10000001100		1466
00110001111		1462
00101001111		1438
00111001100		1431
01011001100		1411
01011001011		1411
00100100111		1403
01011000000		1399
00001001100		1385
00101100010		1382
00100100110		1352
00011100011		1348
00010001111		1339
00111001101		1332
00101100001		1331
00011001011		1329
00000001111		1318
10001101001		1315
00001001111		1297
10001100001		1291
00000100010		1282
00100001101		1276
01000001110		1273
00110001110		1270
01100001110		1258
00000001110		1254
00010001011		1252
00011001101		1249
00001100011		1243
00101001110		1239
10001100000		1234
00000100100		1233
01000001010		1223
00000001011		1214
00011100001		1213
01011001101		1202
00001001000		1201
00000101001		1196
00100101111		1188
01001001111		1182
00001001101		1175
10001001000		1165
00000001001		1158
01101001111		1157
00001100000		1156
01111001100		1155
01100001111		1154
00010001100		1149
00010100000		1147
01001001101		1145
01000001100		1145
01010001110		1140
00101001001		1140
00001000011		1135
00111000000		1134
00101001101		1132
00110101101		1131
00011101000		1126
01010001101		1116
00101000011		1115
00101100110		1114
10000001010		1112
00001101011		1112
01110001101		1111
01010001111		1111
00101001010		1104
01110001110		1099
01010001000		1099
01011000001		1098
01000000101		1094
00111100100		1093
01001001100		1089
00011100000		1089
00000100110		1085
01001000011		1084
00010001001		1082
00101101111		1079
00100100100		1076
00100100001		1076
10000100010		1075
01001100000		1073
00000001100		1073
00000001000		1071
10001001010		1066
01110001100		1066
01011001010		1065
00001001001		1061
00010101010		1058
00100100011		1056
00111001111		1050
10001001100		1043
00100101000		1040
00011000000		1039
00010100101		1038
10001100010		1035
00111100011		1035
00101001000		1034
00110101111		1029
00011000100		1026
10011001000		1024
00011000011		1024
00000100001		1023
00111001001		1022
00101101011		1016
00100001010		1015
00001001110		1014
00101100000		1013
00110100111		1007
00100001100		1007
00010100111		1005
10001001001		1003
00011001111		1002
10000001000		1000
01101001101		1000
00010000100		996
10101100001		995
01100001100		995
10011100000		994
00010100011		994
00110001011		993
00000101101		990
00001100111		989
00110001000		987
00101101101		986
00110001001		985
10000001011		980
00011001001		980
00000100111		978
00011001010		972
00101000010		971
00000101100		969
01100001011		968
00100101110		966
00001000100		966
00001001010		963
00000000101		963
00000001010		962
01101001110		961
10100100000		960
00010100110		957
10000000000		949
00101110011		949
01010001010		947
01001001011		947
10100100001		944
00101100100		944
01000001000		942
00001000010		942
10111000000		941
01101100000		941
00110001101		940
10001000000		938
00010001000		937
01011001001		936
10000001001		933
00101001011		932
00011000101		932
10101101000		928
00000101011		928
01101001011		927
00100101100		927
00001000000		926
00000101000		926
00110100101		925
00110001100		925
00101000001		925
01001000000		924
00000100101		924
00000100011		923
00001101001		922
00011001000		921
10000001101		920
01001100001		919
00011000010		919
00000101010		919
00100100101		918
10101100000		917
01101001000		917
01100001101		915
00010001110		915
10011000001		912
00110000100		911
00010000011		908
00001110011		908
00001000001		908
01101000001		907
00101101000		904
00101001100		904
00010100001		904
00101000101		903
00010101110		902
10110100000		901
01010001100		901
00111000001		901
01011001000		897
00110100001		895
10101100010		892
01110000100		892
00011000001		892
00101100111		891
10001100011		887
00001110010		887
10111100000		886
01001101000		885
00100001011		885
00111110000		884
10110001000		879
01101001100		879
01000100001		878
10001000001		877
00111001011		877
01101101000		875
10001001011		873
00111101011		872
00100000101		870
01011001110		867
00001100110		867
10001001101		865
00010001010		865
01001000001		864
00000000011		862
10011000000		861
00001001011		860
10100001100		857
10001000011		857
00101110010		857
01011001111		856
00000000001		856
00010000010		853
00001101100		850
10000100001		845
00111110011		845
00111000011		844
00100100000		844
00011101010		844
00011100110		841
00001100010		841
00111001110		838
00011101100		838
01010001011		834
00010101111		833
00010101100		831
01010000000		830
01100100000		826
00000100000		825
00001100100		823
00011101101		821
01101000000		816
01111001011		815
00000110011		815
00010000000		813
00010101001		812
00111100001		811
00101000000		809
10000100000		808
00001101101		806
00101000100		804
00010111010		804
01100100001		803
01010001001		801
00000000100		801
01000101000		797
00010101011		796
01011101000		794
00100001000		794
01001001000		793
01111001010		791
00110100100		789
00110100000		789
10000101001		786
01011100000		786
00100101011		786
00000101111		783
01001001010		778
01001001110		777
00001000101		777
01101000011		776
10100001000		774
00100000001		774
01001011000		772
00100000100		772
00110100110		771
00110100010		768
10100001010		765
00111101111		764
00011101001		764
01110001010		762
10011101000		760
00110101110		759
00101101010		759
10011001001		755
00111000101		753
10111000001		747
10100100010		747
01001000010		746
00011110011		745
01110001111		739
01101000010		738
00001100101		738
10000101000		736
00110101011		736
01000001001		734
00000110001		734
01001001001		732
00111000010		731
10101001010		729
00110101010		729
00110100011		729
10011001010		728
00001101111		727
10000000010		724
01111100000		723
01010100001		723
00101110000		722
01110001011		720
01011000101		720
00100000011		719
00011100101		719
00001101110		716
00110101100		714
10001000010		713
00001101000		713
01111001001		712
10001101000		710
00100101101		710
00110001010		709
01000000011		708
00111101010		708
01101000100		705
01010000101		705
10011001011		703
01101001001		702
00000000010		702
01010000100		701
00111100000		701
00000000000		701
01111001111		700
01111001110		700
01001000100		700
00010000101		697
10010001000		696
00010110010		696
01101100001		693
00100100010		693
10101001000		692
01001100010		691
10100100011		690
00001101010		690
01000000100		689
10011101001		687
01111000001		687
00011110010		687
01011000100		685
00101101110		683
01000101100		682
01000100000		680
00010101000		679
10100101000		678
10000100011		677
00011101011		677
10101001100		676
00111101100		676
00100101010		675
00010100010		675
10110101000		673
00000110010		673
10010100001		672
01100000101		672
01010100000		672
00111100110		672
10100001001		669
00110000101		667
00000101110		667
00011001110		665
00111100101		664
00111101101		663
00111001010		661
10010100000		660
00111001000		659
10010001001		655
00111101000		655
00011101111		651
00101101100		650
10111001001		647
00000111010		647
10101001001		646
01110000001		646
01100001010		646
00110000010		646
00100001001		642
10011100010		641
00110101000		640
00010110000		639
01000101001		634
00111100010		632
01101001010		631
10001101011		622
01100000100		622
01110000101		621
00100101001		619
10101101001		618
00011100111		616
10100001011		615
10101000000		614
00000110000		613
01111001000		611
10000000001		608
10111101001		607
10011100001		606
01111000000		606
10001101010		603
00101101001		601
00011101110		599
10111001100		598
00110000000		594
10000101010		590
01111000101		590
01110001001		590
00111100111		590
10111100001		586
01101100010		585
01110101000		584
10100101001		583
10111101000		579
10101000001		578
01101101001		578
00100110011		574
00011110000		574
01001101001		572
10011001100		571
00111110010		570
01100001001		569
01000000010		565
00110000001		565
10100101010		563
01100000001		563
00101100101		563
00001110001		562
00101110001		561
01000100010		560
00100110010		560
10010001011		557
01100001000		557
10110001100		555
00000011111		555
10010001010		552
01010101000		552
00100110000		541
10000000100		538
10101100011		536
10011000010		535
01100000010		535
01100000011		534
10010001100		533
01100000000		532
01111000010		530
01100101000		528
00100011110		523
10110001001		522
10011001101		520
01000000001		519
10101101010		516
00100111010		513
01101000101		510
01010101010		510
01011100001		509
10010000000		503
01001100011		503
10100000001		502
00110110011		502
00111101001		501
01011000010		496
00011011010		496
00111110001		495
01011100010		494
00001110000		493
01010000001		492
10000001110		489
10101001011		487
01010000010		487
10010100010		486
01001101010		485
00000011010		485
01111100001		484
01011101001		484
00101111010		484
00010101101		484
01101101010		483
00000011100		483
10101000011		482
01111101000		482
00110110000		482
00010110011		482
00111000100		480
00011100100		477
01000101101		474
01000000000		474
10110100010		469
10001000100		467
00110101001		466
00010110001		466
10110000001		462
10101101011		462
01011000011		459
00000000111		459
10011100011		458
01110001000		458
10110000000		456
10010101001		456
00100000010		451
00000011110		451
10101001101		450
01100101010		449
01011011000		449
00010000001		448
10100000010		447
10110100001		446
10010101000		445
00110000011		444
10111001000		442
01110100000		442
00001111010		442
10100001101		441
01100101001		439
10010001101		433
00010011010		428
00001011100		428
01011101010		424
00100110001		422
01111101001		421
00010011110		421
00000111011		420
01110101010		418
10000000011		414
01101101011		414
10000000101		413
01111000100		413
01100100010		410
00100000000		410
01001011001		409
01110000000		408
01111000011		405
00000010111		405
01001011010		404
10010101010		402
00000000110		402
01001011100		400
01001000101		400
00011111010		400
00000011101		397
01010000011		396
10111100010		394
10111001011		394
01001101101		388
10011101010		387
00111111010		386
10111001101		382
01001101011		382
00001011010		382
10010000010		380
10001000101		380
01000101010		380
01110000011		379
01000011000		378
00111101110		374
01100011000		373
00001011011		372
00000111000		371
10111001010		370
10101000100		369
00011110001		368
01111011000		367
10000100100		366
01010101001		366
00100011100		366
10011000011		363
10010000100		363
00001011111		363
10110000100		362
01100100101		362
01010011000		362
00001111011		362
10101000010		361
10100000000		361
01111101010		361
01101100011		361
01010100010		359
10100000100		358
10000101011		358
01000100101		357
01001101100		355
10110001010		353
00001111000		352
00101011111		351
01010101100		350
00101011010		350
10110101001		349
00100011111		348
01110100001		347
01100101100		345
10011000100		343
10010000001		342
01111101011		340
10110000010		339
01000100100		338
00011011100		337
00011011011		337
00001011110		337
10111100011		336
10001001111		336
01000011100		336
00010111011		336
01010011100		335
10000001111		334
00011011110		334
10100001110		331
00101011011		330
10111000010		329
00100111000		328
01000100011		327
00010011100		327
00001000110		324
01000011010		323
00111011011		321
00000011000		319
10110101010		317
10110001011		315
00100111011		313
01101011001		312
10100000011		311
10010100011		311
01100100011		311
10110001101		309
00000011011		309
10100101011		307
01000011001		305
00000010100		305
10110100011		304
00001010111		304
01001100101		303
00101000111		303
00100011011		302
01011100011		300
01010100011		297
00110110010		297
01111100010		296
01100011100		296
00100011010		296
01100100100		294
10011101011		293
01001011011		293
01101011000		291
01010100100		291
00100000111		291
00001011101		289
01110000010		288
00001011000		288
01010101101		285
01011011010		282
10100001111		281
10010000011		281
00111111011		280
10001001110		277
00111011010		277
00001010101		277
00011011111		276
10110000011		275
01100101011		271
01010100101		271
01100011010		270
00100010101		268
00101011110		264
01110100100		263
10111101010		259
01101101101		259
01101101100		257
01110101001		256
01110100011		256
00110111010		256
00010011111		254
10110101011		253
01101011011		253
00011011000		252
10001100100		251
00100000110		251
10011000101		250
01100101101		248
00101011100		248
10101001111		247
00101011101		245
00000111110		245
00000010101		244
01111100011		243
10000100101		240
01100101110		238
01100011001		237
10101100100		236
01000011101		236
00100011101		236
10100100100		235
01000101011		234
00110110001		234
10010001110		232
01110101011		232
01001100100		232
00110011110		231
01101011100		230
00010010100		230
01110100010		229
10000101100		228
01011101011		228
00010011000		228
10111101011		225
10111000011		224
01000101110		224
00010010111		223
00100010110		222
00001111001		221
01101100100		220
00110011011		220
00010010101		219
01010011001		217
00010111000		217
01000011111		216
00110011100		215
00011111011		215
10010001111		214
01010011010		213
10101001110		211
00110011111		211
10010100100		210
00110011010		210
00011011101		209
00001000111		209
01110011100		207
01100010100		206
01010101011		205
00101111000		205
01011011100		204
00000111100		204
00101111011		203
10110000101		202
10001100101		202
01110101100		201
01100011101		201
01100010101		201
01001011101		201
01000010100		201
01000011011		200
00010000111		200
10100100101		199
01101010101		198
00000010110		198
01111011010		197
01110101101		197
10110001110		196
01011101100		196
01000010101		195
01100101111		194
10100000101		193
10011001110		192
00111011100		191
00010000110		190
10000100110		189
00100010100		189
00010011101		189
10110001111		188
00101010101		188
10101000101		187
00101010111		186
00011111000		186
10101100101		185
10001101100		185
01111011100		185
00100111110		185
10010000101		183
01111011001		183
01101011101		183
01011101101		183
10011001111		182
01111011011		181
00111011111		180
00010011011		180
01101011010		179
01000011110		178
00011010111		178
10010101011		176
01110100101		176
01100011011		176
01001101110		176
01001010100		175
10111000101		172
00100111100		171
00001011001		171
00110111011		170
00110010101		169
01101101111		168
10111001110		167
01111100100		165
01101101110		164
01101100110		164
11000100000		161
10000101101		161
01101100101		161
00000111001		161
00110011101		160
00100010111		159
00111011110		157
00011000110		157
00001010100		157
10111000100		156
00010010110		156
01001010101		154
01000101111		153
00001111101		153
00100011000		151
01111101100		150
01000100110		150
00110010110		150
01100100111		149
10101101100		147
01111101110		147
01011011001		147
01010101110		147
01000100111		147
10010100101		146
10100100110		145
01111100101		145
01100100110		145
00001111100		144
01110011000		143
00110000110		142
10110100100		141
10001100110		141
00111011101		140
10100100111		138
10001101101		138
00111010111		138
10111001111		137
10100101100		137
01110101110		137
01010011110		136
01111101101		135
10001100111		134
01110010101		134
10110101101		133
00101011000		133
01001101111		132
10100101101		131
01000110011		131
00110111000		131
01110101111		129
01110100110		128
01110010100		128
00110010111		128
00010011001		128
01010110000		127
01010010100		127
01001011110		127
10000100111		126
00100111001		126
01111101111		125
01000000111		125
01010101111		124
01001100110		122
00011111001		122
10011100101		121
01011011011		121
01010010101		121
00101000110		121
00011011001		121
00010111110		121
10110101100		120
01011100110		120
01011100101		120
01011100100		120
01010011101		120
01001100111		120
10111100100		119
10110100111		119
10011100100		118
10010100111		118
01110100111		118
01011010100		118
00000011001		118
01101100111		117
00000111111		117
10101100110		116
00111111110		116
01001110011		115
00111000110		115
00110010100		115
01100011111		114
01011101111		114
01010100111		114
00001010110		114
10010101100		113
01011011110		113
01011101110		112
00011010100		112
00011000111		112
01100011110		111
01010110010		111
00001111110		111
10110100101		110
01110011010		110
00111010101		110
00011010110		110
10011101100		109
01001011111		109
00101010100		109
10010100110		108
00110000111		108
00011010101		108
01011100111		107
00111011000		107
10100101111		106
01101010100		106
01111010110		105
01010100110		105
00111010110		105
00101011001		105
00000111101		105
01110011001		104
10001101111		103
01001110010		103
10111110000		102
01010000111		102
00011111110		102
00101111101		101
10101100111		100
10100101110		100
10000101110		100
01100010110		100
10101101111		99
00101111100		99
10101101101		96
01010011111		96
01101110010		95
10010111010		94
01101110000		94
00101010110		94
01101110011		93
00110011000		93
10110100110		92
01111110011		92
11000001110		91
10010101110		91
01000110010		91
01000110000		91
00111010100		91
01101110001		90
01100000111		89
01011110011		89
10101101110		88
01110011101		88
01011011101		88
00101111001		88
10011101101		87
01111100111		87
01111100110		87
01100010111		87
00111011001		87
10001101110		86
01111011101		86
01111010100		86
00001111111		86
10010101111		85
10110101111		84
01111110000		84
01101011110		84
00111111000		84
10000110000		83
01010111010		83
00011111111		83
10110101110		82
10101110000		82
10001011000		82
10010101101		81
10000101111		81
01100110011		81
10111100101		80
10001110011		80
10000110011		80
01000111010		80
10101110011		79
01100111010		79
10001110010		78
10101110010		77
10011100111		77
11001001000		76
10111101100		76
01010011011		76
01000010111		76
10111100111		75
10001011100		75
01111110010		75
01110011110		75
01011110010		75
01011110000		75
10011100110		74
10000110001		74
01001110000		74
10111110011		73
10000011010		72
10000000110		72
01111011111		72
01000111111		72
00101111110		72
01011000110		71
01001110001		71
01000110001		71
01000000110		71
00011111101		71
10010110010		70
00010111100		70
11000100001		69
10111101101		69
10111100110		69
00101111111		69
01101011111		68
00010111001		68
10111101111		67
01000111011		67
10111110010		66
10011110010		66
10000111010		66
10000110010		66
01111010101		66
01100110000		66
01000010110		66
10100111110		65
10011110011		65
01010110011		65
00100111101		65
11001000000		64
10011110000		64
10000011000		64
01001111010		64
00011111100		64
10100110010		63
01110110000		63
01100110010		63
10011101111		61
10010011100		61
10001011010		61
01110011011		61
01100000110		61
11001000001		60
10000111011		60
10000000111		60
01110110011		60
01010010111		60
10100110011		59
10011011010		59
01111110001		59
01010000110		59
00100011001		59
10011101110		58
10000011100		58
10000011011		58
01011011111		58
01010110001		58
10100011111		57
10010110000		57
01001111100		57
00110011001		57
10101110001		56
10011011011		56
10001110001		56
10111101110		55
10001000110		55
10000011111		55
01101111010		55
01010111011		55
01001010111		55
10010011010		54
10001110000		54
10001011011		54
10110110011		53
10100011110		53
01110000111		53
01001010110		53
00100111111		53
11111001110		52
10100111010		52
10100011100		52
10001010101		52
11000001101		51
10110110000		51
10010110001		51
01111111010		51
01111011110		51
01100110001		51
00110111110		51
11000001000		50
10100110001		50
10100110000		50
10000011101		50
01101010111		50
10111110001		49
10101011111		49
10010110011		49
10001111011		49
01111010111		49
01110011111		49
01101000111		49
01001111000		48
00110111111		48
10101011011		47
10101010101		47
10100011011		47
10001011001		47
01110000110		47
01101000110		47
10111011010		46
10001011101		46
01001000111		46
00111111001		46
01011111010		45
00111000111		45
10001111010		44
10000011110		44
01001111011		44
01001000110		44
10101011001		43
10100011010		43
10011110001		43
01011111110		43
01011110001		43
00111111101		42
10110110010		41
10001011110		41
01110110001		41
01100111011		41
01011010101		41
00011010010		41
11101000000		40
10101011100		40
10101011010		40
10011000110		40
10001111000		40
01110110010		40
01101010110		40
11101000001		39
11100001000		39
10111011011		39
10001011111		39
10000010100		39
01100111000		39
10110011010		38
10101000111		38
10011111010		38
10011011000		37
10010011110		37
10000111000		37
10000010101		37
01100010001		37
01000111000		37
00111111100		37
00110111100		37
10100011101		36
01011000111		36
10000010111		35
01000111100		35
10100111000		34
01000111110		34
00010010011		34
11100000000		33
10110110001		33
01111000111		33
01010010110		33
00001010010		33
11001101110		32
10111011100		32
10110011100		32
10101111010		32
10100111011		32
10100010101		32
10011011110		32
10011011100		32
00000010010		32
11001100001		31
10111111011		31
10111111010		31
10110011011		31
10110011000		31
10110010100		31
10101011110		31
10101011101		31
10010011111		31
11001101000		30
10111011000		30
10110011111		30
10101011000		30
10100000111		30
10011011101		30
10010011000		30
01011111011		30
01011010111		30
00010111111		30
10011111011		29
10010000111		29
10010000110		29
10000011001		29
01000010010		29
11101001000		28
10100011000		28
10010010111		28
10001000111		28
01101111011		28
11010100001		27
11000001011		27
10110111010		27
10101111000		27
10101000110		27
10010111011		27
01011010110		27
01010111000		27
01001111110		27
00010111101		27
11111000000		26
11100000001		26
11010000000		26
11000001001		26
10111111000		26
10110011101		26
10011111000		26
10001111001		26
01111000110		26
01110111010		26
01110010111		26
01110010110		26
11010001000		25
10111011001		25
10101111011		25
10011011111		25
10010010100		25
10001111101		25
10000010110		25
01101111000		25
01101010011		25
11000000100		24
10111011111		24
10100010100		24
10100000110		24
10011011001		24
10000111110		24
01111111011		24
01011111000		24
00100010011		24
11111001101		23
11000000000		23
10010011001		23
10001010111		23
10000111100		23
01011111111		23
01000111001		23
11011001001		22
11000000001		22
10110011110		22
10100011001		22
10100010110		22
10011010100		22
10010111000		22
10001111100		22
00110111001		22
11101000011		21
10111011101		21
10011010110		21
10010011101		21
01100111110		21
01010111110		21
01001111001		21
11111001100		20
11110100010		20
11100101000		20
11001001001		20
11000001100		20
10111000110		20
10110010111		20
10100010111		20
10010011011		20
10010010101		20
11111000001		19
11011001000		19
11011000010		19
11001100000		19
11001011110		19
11000001111		19
10101010111		19
10101010100		19
10011010101		19
10001010100		19
10000111111		19
01110111011		19
01100111100		19
11101001010		18
11100100010		18
11100001100		18
10111011110		18
10111010111		18
10110111011		18
01101010000		18
01001111101		18
00111111111		18
00010010001		18
11111011110		17
11101001011		17
11011000011		17
10111010110		17
10110010101		17
10011111110		17
10010010110		17
01111111110		17
01110111000		17
01011111001		17
11010001001		16
11001101011		16
10110011001		16
10101111001		16
10011000111		16
01110111110		16
01101111101		16
01101111100		16
11100001001		15
11011000101		15
11011000000		15
11010100000		15
11001001111		15
11001001100		15
10110010110		15
10100111111		15
10100111100		15
10001010110		15
10000111101		15
10000111001		15
01111111000		15
01011111100		15
01010111001		15
00101010000		15
00100010010		15
11111001001		14
11101111101		14
11101100000		14
11101001101		14
11100001011		14
11011001100		14
10110000110		14
10011010111		14
10001111111		14
10001111110		14
01111010011		14
01111010010		14
01100010010		14
01001010010		14
01000111101		14
11110001000		13
11101001111		13
11101001001		13
11011011111		13
11001111111		13
11001100011		13
11001001011		13
10111010100		13
10111000111		13
10101111111		13
10100111001		13
10010111110		13
01100111101		13
01100111001		13
01011111101		13
01010010001		13
11101100011		12
11100011001		12
11011001010		12
11010000101		12
11001110010		12
11001011001		12
11001000010		12
10111111110		12
10111111001		12
10111010101		12
10110000111		12
10101111101		12
10101010110		12
01101111111		12
01101111110		12
01100111111		12
01001111111		12
11111001010		11
11111001000		11
11110001011		11
11110000011		11
11110000000		11
11100100011		11
11011100010		11
11011000001		11
11010011110		11
11010000011		11
11001000101		11
11000110000		11
11000000110		11
10110111110		11
10011111001		11
01110111001		11
01101111001		11
01001010011		11
00110010011		11
11111111111		10
11111100000		10
11110100011		10
11101011001		10
11101001100		10
11100100001		10
11100100000		10
11100001101		10
11100000010		10
11011001011		10
11010000001		10
11001110011		10
11001011000		10
11001001010		10
11001000011		10
11000000011		10
10110111000		10
01110111111		10
00100010000		10
11101100010		9
11100101001		9
11011011000		9
11011001101		9
11010100010		9
11010001010		9
11010000100		9
11001100010		9
11001001101		9
11000101001		9
11000001010		9
10101111100		9
10011111111		9
10010111100		9
01111111101		9
01111111100		9
01110111100		9
01010111100		9
00110111101		9
00100010001		9
00010010000		9
00000010001		9
11111101010		8
11111100010		8
11110001001		8
11101100110		8
11101000010		8
11100011100		8
11100010111		8
11011010101		8
11010101011		8
11010101001		8
11010100101		8
11010100100		8
11010001111		8
11010001110		8
11010001101		8
11010000111		8
11001101010		8
11001101001		8
11001100100		8
11001001110		8
11000101010		8
11000101000		8
11000100011		8
11000100010		8
10101111110		8
10010111111		8
10001010011		8
01100010000		8
00001010011		8
11111100100		7
11111000100		7
11110101100		7
11110100100		7
11110010111		7
11110001110		7
11110000001		7
11101101010		7
11101011000		7
11101000101		7
11100100111		7
11100100110		7
11100011101		7
11100001111		7
11100001110		7
11100000011		7
11011101001		7
11011100011		7
11011001111		7
11010010100		7
11001000100		7
11000100100		7
11000011100		7
10100111101		7
10011111101		7
10011111100		7
10010111001		7
10001010010		7
00110010001		7
00101110101		7
00011010000		7
11111110011		6
11111101000		6
11111100011		6
11111100001		6
11111011011		6
11111011001		6
11111000011		6
11110101010		6
11110100111		6
11110100001		6
11110001101		6
11110001010		6
11101111001		6
11101110011		6
11101101101		6
11101101100		6
11101101000		6
11100101110		6
11100101011		6
11100100100		6
11100011011		6
11100001010		6
11011101011		6
11011011011		6
11011000100		6
11010101111		6
11001111001		6
11001101100		6
10111111111		6
10111111100		6
10110111111		6
10110111001		6
01111111111		6
01011010010		6
00111110100		6
00000010011		6
11111101100		5
11111101011		5
11111101001		5
11111011100		5
11111001011		5
11111000101		5
11110110000		5
11110100000		5
11110000010		5
11101110010		5
11101101011		5
11101101001		5
11101100100		5
11101100001		5
11101001110		5
11101000100		5
11100101101		5
11100101010		5
11100100101		5
11100011110		5
11100000111		5
11100000101		5
11011111010		5
11011101100		5
11011101000		5
11011100000		5
11010111011		5
11010101000		5
11010011100		5
11010010101		5
11010000010		5
11001100111		5
11001100101		5
11001011100		5
11000111010		5
11000110001		5
11000101110		5
11000101101		5
11000101011		5
11000100111		5
11000100110		5
11000100101		5
11000000111		5
11000000101		5
11000000010		5
10011010010		5
01111111001		5
01110010001		5
01011010000		5
00111010011		5
00101010011		5
00101010001		5
00010010010		5
00000110110		5
11111101111		4
11111001111		4
11111000010		4
11110111011		4
11110101101		4
11110101001		4
11110101000		4
11110100110		4
11110011110		4
11110001111		4
11110001100		4
11110000110		4
11110000101		4
11101101111		4
11101101110		4
11101100101		4
11101011111		4
11100110011		4
11100101100		4
11011111101		4
11011101101		4
11011101010		4
11011100101		4
11011100001		4
11011011110		4
11011011101		4
11011011100		4
11011001110		4
11010100110		4
11010011111		4
11010010110		4
11010001100		4
11010001011		4
11001110001		4
11001101101		4
11001100110		4
11001011011		4
11001010100		4
11000111000		4
11000011110		4
10111010010		4
10100010010		4
10010111101		4
01110010010		4
01100010011		4
01011010001		4
01010111101		4
01000010011		4
00111010000		4
00101010010		4
00000110111		4
00000110100		4
11111110000		3
11111100110		3
11111100101		3
11111011111		3
11111011010		3
11110110010		3
11110100101		3
11110011100		3
11110000100		3
11101111010		3
11101111000		3
11101110000		3
11101011110		3
11100111000		3
11100101111		3
11100011010		3
11100011000		3
11100010000		3
11011111100		3
11011110011		3
11011101110		3
11011100100		3
11011011001		3
11011000110		3
11010110001		3
11010101110		3
11010101010		3
11010100011		3
11001101111		3
11001011111		3
11001011010		3
11001010111		3
11001000111		3
11000111111		3
11000111110		3
11000111100		3
11000111011		3
11000011011		3
11000011001		3
10111111101		3
10100010001		3
10100010000		3
01110111101		3
01110110100		3
01010111111		3
01010010011		3
01000010001		3
01000010000		3
00111010010		3
00111010001		3
00110010010		3
00101110100		3
00011010001		3
00001110110		3
11111111011		2
11111111010		2
11111110001		2
11111101110		2
11111100111		2
11111011101		2
11111010111		2
11111010110		2
11110111101		2
11110101110		2
11110101011		2
11110011111		2
11110011001		2
11110011000		2
11110000111		2
11101111100		2
11101100111		2
11101011011		2
11101011010		2
11101000110		2
11100110000		2
11100011111		2
11100010101		2
11100010100		2
11100000100		2
11011111011		2
11011110010		2
11011101111		2
11011100111		2
11011011010		2
11011000111		2
11010111111		2
11010111110		2
11010111101		2
11010111000		2
11010110010		2
11010110000		2
11010101101		2
11010100111		2
11010011011		2
11010011010		2
11010011001		2
11010011000		2
11010010111		2
11010000110		2
11001111011		2
11001111000		2
11001011101		2
11001010101		2
11000111101		2
11000110010		2
11000101100		2
11000011101		2
11000011010		2
11000010101		2
11000010100		2
10110111100		2
10101010010		2
10011010001		2
10010010011		2
10001010001		2
10000010010		2
01110010011		2
01110010000		2
01101010010		2
01011010011		2
01010010010		2
01010010000		2
00111110101		2
00110110111		2
00101110111		2
00011110100		2
00011010011		2
00010110101		2
00001110111		2
00001110101		2
11111110010		1
11111101101		1
11111011000		1
11111000111		1
11111000110		1
11110111110		1
11110111010		1
11110111001		1
11110110011		1
11110110001		1
11110101111		1
11110011010		1
11110010110		1
11110010101		1
11110010100		1
11110010011		1
11101110001		1
11101011100		1
11101010101		1
11101010100		1
11101000111		1
11100111100		1
11100111010		1
11100111001		1
11100110001		1
11100000110		1
11011111001		1
11011111000		1
11011110001		1
11011110000		1
11011100110		1
11011010111		1
11011010110		1
11010111100		1
11010111010		1
11010111001		1
11010110011		1
11010011101		1
11010010000		1
11001111101		1
11001110000		1
11001010110		1
11000111001		1
11000110011		1
11000101111		1
11000011000		1
11000010111		1
10111010011		1
10110110110		1
10110010010		1
10110010001		1
10101010011		1
10101010000		1
10100110100		1
10100010011		1
10011010000		1
10010010001		1
10010010000		1
10001010000		1
10000010011		1
10000010001		1
01111110111		1
01111110110		1
01111010001		1
01101110100		1
01001010001		1
01001010000		1
00111110111		1
00111110110		1
00110110110		1
00110110100		1
00110010000		1
00101110110		1
00100110111		1
00100110110		1
00100110101		1
00011110111		1
00011110110		1
00011110101		1
00001010001		1
00000010000		1
