11011111101		1936
11011011111		1812
11110011101		1591
11111011110		1515
11010111101		1485
11110111111		1455
11010111111		1400
10110011111		1370
11000111101		1361
10011111111		1361
11110111101		1338
10010111111		1312
11001111111		1294
11111111100		1291
11010100101		1279
11001011110		1249
11001111110		1235
10111011101		1232
11011100110		1230
10001011111		1225
11010111100		1223
11110011110		1215
11001011101		1215
11001100111		1213
11000011101		1209
11011100111		1207
11111010111		1203
11101100111		1200
11001111101		1200
11111011101		1191
11010011111		1181
11011111100		1180
11111111101		1174
11101010111		1166
10011011100		1155
10000011111		1150
11000111100		1145
11000010110		1144
11000011110		1142
11101111101		1141
11111111111		1135
11011010111		1132
11010100110		1132
11111110001		1128
10011111110		1125
11011011101		1123
10011010110		1122
01011111101		1115
11010100111		1114
11110100111		1108
11100011111		1108
11010011101		1095
11010011100		1095
10000010111		1094
11111100110		1092
11010100100		1092
11011011110		1086
11010010111		1086
11110011100		1085
11101010100		1084
11110100110		1081
11000011111		1081
11000100111		1072
10110111111		1071
11111100111		1070
11110010101		1070
11110000110		1068
11110000111		1061
10010011101		1060
10101011111		1057
11110010111		1056
10010111101		1056
11000100110		1055
11100111111		1048
11001000111		1044
11001110011		1043
10001111111		1035
11100011110		1033
11101111111		1018
10000111101		1016
11001011111		1011
01010111101		1011
11000011100		1010
10101011110		1009
11111011010		1008
11011111111		1007
10111011110		1007
11100111100		1005
11000111111		1004
10001011100		1004
01010100111		1004
11000010111		1003
10011011110		1002
10110011101		1001
11111010110		999
11001111100		995
11001010111		995
11111010100		991
10011011111		989
11101011110		988
10011011101		983
11111000111		981
10001011110		978
10100111111		976
10101011101		974
11110111001		972
11011011100		972
10100011110		972
10010000111		968
11101010110		967
11011100101		967
11000111110		967
11100010110		965
11011000111		965
11000100101		962
11011011011		958
11100010101		956
11111100011		955
11011111110		952
10101011100		952
11000010101		951
10000011101		948
10000010110		948
11100000111		946
10110011100		946
10111111101		945
11101011111		940
10000111111		940
10100011111		938
10010011111		937
01011111100		935
10111000111		934
10001010110		934
11110010110		931
10001011101		930
11010111011		925
11111001101		923
11110101111		918
10001011011		917
11011110011		915
11110111110		913
11101101111		909
10011111101		909
11100100111		906
11010101111		902
11001010110		901
10110111110		900
11000000110		897
11010111110		893
11011111010		886
10001010101		885
01010111111		883
10011111100		882
11100011100		881
11010001111		881
11110001111		875
10110011110		873
11101111110		872
10011010111		870
11100111101		868
10111011111		861
11000000111		860
11010110001		858
10111011011		857
01011111111		856
11100000110		854
10111010111		853
11111100101		851
10101010111		849
10100010111		846
10100010101		846
11001010101		845
10001010111		843
10111010110		842
10101111111		841
10111111111		840
10010111110		840
11110000101		839
11101000101		839
11100111110		839
10110000111		837
11111111110		836
11101011101		836
11111011001		832
11111011111		831
11110101101		831
10011000111		830
10000011110		830
10011011001		829
10010111100		829
11111011100		822
11010101101		822
10011011011		818
11000111001		816
10010010100		815
11101111100		814
11101100110		813
11100101110		812
11100001111		809
11101110011		807
11110100100		806
10100010110		804
01011010111		804
11111000101		802
10000010101		802
11101010101		801
11101110001		798
10010010101		797
11011101101		795
11010101110		794
11001111001		794
11110001110		793
11011010110		793
11100011101		791
11011110001		791
11010010100		791
11010011110		790
11001110001		790
11110100101		789
11100100110		789
11100111011		788
11001000110		788
10001111101		787
10111011001		786
01001111111		784
11010000111		783
10100111101		781
11111101111		780
10001111100		780
11000111000		777
10010010111		776
11110111011		772
11110111100		769
10110010111		769
11111011000		767
10100011101		766
11010111001		762
11000101111		761
11011100100		760
11111001111		758
11011100011		758
11111001110		754
11111000110		749
11000001111		748
10010011100		748
11001011011		746
11010010110		743
11101011100		735
11000110011		734
01111100111		734
11101101110		726
11010010101		726
11000010100		726
10110111101		726
11001010100		721
11011011001		719
10000010100		719
10001010100		717
01010100110		717
10011011010		714
10000011100		714
11111011011		713
10111010100		713
10110010110		713
11100010111		712
01110111111		712
11010100001		709
11110110001		708
11011101111		706
11010001011		702
01110111101		701
01010111100		699
11011110010		698
10011010101		698
10111011010		697
10110010101		695
11100111000		694
11111111010		693
10101010101		693
11110011111		691
11101011000		691
10101010100		690
01111100110		688
10010011110		687
11101100101		686
01011110011		686
11101110010		685
11111110010		684
11101001111		684
11101110000		683
11001110010		679
11001001111		679
01001111110		678
11001001110		676
10011010100		675
11010000101		674
10000111110		672
01111111101		672
11110101110		669
11110001100		669
11111100100		668
11011001111		666
11001011100		666
11100111001		665
10010011011		665
11111110011		664
10111111100		663
10111100111		663
11111111000		662
11111111011		661
11110111000		661
11001101110		661
11001100010		658
11100100100		655
10010011001		653
11101000111		651
11000100100		647
10100000111		647
11001111010		645
11001000100		645
10110000110		644
10101010110		643
11010111000		641
11110011011		640
10101111101		639
10111111110		637
01100111111		637
10010000110		636
11011111001		635
11001101111		634
11011001101		633
11011101110		631
11011101011		631
10111011100		631
10101011011		631
11110110010		630
11100001110		630
11111100010		627
10100111110		627
11101011011		626
11001101011		626
11000101110		626
10101111110		626
11011111011		625
11111010101		622
11101001110		617
11010000110		617
11001111011		617
11100101101		616
11101011001		615
10111111000		615
10010010110		615
01101111111		615
11110111010		614
11010110011		613
11101111010		612
11010100011		611
01001111100		610
11011100010		604
11000001101		604
11010001101		603
11010001001		602
01101111110		600
11011010101		598
11101111011		596
11001011000		596
10001111110		594
10110111100		593
10001011001		592
01011111110		588
10101011001		587
01110111110		587
01011100111		587
11111101110		586
11110010100		583
11000110001		582
10000011011		582
11101100100		577
11001000010		577
01001111101		576
11111101100		575
11101111001		575
11100010100		573
11100110001		568
10100011100		568
11111101011		566
11000101011		566
11011000101		565
01011100110		562
10111010101		561
11011101100		560
11011000010		560
11000001011		559
11101100011		555
11011001011		554
11011011010		552
11000001110		552
10000000111		549
11111000011		548
11011010100		547
01111111100		547
11111110000		546
11100101111		546
11000111011		544
11111000001		543
11010000100		543
10110010100		543
10100010100		542
11001111000		541
11001100100		541
01010111001		541
10111000110		540
11110110011		539
10000111100		539
11111000100		538
11111101010		536
11001101101		534
11100000101		531
10001011000		530
11011111000		524
01011011111		524
11010011011		523
11010001110		521
11011110000		518
11011000110		517
10101111100		517
01101100111		512
11000011011		511
10010011010		511
10001011010		511
11101101101		510
11100001101		508
01001100111		506
01000111111		506
11110101100		505
11010101100		505
01110100111		505
11110101011		503
11101001101		503
10001000111		503
11101101010		501
11001001010		501
11001001101		499
11001100011		498
01011111011		495
11100110000		494
01011000111		494
01101111101		492
11000011001		490
11010111010		489
10110111011		489
01111010111		489
01100100111		489
11100110011		488
10100111100		487
10111110001		483
10011110011		483
11101101011		481
11001000011		481
11110001101		480
11001110000		480
11001100110		480
11100100101		478
01111111111		477
10101000110		476
11111001011		474
11001100101		474
11010101011		472
10011000110		472
10001111011		472
11000000100		468
01100111101		467
11010101001		466
11010011001		466
01000111101		465
11100011001		464
10101000111		464
01011111010		464
11101000110		463
11111000010		462
11101001011		461
11011000011		460
11010001100		460
11001001100		460
10111111010		460
11010011010		459
11101101100		458
11011100001		456
10111111001		456
10011011000		455
01011010110		455
01011110001		453
10101011010		451
11101111000		450
11011001110		450
10011100111		450
10011110010		445
11110011010		444
01111111110		444
11100100011		441
11001101001		441
11000101101		440
01111010110		439
10010111011		438
10111001111		437
11011011000		435
01111110001		434
11111111001		433
11110000011		433
11100000100		431
11001011010		430
01110111100		430
11010100010		429
10000011001		428
01110100110		428
10010100111		427
01000111100		424
11111101101		423
11101000010		421
10110100111		421
11001101010		416
10111111011		416
11111001100		415
11111001010		415
01010000111		415
01000100111		415
01000111001		414
11010110010		413
10111100110		412
11000110010		411
11100001011		410
10011001111		408
11001000101		407
11111101000		404
01010000110		404
11010101010		403
11000011000		403
10100111011		403
10011111011		403
11101001010		397
11100111010		397
01101100110		396
01111011111		395
11110011001		392
11001011001		391
10111011000		391
11110110000		389
10110111001		387
11010011000		386
10110011001		385
11010110000		384
11000000011		383
11100001100		381
10110011000		381
10011111010		380
01010111000		380
11001101100		379
11000101100		379
11100011000		378
11011000001		378
10101011000		376
11010000001		375
11001001011		375
11110001011		373
11101001100		371
10010110011		370
01100111100		369
01000111110		368
11110011000		367
11110001001		367
11110000010		367
11001100001		367
11011001001		366
11110100001		365
01010111110		365
11011001100		364
11110001010		362
11000001001		360
11000000010		360
01111111001		360
01110111001		359
11000011010		357
10111001110		357
10011111001		357
11011101001		356
01111000110		356
01010110011		355
11110100010		352
01101111100		352
11111100001		351
11111100000		351
01010010111		350
11000111010		348
11000000101		348
01111000111		346
11011000100		345
10110011010		343
11111101001		341
11011101000		341
10110011011		341
11110000100		340
11101100010		339
10110100110		338
10000111011		338
11000100011		337
11100011011		336
11100101100		334
10101110011		334
10010111001		334
01010111011		334
11100110010		332
10101111011		331
10010101111		329
11110101001		328
10110111000		327
10101110010		327
01011111001		327
11011101010		326
01011000110		326
01001111011		325
10111110010		323
10100011011		323
01001100110		323
10010011000		320
10001110011		320
11110101010		319
11101100001		317
11100011010		317
10000000110		316
11100101011		315
10101110001		313
11010001010		312
10100000110		309
10110001111		307
11101011010		305
11101000011		303
01011110010		302
11010001000		301
11010100000		299
10011101111		299
11100001001		298
11001101000		297
01110000110		297
01001110011		296
11110100011		294
11000101010		294
11111001001		292
01011111000		290
11000001010		289
10100011001		288
01101010110		288
10000011010		287
10110110011		286
11110100000		285
11000101001		283
11010000010		282
01010110001		282
01101111011		280
10010100110		278
01101110011		277
11100001010		274
11010000011		274
11100100001		273
11110000001		270
11110101000		268
11100000011		268
11101000100		267
10001000110		265
01110010110		265
10100100111		264
10101100111		263
01100111110		260
10000111001		259
10011110001		258
01000100110		258
10010111010		256
10001111010		255
11100000010		254
11101000001		253
10111110000		253
01110010111		252
01011011110		252
11011100000		249
10100111010		249
10111101111		248
10101101111		248
01110000111		248
11010101000		247
10111110011		247
01011101111		247
10011100110		246
11111000000		245
10100111001		245
01111111011		245
01110110001		242
10101111010		241
01100100110		241
01010011111		240
10010110001		239
10110111010		237
11011001010		236
10001110001		235
01010010110		233
10011001110		232
01101010111		232
11100101000		231
10000110011		231
11110001000		230
10001101111		226
10110101111		225
10100011010		223
10001111001		223
01110111010		223
01111110000		222
10101111001		221
10010001111		221
11100101010		219
01100111001		218
11100000001		216
10101001111		214
10011101101		214
01110111000		214
11000110000		213
10011111000		213
01011110000		213
01111011101		212
01001010110		212
01100111011		210
01011011101		207
11001000001		206
10110101101		206
01111111000		205
10010111000		204
10100001111		202
11000100001		201
01101111001		201
01001000110		200
10110110001		199
10110100101		198
10010101110		197
10111101101		196
10110101110		196
11011001000		195
10001100111		195
01001010111		194
10110001110		193
10000100111		193
01100010110		193
01010011101		193
10010100101		191
01001110010		190
11011000000		189
01101110001		188
01010111010		188
10000011000		187
11111001000		185
10000101111		185
01110111011		185
01000111000		185
11100100010		183
10110110010		183
10000111010		183
01111110011		183
01001111001		182
11101101000		181
10011101110		181
10100101111		180
01101111000		179
10100110011		177
01111011110		177
11000001100		176
10011110000		176
01101111010		175
10001110010		173
11011010001		171
10111101110		168
11010000000		167
10101100110		164
01101110010		163
01001011110		163
10101001110		162
10100011000		162
01000111011		160
01100010111		159
11000100010		158
10100111000		158
10010101101		158
01001011111		158
01001110001		156
01110011110		155
01001111010		154
10101101110		153
10010110010		153
01101000110		151
10001101110		150
01001111000		150
10001001111		149
10000001111		148
01110110011		147
01110011101		147
11101001001		146
11110000000		144
01011010101		143
01010101111		142
01111111010		141
10100100110		140
10001111000		139
11100100000		138
10010001110		138
01110011111		138
11100101001		137
11001100000		136
10111100101		136
01010110010		136
11101101001		135
11101100000		133
10101111000		133
01011011100		133
10101110000		131
10100110010		130
11000001000		129
10000100110		128
01100111010		128
01001000111		128
01011100101		126
10111100100		125
10100110001		124
01000000111		124
10011100101		121
01100111000		121
01000110001		121
01000010111		121
01110101111		120
01101011111		120
11001001001		118
01100000110		118
10000111000		117
01110110010		117
10100101110		116
10110110000		115
10101100101		113
01111101111		113
01111011100		113
11101000000		112
11000100000		112
11000000001		112
10110000101		112
01010011110		111
01010010101		111
10100101101		110
01011011011		110
10111000101		109
01101011101		109
01010010100		109
10000100101		108
01101011110		107
10001100110		106
01000010110		106
11001000000		105
01101110000		103
10110101100		102
10001110000		102
01100011111		102
01000000110		102
10000101110		101
01011010100		101
01111110010		100
01100000111		100
10111100011		99
01010100101		99
10011100100		98
01000011111		98
01110010101		97
10110100100		96
01101010100		96
01111010100		95
01000011110		95
01101000111		94
01011011001		94
01100011110		93
01011101110		93
01001110000		93
10010110000		92
10001001110		92
01111001110		91
01010110000		89
01001011101		89
11101001000		88
10010000101		88
01110010100		88
01101011001		88
10100001110		87
01111100101		87
01001101111		87
01011001111		86
10111000100		85
10011100011		85
10000110010		85
10000001110		85
11111010011		84
01111100100		84
01000110011		84
00111011001		84
11100001000		83
01110011100		82
01100011101		82
01011100011		82
01111011001		81
01100110011		81
01010011001		81
10010101100		80
10010100011		80
10000110001		80
01111011011		80
11000101000		79
10011001101		79
10111101100		78
10011000101		78
10010100100		78
01111011010		78
01000010101		78
01011101101		77
01110110000		76
01001010100		76
01111010101		75
01010011100		74
10010001011		73
10001101101		73
01110100101		73
01001011100		73
01000111010		73
11000000000		72
10101101101		72
10001100101		72
01000011100		72
10111001101		71
10011101011		71
00011111111		71
10101100011		70
01101101111		70
01001100011		70
10101100100		69
10100001101		69
01010100100		69
01000011101		69
10111100010		68
10011101100		68
10010000100		68
01101011100		68
10110101011		67
10110001100		67
01011100100		67
10110001101		66
10100100100		66
10100001100		66
10010001101		66
10001000100		66
10101000101		65
01101010101		65
10111000011		64
10010001100		64
10001101011		64
01100010101		64
11100000000		63
10110100011		63
10100110000		63
10100100101		63
10011000010		63
01010001111		63
00111010110		63
01001010101		62
01000010100		62
10000100100		61
01001011011		61
01111101110		60
01010101101		60
00010111111		60
10101001101		59
10001100011		59
01100011100		59
01010101110		59
01001100100		59
10111101010		58
10100000101		58
10011000011		58
10001001101		58
10000101101		58
01111100011		58
01101011011		58
01100101111		58
01010011011		58
01001101110		58
10111101011		57
10011001001		57
10000001011		57
01011101100		57
01000100101		57
10010001001		56
10001100010		56
10001001011		56
10000000101		56
01100010100		56
01011001101		56
01001011000		56
10110000011		55
10001101100		55
10001100100		55
10000110101		55
01110101110		55
01000001111		55
10011100010		54
10000101100		54
01111011000		54
01110001111		54
01011011010		54
10001000101		53
10001000010		53
01011001100		53
01000101111		53
10111100001		52
10111000001		52
10010101011		52
10010100001		52
10001101010		52
10001000011		52
10000001001		52
01110100100		52
01100110001		52
01000100100		52
10100100011		51
10010101001		51
01110001110		51
01010011010		51
01001001111		51
10001001010		50
10000001101		50
01101001101		50
01001101101		50
10111101001		49
10101101100		49
10101101011		49
10101000100		49
10011100001		49
01111101100		49
01111001111		49
01101011000		49
01011100001		49
01001100010		49
00111111101		49
00110111111		49
11111010000		48
10111000010		48
10100110111		48
10011000100		48
10001001100		48
01110101011		48
01110100011		48
01100110010		48
01011001110		48
00111010100		48
10111001011		47
10101100010		47
10011001011		47
10010100010		47
01100101110		47
01011100010		47
01010100001		47
00011011101		47
10110100001		46
10100001011		46
10100000010		46
01111001101		46
01111000101		46
01101000101		46
01010001100		46
01000011011		46
00111010111		46
11110110110		45
10011101010		45
01011000101		45
01001110111		45
00101011001		45
10111100000		44
10111000000		44
10110100010		44
10101101010		44
10100101100		44
10011000001		44
01111101101		44
01110000101		44
11001001000		43
10111001010		43
10110001010		43
10100000011		43
10000000100		43
01010001110		43
01010001101		43
01010000101		43
00110010100		43
10011110111		42
10011101000		42
10001100001		42
10000110000		42
10000101011		42
01100100100		42
01010101100		42
01001100101		42
01001011001		42
10110001011		41
10110000100		41
10101100001		41
01101100101		41
01101001110		41
01011101001		41
01000100011		41
01000011001		41
10101001011		40
10000001010		40
01101101011		40
01011011000		40
01011001011		40
01011000001		40
01010100011		40
01001000100		40
01000110000		40
01000001110		40
11100110101		39
10011101001		39
10001101001		39
01111000100		39
01110000100		39
01101101101		39
01101011010		39
01100100101		39
01100011011		39
00011010111		39
11001010010		38
10101001010		38
10010001010		38
10000000010		38
01111100010		38
01100101101		38
01010011000		38
01001101001		38
00111000110		38
10111001100		37
10110000001		37
10100100001		37
01110101101		37
01101100011		37
01010000100		37
01000101110		37
01000011000		37
00110010110		37
00001111111		37
10001000001		36
01111101011		36
01111000010		36
01110100010		36
01110011001		36
01101101110		36
01100110000		36
01100001111		36
01011101011		36
01010001011		36
01001001110		36
01001000011		36
10101001100		35
10101000011		35
10101000010		35
10000000011		35
01111101010		35
01110011011		35
01110011010		35
01101100010		35
01100001101		35
01011101000		35
01011001001		35
00011011001		35
00000011111		35
10110101010		34
10110001001		34
10100000100		34
10000100011		34
10000001100		34
01101000010		34
01100001001		34
01010101011		34
01010001001		34
01000110110		34
01000110010		34
01000001011		34
01000000101		34
00010011001		34
11001010011		33
10011001010		33
10011001000		33
10010000011		33
01111001011		33
01111000011		33
01100000101		33
01011101010		33
01011000100		33
01001011010		33
01001001011		33
01001000101		33
01000101011		33
00001111101		33
10111101000		32
10101000001		32
10011001100		32
01100001110		32
01001000010		32
01000101101		32
11101110100		31
01111000001		31
01110001100		31
01101100100		31
01100011010		31
01100011000		31
01011000010		31
01010100010		31
00111011000		31
00100111101		31
00011000101		31
10110101000		30
10110000010		30
10100101010		30
10100001010		30
10010101010		30
10000100001		30
01111101000		30
01101001111		30
01011000011		30
01010001010		30
01000101100		30
10101000000		29
10010000010		29
01111100000		29
01110011000		29
01001001101		29
01000011010		29
01000000100		29
00101011011		29
00011011100		29
11110010011		28
11101010011		28
10111001001		28
10110001000		28
10101001001		28
10100100010		28
10000101010		28
10000101001		28
01110100001		28
01100100011		28
01100011001		28
01100001011		28
01001001010		28
01000001101		28
01000000011		28
00100111111		28
00010101111		28
10100101011		27
10010100000		27
10010000001		27
10001010011		27
01100000100		27
01000100001		27
00111011101		27
00101111110		27
00101000111		27
00011011111		27
10101001000		26
10100100000		26
10001001001		26
10000100010		26
01110001001		26
01110000011		26
01100100010		26
01001101010		26
01001100001		26
01001100000		26
00111000111		26
00110101101		26
10100101001		25
10011100000		25
01111101001		25
01110101010		25
01110001011		25
01110001010		25
01101101010		25
01101001010		25
01010101010		25
01010101001		25
01010000011		25
01001001100		25
01000001010		25
00101111111		25
00100100111		25
11110110101		24
10110100000		24
10101101001		24
10100101000		24
01101001011		24
01011000000		24
01001101011		24
00110011001		24
00100011110		24
00011111101		24
00011111100		24
00010000011		24
10100000001		23
10000101000		23
01111100001		23
01111001100		23
01110001101		23
01110000010		23
01100101100		23
01100100001		23
01100001010		23
01011001010		23
01000000010		23
00101100110		23
00101010110		23
00100011001		23
00001011100		23
00000011001		23
11111010001		22
11011010000		22
10011000000		22
10001001000		22
10001000000		22
01110110100		22
01101101000		22
01101000001		22
01100001100		22
01010001000		22
00111111100		22
00001011110		22
00000111100		22
10110101001		21
10101100000		21
10100001001		21
01111001010		21
01110101100		21
01100101011		21
00111111110		21
00110101110		21
00110100111		21
00011010101		21
00011000111		21
10111001000		20
10010101000		20
10001101000		20
01110101001		20
01110100000		20
01101000011		20
00111100111		20
00111100001		20
00110011111		20
00101100111		20
00101011111		20
00101011101		20
00100011101		20
00100000011		20
10010010001		19
10010000000		19
10000000001		19
01111001000		19
01011100000		19
01011001000		19
01001001000		19
01000100010		19
00111011111		19
00110000111		19
00100101111		19
00100010100		19
00011111110		19
00010100011		19
10110000000		18
10010110100		18
10010001000		18
01101100001		18
01101000100		18
01010101000		18
01010100000		18
01001101000		18
01000001001		18
00110001110		18
00101100011		18
00100110011		18
00011110010		18
00010011111		18
00001111001		18
10000100000		17
01111000000		17
01110101000		17
01101001000		17
01100101001		17
01100101000		17
01100100000		17
01010000000		17
01000001100		17
00111111111		17
00110111100		17
00101110011		17
00100011111		17
00011011011		17
00001011101		17
00000111110		17
00000100100		17
01100000011		16
01001001001		16
01000101001		16
01000001000		16
00111001011		16
00110111101		16
00110100000		16
00101010111		16
00101010101		16
00100010111		16
00010111110		16
00001101010		16
00001100111		16
00000100110		16
00000011000		16
00000010111		16
11110010000		15
10101101000		15
01101101001		15
01101100000		15
01100101010		15
01100000001		15
01010000010		15
01010000001		15
01001110110		15
00111011011		15
00100100011		15
00100010110		15
00010011110		15
00010011101		15
00001111110		15
00001000100		15
00000000111		15
11011110101		14
10101110111		14
10100001000		14
10001010010		14
01110000001		14
01101101100		14
01101001001		14
01001101100		14
01001000001		14
01001000000		14
00111110010		14
00111101000		14
00111100101		14
00111010101		14
00111001111		14
00110100101		14
00110001111		14
00100111001		14
00100000111		14
00100000101		14
00011100111		14
00011010110		14
00010010100		14
00010000110		14
00001011000		14
00000111111		14
00000111101		14
00000010110		14
01111001001		13
01100110101		13
01000000001		13
00110111001		13
00110110111		13
00110110011		13
00110110001		13
00110011110		13
00110000100		13
00101111101		13
00100000110		13
00010111101		13
00010101101		13
00010101010		13
00010100111		13
00010010101		13
00010000111		13
00001011001		13
00000100011		13
11101010010		12
11000010001		12
10001100000		12
10000001000		12
01000100000		12
00111110011		12
00111011110		12
00110111011		12
00110100110		12
00110011100		12
00110011010		12
00110010111		12
00110000110		12
00101111011		12
00101101101		12
00101001011		12
00101000101		12
00101000010		12
00100111100		12
00100100101		12
00100011011		12
00011111010		12
00011101001		12
00010110010		12
00010101110		12
00010100101		12
00010100000		12
00010011010		12
00001111011		12
00001101100		12
00001010111		12
00000110001		12
00000010101		12
11111010010		11
11011010010		11
11010110100		11
10111010000		11
10011010001		11
01100000010		11
01000110111		11
01000101010		11
01000101000		11
01000000000		11
00111111000		11
00111011010		11
00110100011		11
00110010101		11
00110001000		11
00101111010		11
00101111000		11
00101101100		11
00101011110		11
00100101011		11
00100010101		11
00100001110		11
00100001011		11
00011111000		11
00011101101		11
00011100011		11
00011011110		11
00011011000		11
00010111100		11
00010101001		11
00010100110		11
00010100100		11
00001101111		11
00001011011		11
00001010101		11
00001001101		11
00001000111		11
00000011010		11
11110110111		10
11010110110		10
10100110100		10
01100000000		10
00111111011		10
00111111010		10
00111101100		10
00110110010		10
00110101111		10
00110011000		10
00110000101		10
00101110010		10
00101110001		10
00101101001		10
00101100101		10
00101100000		10
00101001001		10
00100110010		10
00100101001		10
00100011000		10
00100000100		10
00011101111		10
00011100010		10
00011001111		10
00011001110		10
00011001100		10
00010011011		10
00010010110		10
00001111100		10
00001101011		10
00001100011		10
00001011111		10
00001001111		10
00001000101		10
00001000010		10
00000111011		10
00000111000		10
00000110011		10
00000101111		10
00000101100		10
00000101010		10
00000100111		10
11100110100		9
11001110111		9
10111010011		9
10011110110		9
10000000000		9
01110001000		9
01110000000		9
01101001100		9
00111001100		9
00111000101		9
00110000011		9
00101110000		9
00101101111		9
00101100100		9
00101011100		9
00101011010		9
00101011000		9
00101010100		9
00101001111		9
00101000110		9
00100110001		9
00100101101		9
00100001101		9
00100001100		9
00011111011		9
00011110011		9
00011101110		9
00011101100		9
00011100110		9
00011100100		9
00011010100		9
00011001011		9
00010010111		9
00010001111		9
00010000101		9
00010000100		9
00001111000		9
00001011010		9
00001001001		9
00001001000		9
00001000110		9
00000101101		9
00000100101		9
00000100001		9
00000010100		9
00000001010		9
11101110101		8
11101010001		8
11100010001		8
11011110111		8
10110110111		8
01011110111		8
00111110000		8
00111101111		8
00111101110		8
00111100110		8
00111100100		8
00110110000		8
00110101100		8
00110100001		8
00110011011		8
00101111100		8
00101000011		8
00101000000		8
00100111110		8
00100111010		8
00100101000		8
00100100110		8
00011110001		8
00011110000		8
00011000110		8
00010111001		8
00010101011		8
00010100001		8
00010011000		8
00001100100		8
00001100010		8
00001001100		8
00000110010		8
00000101110		8
00000101011		8
00000100010		8
00000011101		8
00000011100		8
00000001110		8
00000000110		8
11010110101		7
01100001000		7
01010110101		7
00111110001		7
00111101010		7
00111011100		7
00111001110		7
00111001101		7
00111001001		7
00111000011		7
00110111110		7
00110101011		7
00110011101		7
00101101110		7
00101100001		7
00101001110		7
00100101110		7
00100101100		7
00100001001		7
00011101000		7
00011100101		7
00011100001		7
00011000000		7
00010111000		7
00010110001		7
00010001101		7
00001110010		7
00001101101		7
00001100110		7
00001100001		7
00001010110		7
00001010100		7
00000111001		7
00000100000		7
00000001101		7
11110110100		6
10110010011		6
01101000000		6
01011010001		6
01001010011		6
00111111001		6
00111101011		6
00111101001		6
00111100011		6
00111000001		6
00111000000		6
00110001011		6
00110000001		6
00101100010		6
00101000100		6
00100111011		6
00100111000		6
00100011100		6
00011101010		6
00011000100		6
00010111011		6
00010101100		6
00010011100		6
00001101110		6
00001001110		6
00001000001		6
00001000000		6
00000111010		6
00000011110		6
11110010001		5
11101010000		5
10101110100		5
10001110111		5
10000110111		5
01101110100		5
01011110110		5
00110111010		5
00110101001		5
00110100100		5
00110100010		5
00110001010		5
00101111001		5
00101101010		5
00101101000		5
00100100100		5
00100011010		5
00100001111		5
00011111001		5
00011110101		5
00011101011		5
00011001010		5
00010110011		5
00010110000		5
00010001001		5
00010000010		5
00001111010		5
00001110011		5
00001110001		5
00001001011		5
00001001010		5
00001000011		5
00000110000		5
00000101001		5
00000001111		5
00000000100		5
00000000011		5
11101110110		4
11100110111		4
11100110110		4
11010010011		4
11000110110		4
11000110101		4
10111010001		4
10110110110		4
10110010001		4
10101010010		4
10100110101		4
10100010001		4
10100000000		4
10011010011		4
10010110101		4
10010010000		4
01001010010		4
00111100010		4
00111001000		4
00110101010		4
00101101011		4
00101001000		4
00101000001		4
00100110000		4
00100100010		4
00100100001		4
00100100000		4
00100001010		4
00011001101		4
00011001001		4
00011001000		4
00011000011		4
00011000001		4
00010001100		4
00010001011		4
00010001010		4
00001101000		4
00000001001		4
00000000010		4
00000000000		4
11111110101		3
11100010010		3
11011110110		3
11010110111		3
11010010010		3
11010010001		3
11010010000		3
11001110100		3
11001010001		3
11000110111		3
11000010011		3
10110110101		3
10101010011		3
10101010001		3
10100110110		3
10011010000		3
10010110110		3
10001110110		3
10001010001		3
10000110100		3
10000010011		3
10000010010		3
01111110101		3
01111010010		3
01101010011		3
00111110101		3
00111100000		3
00111000010		3
00110001101		3
00110000010		3
00110000000		3
00101001101		3
00100000010		3
00011100000		3
00010111010		3
00010100010		3
00010001110		3
00010001000		3
00001100101		3
00000011011		3
11111110111		2
11101110111		2
11100010000		2
11011110100		2
11011010011		2
11000110100		2
10111010010		2
10110110100		2
10110010010		2
10101010000		2
10011010010		2
10010010011		2
10000110110		2
01111010011		2
01111010000		2
01110110101		2
01100110100		2
01100010011		2
01100010000		2
01011110101		2
01011010011		2
01001010000		2
01000110101		2
00111101101		2
00111010011		2
00110111000		2
00110110110		2
00110001100		2
00110001001		2
00101001010		2
00100101010		2
00100001000		2
00100000001		2
00100000000		2
00011011010		2
00011000010		2
00010101000		2
00010000001		2
00010000000		2
00001101001		2
00001100000		2
00000101000		2
00000001000		2
00000000101		2
00000000001		2
11111110100		1
11110010010		1
11100010011		1
11001110110		1
11001110101		1
11001010000		1
10111110111		1
10111110101		1
10110010000		1
10101110101		1
10100010010		1
10001110101		1
10001010000		1
10000010001		1
01111110111		1
01111010001		1
01110110111		1
01110110110		1
01110010011		1
01101110101		1
01101010010		1
01101010001		1
01101010000		1
01100110111		1
01011110100		1
01010110100		1
01010010011		1
01010010001		1
01010010000		1
01001010001		1
01000110100		1
01000010001		1
00111001010		1
00111000100		1
00110110100		1
00101010011		1
00101001100		1
00010010001		1
00001110100		1
00001110000		1
00000110110		1
00000010011		1
00000001100		1
00000001011		1
