10001110001		704
10100100111		632
10001100111		628
10111111000		593
10011110010		540
10101110000		532
01110100101		520
01011110011		517
01000100111		516
01111100101		501
01010000111		489
10001100110		485
10000100110		472
01011111010		472
01100100111		469
10001110011		465
01010100111		461
10011110000		455
10000111100		449
10000100111		447
10000110001		444
10111110000		442
10010101101		437
10000110011		435
10010100111		431
10011001111		426
10010110010		422
01010100101		422
10101100111		420
01010011111		413
01010111000		410
01101110011		404
10001001111		402
01010100110		401
10000101101		399
01011011111		399
01100000111		398
01001110010		397
10001111100		395
10010110011		394
10000000111		393
01010110011		391
01000000111		391
10010100110		390
10000110010		389
01110100100		386
00110111111		385
10101110011		383
10100111000		381
10010001110		381
10001101101		379
01000110001		379
10101110001		376
10001101111		376
10010100101		375
01100010111		375
00010111111		374
10101100101		373
01000100110		372
10000111101		370
01011110010		369
01011011110		366
10111110010		365
10000111111		365
01001110011		363
01111101111		362
01011010111		361
10111100111		359
10011110011		358
10101110010		357
10000111010		353
01110111010		352
10100101101		351
10000001111		351
01011100101		350
10100111010		348
10111110001		347
01001110001		346
01101101111		344
01001111011		342
11000001001		340
01100111101		340
01000011111		340
10010110000		338
10000101110		338
01101110000		338
01010111100		338
01010111010		337
10000000110		336
10110100101		335
10010111011		335
10010000111		335
01000111001		335
10010101100		333
10010001111		333
10000110000		332
10001110000		330
10000101111		328
10011101100		327
01010110010		327
01001100111		327
10110100100		326
01011111100		326
10011101101		325
10001000111		324
01000111011		323
10001111011		322
01100111011		321
10100111100		319
11000001000		318
10001110010		318
11000001011		317
10100001111		317
01000110011		315
10101100110		314
10100110010		314
10010101110		314
10110111000		313
10110100110		313
10001011000		313
01110110010		313
10110101100		311
10000111000		311
01000110010		311
00011111101		309
10110100111		308
01001011110		308
01010011101		307
00100111111		307
01110101111		306
01011101110		306
10111100101		305
01011111011		305
10000111001		304
10010101111		303
01010000110		301
01101111101		300
01010010110		299
10010111100		298
01111110001		298
10001101110		297
01111110011		297
01010011110		297
10101111101		296
01000111000		294
10100111011		292
01010100011		292
01001110000		292
10110110000		290
00011111111		290
00001111111		290
01100110011		289
01111100111		288
01010010111		288
11000001111		287
10110111100		287
01110100111		287
01001010111		287
10101101111		286
10100110011		286
10010100100		286
01101100111		286
01011111101		286
10110101101		285
01010101110		285
11000110011		284
01111111100		284
01011010110		284
01111111010		282
01111110000		282
01110110011		282
01111011011		281
10011100100		280
10000100101		280
10110001111		279
10001111101		279
11000100110		276
01111010111		276
01000111110		276
01000010111		276
10100001110		275
01100111111		275
01010111111		275
01111100100		273
01100110000		273
01010110000		273
10100100110		272
01010010101		271
01111011111		269
01011010100		269
01000111100		268
10001001110		267
01011100011		267
11100001100		266
10111111010		266
10100111001		266
01100111100		266
10110110010		265
10100110000		265
01100100110		265
01010111011		265
01100010110		264
10100100101		263
10010111111		263
01111101110		263
10100000111		262
01001111100		262
01011110000		260
01100101111		259
01011110001		259
10001011001		257
10001111010		256
11000110010		255
10001111111		254
01110111011		254
01110011111		253
10100101111		252
10010111010		252
01110111110		251
01010101111		251
10111100110		250
10000111011		250
00111111101		249
10100111111		248
10011100111		248
01101101110		248
01011011011		248
01000111010		248
10010111110		247
10001111000		247
01001101111		247
10101001111		246
01101100110		246
10011100110		245
01111000111		244
10110110011		243
01110101110		243
01010111101		243
01000111111		243
11001001100		242
11001110001		241
11001001111		241
10101111111		241
00101111111		241
10100111101		240
10011001110		240
01110111111		240
10111101100		239
10101101110		239
01111111011		239
01011010101		239
00110111101		239
10101011100		237
10011111100		237
00111111111		237
11001001000		234
10110101110		234
01011100111		234
01001011111		234
11010100000		233
11001100000		233
10011100101		233
10101101101		232
10011110001		232
10100101110		231
10011111111		231
01011101111		231
10101111100		230
01001100110		230
10111001110		229
11000111000		228
10111110011		228
10000111110		228
10000011111		227
01101110001		226
01001111010		224
01110100110		223
01000101111		223
11010100100		221
11100101000		220
10111101101		219
10101111000		219
10000011011		219
01011000111		219
11001100010		218
11001000001		218
10110111110		218
01110111101		218
01110011101		218
01110010111		218
01100011111		218
01010111001		218
11001100111		217
10110111011		217
10101001110		217
10100110001		216
01000111101		216
10010111101		215
01111110010		215
01101110010		215
01100111110		215
11001101001		214
01111100110		214
01100000110		214
10111101111		213
10101111011		213
10010000110		213
11101000001		212
10011101110		212
11100001111		211
11100001001		211
10011111010		211
01001111111		211
10010110001		210
01101111110		210
01010100100		209
11000100101		208
01111111101		207
11000001010		206
10111111111		206
10111100100		206
01010111110		206
11100001110		205
10101111010		205
10001111001		205
01010010100		205
01001101110		205
01000110000		205
01111111111		204
10100000110		203
10001111110		203
10001011011		202
10000011100		202
01111011101		202
10111101110		201
10000011001		201
11101100000		200
11100111000		200
11011100011		200
11000100100		200
10111000101		200
01101111111		200
11001001101		199
10101100100		199
01101111010		198
11000001101		197
01000011110		197
11100001011		196
11010100101		196
10111111110		196
10111001111		196
01000000110		196
00111111100		196
11110001100		195
11010001111		195
10111111001		194
11101000000		193
11100100111		193
11001110011		193
01110010110		193
00011111100		193
11111100101		191
11110111011		191
11001001010		191
10111000111		191
01110110000		191
01101010111		191
01011011101		191
00010011001		191
01010110001		190
01010011001		190
01101011110		189
01011111000		189
01011011001		189
00010111101		189
01011000110		188
01001111001		188
11110100100		187
11000100000		187
10011000111		187
01001000111		187
11010100011		186
10000011000		186
01001111101		186
10000010111		185
10000010110		185
00001111110		185
11010100111		184
11000101011		184
10100101100		184
01100110010		184
01100110001		184
00100111110		184
00010111110		183
11101110011		182
00111000111		182
10001000110		181
01110011110		181
01101111100		181
11000100111		180
10111011011		180
10110101111		180
01001111110		179
11010001011		178
10010111000		178
11000101001		177
10101011011		177
10011011001		177
11101100101		176
11101001000		176
01111000110		176
11110001111		175
11101100110		175
11101100001		175
11100110000		175
11000001110		175
10111111101		175
10010011101		175
10010010101		175
01111111110		175
01110111100		175
01100111010		175
01010011011		175
10111111100		174
10001101100		174
10110000111		172
10100111110		172
10000011110		172
01011111110		172
11011110010		171
11011001100		171
11010001110		171
10011011011		171
10110111111		170
01110110001		170
01000010110		170
11100011000		169
10110111010		169
10110001110		169
10011111011		169
10011111001		169
01110000110		169
01001010110		169
00111010111		169
11001110010		168
01111101101		168
11100110011		167
11010001100		167
10011111110		167
00110010110		167
11000011011		166
11000010100		166
01101111011		166
00110111100		166
11000001100		165
11111110001		164
11111101011		164
11111100011		164
10010011011		164
11111011011		163
11110001010		163
11101110010		163
10001100101		163
10000101100		163
01111011001		163
11111000000		162
11101100111		162
11100100100		162
11010100110		162
11010100001		162
10110110001		162
10101011000		162
01100111001		162
01001111000		162
11101110000		161
11101001100		161
11110001110		160
11100100011		160
11100000001		160
11001001011		160
01011100110		160
11101110001		159
11101000010		159
11100101101		159
11011000000		159
11001101101		159
10101011001		158
10000010101		158
01110010101		158
11110100110		157
10101111001		157
10100010110		157
10011011000		157
10010011000		157
01111010101		157
00111000110		157
00000111111		157
11101101010		156
11101100100		156
11100101100		156
10110011101		156
10011111101		156
10010011001		156
01100111000		156
11110101011		155
11000011110		155
11000011010		155
01111010110		155
11000111001		154
11000101101		154
10011101111		154
01111010100		154
11101001010		153
11100100000		153
11000011000		153
10110111101		153
10001011010		153
00111111110		153
00101111100		153
11110110010		152
11101010100		152
11101000101		152
11100000111		152
10001011110		152
01101111000		152
01011111111		152
01011100100		152
11110101110		151
11001000100		151
11000110001		151
11000011111		151
01111011110		151
11010110001		150
11001101000		150
10100010111		150
10000011010		150
00011011001		150
11100111100		149
11100001000		149
10111111011		149
10011011111		149
11110100111		148
11100111011		148
11001101011		148
11000101100		148
10000011101		148
00111011001		148
11110110001		147
11010001001		147
10011010111		147
01010101101		147
11111100010		146
11010110011		146
10111011001		146
10110111001		146
10010011111		146
10001010101		146
10000010100		146
01111111001		146
01001000110		146
00011111110		146
11000111100		145
10101011101		145
10001011100		145
11011100010		144
10110000110		144
10011011101		144
11110010101		143
11010110010		143
11000111111		143
11000011101		143
10111011010		143
01110000111		143
00101011001		143
11111111100		142
00110011001		142
11110000110		141
11110000011		141
11011101011		141
01110101101		141
00001011001		141
11100110001		140
11011001011		140
10101111110		140
10011011010		140
00101111110		140
11110100000		139
10110010111		139
10100011110		139
10010111001		139
10001100100		139
11011110011		138
11010001010		138
11001000000		138
11000111110		138
01111111000		138
01110111000		138
11010110000		137
11001001110		137
11000000110		137
10010011100		137
00111011000		137
11111100100		136
11101111111		136
11010111100		136
11010000111		136
11001111110		136
11001100001		136
10101101100		136
10101010101		136
11100111111		135
11100100101		135
11001111010		135
11000100011		135
10100010101		135
11010111011		134
11001111111		134
11001101111		134
10110011100		134
11100100110		133
11011101000		133
11011001111		133
11001001001		133
11000100001		133
10110011010		133
10011011100		133
10010011010		133
11101101000		132
11100000101		132
11100111110		131
11011100101		131
11000101110		131
10110011111		131
11001111101		130
10101011110		130
01110010100		130
11111101100		129
11110101111		129
11101001110		129
11101001101		129
11100111101		129
11001110000		129
11000000001		129
10110000101		129
10101000110		129
11110111010		128
11110001000		128
11100011111		128
10111011101		128
00011000111		128
11101000011		127
11010101011		127
11001011011		127
10011010110		127
01101010110		127
11110001011		126
11010101000		126
11001111100		126
11000010101		126
10101011111		126
10100011001		126
11111110010		125
11011001101		125
10100011101		125
10010010100		125
01011111001		125
11011110000		124
11010000000		124
11001000011		124
10100011000		124
10001010100		124
00101111101		124
11011001000		123
11000000111		123
10101010100		123
10001011111		123
11111001100		122
11101111100		122
11101001111		122
11010111111		122
11010011101		122
11001101100		122
11001100100		122
10101000111		122
10011000110		122
11110100101		121
11100100010		121
11100010111		121
11011100000		121
11010001000		121
10110011000		121
01101100100		121
11111101111		120
11111101000		120
11110110000		120
11101101111		120
11101101110		120
10001011101		120
11111011001		119
11101011011		119
01110111001		119
01011011100		119
11111111111		118
11110101100		118
11001011111		118
11001011110		118
11000110000		118
10100011111		118
10011111000		118
01111101100		118
00111011101		118
11111110000		117
11111001000		117
11111000011		117
11110000010		117
11010011010		117
11000111010		117
11000010111		117
01011101011		117
11101101101		116
11101001011		116
11011011000		116
11010011011		116
11000111101		116
01000101110		116
11111101010		115
11010101111		115
11000000100		115
10111011111		115
10010011110		115
11101011001		114
11101011000		114
11100010110		114
11001100110		114
10110001101		114
01111100011		114
00110111110		114
00110011000		114
11101001001		113
11110101101		112
11010111010		112
11001011000		112
10010010111		112
11010111101		111
11010010100		111
11010000100		111
11001111000		111
11001000111		111
11000000000		111
01111011100		111
00111010110		111
11111011010		110
11110100011		110
11100111010		110
11100100001		110
11011100100		110
11011010110		110
11010101100		110
11010100010		110
11001111011		110
11000101000		110
10111010111		110
01011100010		110
00110010100		110
11111001111		109
11110111111		109
11101111010		109
11000111011		109
01101011111		109
01001011100		109
00010010101		109
11110101010		108
11011101100		108
11011011011		108
11010111110		108
10101010111		108
01001011101		108
00101011000		108
11101100011		107
11011101101		107
10110011110		107
01110011011		107
00011010100		107
11111101110		106
11111001110		106
11110111100		106
11101111011		106
11101100010		106
11011111010		106
11001011001		106
10111001101		106
10100100100		106
00111010100		106
11111111101		105
11111111010		105
11111111000		105
11111100000		105
11011100001		105
10111000100		105
00100111101		105
11110111110		104
11110100001		104
11011100110		104
11000101010		104
11000010110		104
10100011011		104
01101000111		104
01001010100		104
01000011011		104
11100110010		103
11011010101		103
11001100101		103
11001000010		103
11000101111		103
11000011100		103
11000000011		103
10110010110		103
10110010101		103
10100010100		103
10011010101		103
00100011001		103
11101111000		102
11011111100		102
11111100001		101
11011111101		101
11010000101		101
11001011101		101
10011011110		101
10000100100		101
01001100100		101
11111000101		100
11110110011		100
11110010100		100
11110000111		100
11011011111		100
11011000001		100
10111000110		100
01011011010		100
11100011110		99
11100011001		99
11100001101		99
10000001110		99
01010101011		99
11100011011		98
11100010101		98
11011010111		98
10111011100		98
01100011110		98
11111001101		97
11011000111		97
11010001101		97
10010010110		97
01101111001		97
01010011100		97
11111111110		96
11111000111		96
11110001001		96
11101111110		96
11101111001		96
11100111001		96
11000100010		96
11000011001		96
10100011100		96
00010111100		96
11011110001		95
11011000101		95
11010101110		95
10110010100		95
10011010100		95
01101011011		94
01011101101		94
00101010110		94
11111100110		93
11100001010		93
11010111000		93
10110011001		93
00011000110		93
11111100111		92
11111011110		92
11111000100		92
11101000110		92
11100000110		92
10111010100		92
01110011100		92
00111011011		92
11111011000		91
11111000001		91
11100011010		91
11001111001		91
01001011011		91
00110011101		91
00110010111		91
11110010111		90
11100101110		90
11011001110		90
11010010111		90
11000000010		90
10111011000		90
11111010100		89
11110011100		89
11101101001		89
11101011100		89
11010011110		89
11001101110		89
11001010101		89
10101011010		89
10001010111		89
11110011101		88
11100000100		88
11100000010		88
11010010110		88
11001010111		88
11111110011		87
11111101001		87
11110100010		87
11100101111		87
11100011100		87
11011111111		87
11011101110		87
11001100011		87
01001010101		87
00011010101		87
11111001010		86
11110111000		86
11101010101		86
11011111000		86
11010010101		86
00011011101		86
11110101000		85
11110000000		85
11011011001		85
11010011100		85
11001011100		85
11111000110		84
11110001101		84
10111010101		84
10110011011		84
10011000101		84
10001010110		84
01110011001		84
11010101101		83
01100001111		83
01001101101		83
11110000101		82
11010101001		82
01010001110		82
01000101101		82
11101111101		81
11100000011		81
11011101010		81
11011100111		81
11011011010		81
11001011010		81
11011011110		80
11011000010		80
11010011111		80
11010011001		80
11000000101		80
11110011110		79
11110011011		79
11101011110		79
11100101010		79
11010000110		79
11001010110		79
01101100101		79
01000100101		79
11110011010		78
11110011001		78
11101000111		78
11010011000		78
11001101010		78
11111111001		77
01001001111		77
11111010111		76
11011101001		76
11010111001		76
11010101010		76
01100101110		76
01010101100		76
00100010100		76
00011010111		76
00001111100		76
11111011111		75
11101011101		75
11111011100		74
11110111101		74
01101011100		74
01001100101		74
11011010100		73
01101000110		73
01000011101		73
00001111101		73
11111101101		72
11101101100		72
11001010100		72
10110001011		72
01000010101		72
01000001001		72
11010000011		71
11001000110		71
11001000101		71
10110000011		71
11101011111		70
11011101111		70
11010000001		70
10111011110		70
01001011001		70
00110000110		70
00010011101		70
11111001011		69
11110111001		69
01101011101		69
00110011011		69
11101010111		68
10101010110		68
01100101101		68
01010001111		68
00111010101		68
11111001001		67
11101101011		67
01110001110		67
01101010100		67
00110000111		67
11110010110		66
11011111011		66
10111010110		66
10010100011		66
01011001111		66
00111110000		66
00000111110		66
11111010101		65
10100011010		65
10001001100		65
01000010100		65
11011011101		64
10100000101		64
11110000100		63
11100101001		63
11100011101		63
11100010100		63
01000100100		63
11011001010		62
11011000110		62
01001100011		62
00100111100		62
11110011000		61
11011111110		61
10000001000		61
01110100011		61
00000100111		61
00000011001		61
11111000010		60
10011101011		60
01111100010		60
11111111011		59
11100000000		59
10101001100		59
10011100011		59
10000001011		59
01110101100		59
01100100101		59
00000111101		59
11110000001		58
10010001011		58
11100101011		57
11011000100		57
11011000011		57
10000001001		57
01001000001		57
00100011000		57
10011001101		56
01100100100		56
01011011000		56
01000001111		56
00010010100		56
10010000101		55
10001101011		55
01111001111		55
01101010101		55
01011001110		55
01010100010		55
01001001110		55
00110011100		55
11101011010		54
01100101100		54
01100011001		54
01001100010		54
00110010101		54
00011111001		54
11111011101		53
11011001001		53
10000001100		53
01111001110		53
01110001111		53
01100010100		53
01001000100		53
11011111001		52
11011011100		52
01111000101		52
01011101000		52
00111011100		52
00011011111		52
10111001100		51
10101101010		51
01111011010		51
01110100010		51
01011101100		51
01000001110		51
00011110011		51
00011011011		51
00010000111		51
00000100110		51
10001001101		50
01111011000		50
01100011100		50
01100010101		50
01010011000		50
00100010110		50
10111000011		49
10110100000		49
10000001010		49
01110011010		49
01100011000		49
01000001011		49
00111100110		49
10110100011		48
01101011000		48
01101001111		48
01000001000		48
00110111001		48
00001110001		48
11111010110		47
11110101001		47
11101010110		47
11010000010		47
10000001101		47
01111001101		47
01001011000		47
01000011010		47
00111110001		47
00100000111		47
00000010100		47
01010001100		46
01000011000		46
00101010100		46
00100100111		46
10110001100		45
10110000100		45
10101001000		45
10001101001		45
01011000000		45
01001101011		45
00000110011		45
10101000101		44
10011100010		44
01110001100		44
01101011001		44
01011000001		44
01000100001		44
00110011110		44
00101000110		44
00000011111		44
11101000100		43
10111100011		43
10100101000		43
10011101000		43
01100001110		43
01001101100		43
01001100000		43
01000101100		43
01000100000		43
00101110011		43
00011110010		43
01000011001		42
00110100101		42
00011010110		42
00001000110		42
10111100001		41
10011000001		41
10001000011		41
01101101100		41
01101001000		41
01100011101		41
01000001101		41
00011110000		41
00001100111		41
10101000010		40
10100001000		40
10001000001		40
01111100000		40
01101101101		40
00110111000		40
00100001111		40
00011100110		40
00010100101		40
00010011110		40
11110011111		39
10100001001		39
10010110100		39
10001001011		39
10001001000		39
01110011000		39
01011001100		39
01011001000		39
01010011010		39
01000100011		39
00111111001		39
00101100110		39
00010110011		39
00010101110		39
00001001111		39
10110001001		38
10000000011		38
01100001001		38
00101110010		38
00100111011		38
00100000100		38
10100100000		37
10100001100		37
10011101010		37
10001100001		37
10001000100		37
01111101000		37
01111000100		37
01101100010		37
01101001110		37
01100101000		37
01100000100		37
01011100001		37
01010001000		37
01001011010		37
01001001100		37
01000011100		37
00111100100		37
00101101111		37
00010100110		37
00000111100		37
10111100010		36
10110100010		36
10101000000		36
10010101000		36
10010100000		36
10010001100		36
10010000100		36
10001100000		36
10001000000		36
10000101011		36
01111001000		36
01010100000		36
01010001010		36
01001001011		36
01000000001		36
00111111000		36
00111100101		36
00111011110		36
00110100100		36
00101011100		36
00010000110		36
00001110010		36
10110000010		35
10101100001		35
01101000000		35
01100001000		35
01011101001		35
01010001101		35
01010000100		35
00100010111		35
00011011000		35
00001101111		35
00000000110		35
10111001010		34
10111000001		34
10110101011		34
10101001101		34
10100000011		34
10011100000		34
10011001011		34
10011000100		34
10010101011		34
10001001010		34
10001000010		34
01101100001		34
01100100011		34
01011001011		34
01011000101		34
01010100001		34
01001100001		34
00110110010		34
00101011111		34
00101010111		34
00010111001		34
00010110000		34
00010010110		34
00001100110		34
00000110000		34
00000000111		34
10101100011		33
10101100000		33
10100000010		33
10001010011		33
01111001100		33
01101001100		33
01100001100		33
01010101010		33
01010001011		33
01000101000		33
00111110010		33
00111100111		33
00101110000		33
00011111011		33
00010100111		33
00001110011		33
00001010101		33
00001001100		33
00000111000		33
10111101011		32
10111001001		32
10110001010		32
10100100011		32
10001000101		32
01101000001		32
01100000101		32
01010000101		32
01001101001		32
01001101000		32
01001001101		32
01001001000		32
01000001010		32
00111011111		32
00101001111		32
00011110001		32
00010011111		32
00010010111		32
00010001111		32
00001101100		32
00001011000		32
00001010110		32
10111101000		31
10100001101		31
01101011010		31
01011001101		31
01011001010		31
01000101011		31
00100101111		31
00011111010		31
00011100010		31
00010111011		31
10110101010		30
10110001000		30
10101000001		30
10100101011		30
10011001000		30
10011000000		30
10001100011		30
10000100000		30
10000000100		30
01110000101		30
01110000011		30
01101001010		30
01100101011		30
01011101010		30
01010001001		30
01001000000		30
00110101111		30
00100011101		30
00011101110		30
00011011100		30
00001110000		30
00000011011		30
10111000010		29
10111000000		29
10100100010		29
10011001100		29
10010001001		29
10000000001		29
01111101011		29
01101100000		29
01101000010		29
01001101010		29
01001000011		29
01000001100		29
01000000101		29
00110111010		29
00110100111		29
00101111001		29
00101100111		29
00100010101		29
00100001110		29
00000110010		29
10100001011		28
10100000100		28
10010000011		28
10000101000		28
01111001010		28
01110000010		28
01100100000		28
01100011010		28
01001001010		28
00111101111		28
00111101101		28
00110110000		28
00110100110		28
00101111010		28
00101111000		28
00101010101		28
00100100110		28
00011001110		28
00000100101		28
00000011110		28
10111100000		27
10111001000		27
10101100010		27
10101001010		27
10001101010		27
10000000101		27
01110001000		27
01011100000		27
00111111010		27
00101011011		27
00100000110		27
00011100100		27
00010111010		27
00001101110		27
00001011101		27
00001000111		27
00000111011		27
00000111010		27
00000011000		27
00000001110		27
10110000000		26
10101010000		26
10101001001		26
10100000001		26
10011101001		26
10011000010		26
10000100010		26
01110101011		26
01110001101		26
01110001011		26
01100101010		26
00111001110		26
00110110001		26
00110101110		26
00010110001		26
00001111010		26
00000001111		26
10101000011		25
10011000011		25
10010101001		25
10010001101		25
10010001010		25
10000101001		25
01110100000		25
01101101000		25
01101100011		25
01101000101		25
01100100001		25
01100001011		25
01000100010		25
00101110001		25
00100101101		25
00010011100		25
11011010001		24
10100001010		24
10001001001		24
10000000000		24
01110001010		24
01101001101		24
01101001001		24
01100000001		24
00110110011		24
00101101101		24
00010110010		24
00010011000		24
00001011011		24
00001010100		24
00000111001		24
10100101010		23
10100101001		23
10001100010		23
10000100001		23
01110000001		23
01101000011		23
01100100010		23
01100001010		23
01011000011		23
01001001001		23
01001000010		23
00101011110		23
00100110000		23
00100011100		23
00011100111		23
00010101101		23
00010001110		23
00000001011		23
10110101000		22
10100100001		22
10010100001		22
01111101001		22
01111000001		22
01100011011		22
01000000000		22
00111110011		22
00110011111		22
00101101110		22
00100110011		22
00011100101		22
00011100011		22
00011001111		22
00010111000		22
00010101111		22
00010100011		22
00000010110		22
10010001000		21
10000100011		21
01111001011		21
01100001101		21
01011000010		21
00101100101		21
00100111000		21
00001011110		21
00001010111		21
00001001110		21
00000110001		21
00000101111		21
00000101110		21
10110100001		20
10110000001		20
10101101001		20
10010100010		20
01111000000		20
01110101000		20
01101001011		20
01100000010		20
01010101000		20
01010000010		20
00111001111		20
00111000101		20
00110111011		20
00101100100		20
00101001110		20
00100101000		20
00011101101		20
00011011110		20
00010000101		20
00000100100		20
10111001011		19
10011110111		19
10010101010		19
10001110101		19
10001101000		19
10000101010		19
01110101001		19
01010000011		19
00111111011		19
00110001111		19
00110001110		19
00101111011		19
00101000111		19
00100101110		19
00100011110		19
00011011010		19
00010101000		19
00010001011		19
00001101101		19
00000011100		19
00000001101		19
10101101011		18
10101001011		18
10010010001		18
01111101010		18
01111100001		18
01111000011		18
01110101010		18
01101101011		18
01011001001		18
01011000100		18
01010000000		18
01000101010		18
01000000100		18
00110101101		18
00101011010		18
00101000000		18
00100100101		18
00100011011		18
00011001000		18
00010100100		18
10111101010		17
10101101000		17
10010000001		17
01111000010		17
01110110100		17
01101101010		17
01100000011		17
01000000011		17
00111101010		17
00111011010		17
00100111010		17
00100111001		17
00100110010		17
00100110001		17
00100011111		17
00001111000		17
00001100001		17
00001011111		17
00001000001		17
00000010111		17
10100000000		16
10010000010		16
10010000000		16
10000000010		16
01111010011		16
01110001001		16
01110000100		16
01110000000		16
01100000000		16
01010101001		16
00111101110		16
00111101011		16
00110101100		16
00110001100		16
00100101100		16
00100011010		16
00010101001		16
00010011011		16
00001111011		16
00001001001		16
00000101101		16
00000010101		16
11110010000		15
11001010011		15
10011001010		15
01001000101		15
01000000010		15
00111101100		15
00111100000		15
00101100010		15
00101001001		15
00100001000		15
00011111000		15
00011000101		15
00010001100		15
00001011010		15
00000001001		15
10101010010		14
10001010010		14
01000101001		14
00111001011		14
00101101100		14
00101011101		14
00101001011		14
00100100000		14
00100001001		14
00011001011		14
00001100101		14
00001100100		14
00001000100		14
00000011101		14
00000011010		14
11100010001		13
11001010010		13
10001010000		13
01101101001		13
01101000100		13
00111000011		13
00110000101		13
00101100011		13
00100100100		13
00100001100		13
00011101100		13
00011001010		13
00010101010		13
00000101011		13
10111101001		12
10110101001		12
10011100001		12
01111001001		12
01110100001		12
00111100001		12
00111000010		12
00110001101		12
00110001010		12
00110001000		12
00110000100		12
00101001010		12
00100101011		12
00100001011		12
00010001010		12
00001100000		12
00001011100		12
00001001101		12
00001000011		12
00000101100		12
00000000000		12
11111010011		11
10101000100		11
10011001001		11
01100101001		11
01010000001		11
00111100010		11
00110100010		11
00110100001		11
00110011010		11
00101101010		11
00101100000		11
00101000101		11
00101000010		11
00101000001		11
00011000100		11
00011000010		11
00010101100		11
00010001101		11
00010001001		11
11011010010		10
10000110100		10
00111001101		10
00111001100		10
00110101011		10
00101001100		10
00100100011		10
00100100001		10
00100000001		10
00011101111		10
00011100001		10
00011001100		10
00010101011		10
00001101001		10
00001001000		10
00000100010		10
00000100000		10
00000000100		10
00110101010		9
00110001011		9
00101000100		9
00100000011		9
00011001001		9
00010100000		9
00001111001		9
00000101010		9
00000001100		9
00000000011		9
00000000001		9
01101010011		8
00111110100		8
00111100011		8
00111000100		8
00110100011		8
00110000010		8
00101101011		8
00101001000		8
00101000011		8
00100000101		8
00011101010		8
00011101001		8
00011101000		8
00011000011		8
00011000000		8
00010011010		8
00000100001		8
00000001010		8
00000000010		8
00111101000		7
00111000001		7
00110100000		7
00110001001		7
00101100001		7
00011101011		7
00010100001		7
00010000001		7
00001101011		7
00001101010		7
00000101000		7
00000001000		7
11100010000		6
10011110110		6
10010010000		6
10000110101		6
01001010011		6
01000110110		6
00111001010		6
00111001001		6
00110000011		6
00100101010		6
00100101001		6
00100001101		6
00011100000		6
00011001101		6
00011000001		6
00010110101		6
00010100010		6
00010001000		6
00010000000		6
00001100011		6
00001000010		6
00001000000		6
00000000101		6
11111010000		5
10110110100		5
10100010000		5
10011010001		5
10010110101		5
01100110101		5
00110101000		5
00110000001		5
00101101001		5
00101001101		5
00100000000		5
00010000100		5
00001101000		5
00001100010		5
00001001011		5
00001001010		5
00000110110		5
11110010001		4
11101110100		4
11101010011		4
10110010000		4
10100010001		4
10010010011		4
10001110111		4
10001010001		4
10000110111		4
01111110100		4
01111010000		4
01100010001		4
01010010001		4
01001110111		4
00111000000		4
00110101001		4
00101101000		4
00100000010		4
00011010010		4
00001000101		4
00000101001		4
11101010000		3
11011110101		3
11011010000		3
11010110101		3
11010010001		3
11000010011		3
10111110111		3
10111110100		3
10101110101		3
01111010010		3
01101010000		3
01100010000		3
01011110111		3
01011010000		3
01000110111		3
00111010000		3
00111001000		3
00110110111		3
00110000000		3
00100001010		3
00010000011		3
00010000010		3
00001010011		3
00000100011		3
11111110100		2
11111010010		2
11111010001		2
11110110110		2
11110010011		2
11110010010		2
11011110111		2
11010110100		2
11001110111		2
10111010010		2
10110110110		2
10110010001		2
10101010011		2
10100110100		2
10100010011		2
10011110101		2
10011010011		2
10011010010		2
10010010010		2
10000010000		2
01110110110		2
01110010011		2
01101110111		2
01101110100		2
01100110111		2
01011010011		2
01011010010		2
01011010001		2
01010110100		2
01000010001		2
00111101001		2
00100100010		2
00011110101		2
00011010011		2
00010010001		2
11111110111		1
11110110101		1
11110110100		1
11101110110		1
11101010001		1
11100110100		1
11011010011		1
11000110110		1
11000110101		1
11000110100		1
11000010010		1
10111110101		1
10111010011		1
10111010001		1
10111010000		1
10110110111		1
10110110101		1
10110010011		1
10101110111		1
10101110110		1
10101110100		1
10100110111		1
10100110110		1
10100010010		1
10011010000		1
10001110110		1
10001110100		1
10000110110		1
10000010011		1
10000010010		1
01111110111		1
01111110101		1
01111010001		1
01110110101		1
01110010001		1
01110010000		1
01101110101		1
01101010010		1
01101010001		1
01100110100		1
01100010010		1
01011110110		1
01010110111		1
01010010010		1
01010010000		1
01001110110		1
01001110100		1
01001010010		1
01000110101		1
01000010011		1
00111110111		1
00111010011		1
00111010010		1
00110110110		1
00110110100		1
00110010001		1
00101110101		1
00101110100		1
00101010011		1
00101010010		1
00100110111		1
00100110110		1
00100110100		1
00100010010		1
00100010001		1
00100010000		1
00011110111		1
00011110100		1
00010010010		1
00001110101		1
00001010001		1
