11111011110		907
11011011111		801
11111011101		756
11110011101		687
10111011101		637
11011010111		623
10101011111		568
11011111101		531
10111011011		485
10111010111		470
11000011101		468
11010010111		450
10011011110		439
10110011111		436
10011010111		426
10010011101		407
11010011101		397
11010010101		394
11001111111		393
10011010100		391
10111011110		390
11110010101		381
11101011110		374
11011010110		373
11010111101		373
11001010111		373
11000011111		373
10100011111		373
10111011111		365
11111100111		363
11001100111		362
11100011110		358
11111011111		355
11100011111		355
11011011101		353
11000010110		353
11100010101		348
10110010111		344
11110000101		338
11111010110		333
11101011111		330
11011011110		330
10001011111		330
11111100110		325
11010100110		319
11111010111		314
10011011111		314
11011000111		310
11011100110		307
11101010111		305
10011010110		304
10010011111		304
11010011111		298
10001010101		294
11010011100		291
11110000111		288
11111000110		283
11111011010		278
11110111101		275
10110011001		273
11110111111		267
10011011010		266
11100011101		258
11010111100		258
11011010101		256
11101010100		254
11010101110		254
11110001110		253
10110011101		247
10101010101		247
11001111101		245
10110010101		245
11101010101		240
11101011101		234
10100011101		229
11001011110		228
10101011110		226
01011111101		224
11111000111		221
10101011101		221
11011001101		220
10101010110		218
10011111111		214
11111011001		213
11011011011		213
11010100111		212
11001011101		212
11111001110		208
11011111111		208
11110101111		207
10011010101		206
11110101101		205
11011101101		205
11100000111		204
10101010111		203
11101010110		202
10100011110		202
11111010101		201
10111011100		201
10110011100		201
11110010110		200
10100010100		200
11000111101		198
10111010100		197
10010011110		195
10001011100		195
11110011011		194
11011001110		193
10111011010		193
10100010101		193
11100111111		192
11111111110		191
11110010111		191
01011010111		191
11111111101		190
11101111111		188
11101101110		188
11011111010		188
10010010110		187
10001010110		185
10000010101		185
11001011111		184
11101000110		183
11000011001		180
11011110001		178
01111010111		177
10110000111		176
11110011110		175
11011111001		173
11000100110		173
10011011100		173
10011011011		173
10110111111		172
10111010110		171
11000100111		170
11111010100		167
10111010101		166
10111000111		166
01101111111		165
11110111110		164
11110101110		164
10110111110		163
11100011100		162
11011001111		162
11111001101		161
11011101111		161
11000111111		161
11110100110		159
11110011100		159
11011111100		159
10111011001		159
10101010100		158
10001010111		157
11111111111		156
11010000111		155
10011111101		155
11111011100		154
10001010100		153
01010111101		153
10110011110		152
01010000111		151
11010110001		149
11011111110		148
11110100111		146
11110000110		145
11010010110		145
11001010101		145
10110010110		144
11111001111		143
10010010111		143
11101101111		140
11011010100		140
10010000111		140
10011111110		138
10011111011		138
11001111000		137
11110111100		136
10010111100		136
11100100111		135
11100010111		135
11010011110		134
11001111110		134
11011000101		133
11110011111		132
11001111011		132
11100010110		130
11010100101		130
10001011101		130
11010000110		129
10010011010		129
11110011001		128
11001101111		126
11001000011		126
01111000110		126
11100000110		125
11000010111		125
10001111100		125
11011001011		121
11010001011		121
10010010101		121
11110001101		120
11011100111		119
11010101111		119
11111100101		118
10111001111		118
10011000110		118
11111110011		117
11010101101		117
11000000111		115
11101001111		114
01011011001		114
11000000101		113
11010000101		112
10010010100		112
11010111111		111
11010011011		111
11111011011		110
11111000010		110
11100001011		110
01011111001		110
11100010100		109
11011100100		109
10100010111		109
11110001100		108
11111101111		107
11111000101		107
11110000011		105
11001111100		105
10100111101		104
10011011101		104
10010111111		104
11111110010		103
11000010101		103
11011101110		102
10100010110		102
10000010111		102
10000010110		101
01011110011		101
11110110001		100
01011011111		100
11111111001		99
10011000111		99
11011011001		97
11100111101		96
11100111100		96
11010111011		96
11010010100		96
11000101111		96
10000011001		96
10110111010		95
10001011110		94
01011000111		94
10101111100		92
10101111000		92
01101111110		92
11111100011		91
11101111001		91
11011110000		90
10111001110		90
11011011100		89
11010001001		89
10110011011		89
10011011001		89
11111001011		88
11110110000		88
11011101001		88
10010011011		88
01111110010		88
01111100110		88
11101000111		87
10100111111		87
11110010100		86
10101111111		86
10101110010		86
11111000001		85
11011000110		85
01111111101		85
01110110001		85
10000011101		84
00100100111		84
11010111010		83
10101011100		83
10010111110		83
11111101101		82
11110111001		82
01011111111		82
11001010100		81
11000000110		81
11100101101		80
11001001111		80
11000110000		80
01110100110		80
11001000001		79
10101111110		79
11101111101		78
11101100111		78
11101001101		78
11001010110		78
01010110001		78
01001111011		78
11111101110		77
11011110011		77
11000101010		77
10100011011		77
01011110000		77
10110111101		76
11111110001		75
11111010011		75
11010111110		75
11001000110		75
01010100110		75
11100111001		74
11011001010		74
10000011100		74
11100001111		73
11011100101		73
11000110011		73
11011110010		71
11011000011		71
10111111100		71
11100111110		70
11011011010		70
11101111110		69
01010111100		69
00011011101		69
11101111100		68
10010111101		68
11011101000		67
10001001111		67
11000100000		66
10011100001		66
01110010110		66
01010010101		66
11101001011		65
10111000110		65
10000111101		65
11111100100		64
10001111110		64
01001111111		64
11010011001		63
10101111001		63
10011001111		63
11101110011		62
11000011011		62
10001111011		62
11100110000		61
10110000000		61
10011100100		61
10000111111		61
01101110000		61
01101100110		61
10011101101		60
01111101000		60
01111010100		60
00011101110		60
11110110011		59
10000010100		59
11001101110		58
11001011100		58
10101011010		58
11101100100		57
11010101100		57
11000111110		57
11000011110		57
10101000110		57
10100011100		57
10010000110		57
11100100110		55
11001000010		55
11011100011		54
10111011000		54
00100011100		54
00000100001		54
11101000101		53
11000111100		53
11001110010		52
11001100010		52
10001011010		52
11110001111		51
11101000100		51
11100110011		51
11011000100		51
11010001100		51
10011110000		51
01010010111		51
00000100100		51
11000011100		50
01000111001		50
00001111101		50
11111111100		49
11001011011		49
10010011100		49
10011111100		48
10001111111		48
01011010110		48
11110100101		47
11001001110		47
10001011001		47
10000100110		47
11100001010		46
11010111001		46
01000100001		46
11111111000		45
01110110011		45
01011100011		45
00010001100		45
11101110000		44
11000000100		44
00111100000		44
11001000111		43
10111111101		43
10001111101		43
11010000100		42
10011110001		42
10000011110		42
01111011110		42
11011111011		41
10111100111		41
10100111001		41
10000101111		41
01111011101		41
01110111111		41
11101101101		40
11100111011		40
11001101001		40
10111100110		40
10101100111		40
01111000111		40
10111111111		39
10101111011		39
10000011111		39
01110010111		39
10101011001		38
10011101010		38
10011100110		38
01100110011		38
01011111011		38
01010111111		38
11110000010		37
11101101010		37
11101011011		37
11011001100		37
11010110011		37
11001111010		37
11001100110		37
10100000110		37
10000000111		37
10110010100		36
10010100110		36
01111100111		36
01111010110		36
01100111011		36
11111101011		35
11101001110		35
11010001111		35
11000110001		35
10010101110		35
00110111110		35
11101011100		34
10110101111		34
10100000111		34
01010010110		34
01001110000		34
11101100110		33
10010011001		33
10001101100		33
11111000100		32
11101001001		32
10110100110		32
10100100111		32
10000111110		32
01110011101		32
11111011000		31
11110011010		31
11010110010		31
11001000100		31
10110000110		31
11100111000		30
10110000101		30
10001001101		30
01011111100		30
01011101110		30
01010011101		30
11100000101		29
11010011010		29
10110111100		29
10110100111		29
10110011000		29
10100101111		29
10011111010		29
11000100001		28
10100011001		28
10011101111		28
11110111010		27
11001111001		27
10110110011		27
10110001110		27
10101101110		27
10010100111		27
01111011111		27
01110011111		27
01100011111		27
01011011110		27
11110000100		26
11001100011		26
11001011001		26
10011001110		26
00011001010		26
11011111000		25
10011100111		25
01100011110		25
01011010101		25
01001100111		25
11111000000		24
11110011000		24
10001100111		24
01101111001		24
01011110001		24
01011011101		24
01001010111		24
00111111110		24
00101100010		24
11101111000		23
10110110001		23
10110101101		23
10101110011		23
10011100101		23
01110011110		23
01101011111		23
00111111101		23
00100111111		23
11100110001		22
11010001101		22
11001101101		22
11000010100		22
10111110010		22
10101111101		22
10101000111		22
10011111001		22
10011001101		22
10010110001		22
01111010101		22
01101010111		22
00001101001		22
11111001001		21
11110000001		21
11101000010		21
11100011001		21
11001011010		21
10111000101		21
10101011011		21
10011110010		21
10010101111		21
01111011100		21
01011011010		21
11110101100		20
11101011001		20
11011101100		20
11010000001		20
10011101110		20
01011011011		20
00110011101		20
11010011000		19
11000011000		19
10111001101		19
10110101110		19
10110011010		19
10100111100		19
10011000101		19
10001101111		19
10000100111		19
01111101100		19
01110111001		19
01110101101		19
01101011110		19
01001011101		19
01000010110		19
00101011111		19
11110111011		18
11101011010		18
11100101100		18
11011000001		18
11001011000		18
11000100100		18
10110111011		18
10011110011		18
10001111010		18
10000100000		18
10000001111		18
01101111010		18
01011011100		18
11100011011		17
10111000010		17
10011001010		17
10001011011		17
01111011011		17
01101100111		17
01101010101		17
01101010100		17
01010011111		17
01001011111		17
01000111101		17
00111010111		17
00110011110		17
00011111000		17
00011010111		17
11111111010		16
11111110000		16
11111101000		16
11000111000		16
10111101111		16
10110000011		16
10101101111		16
10100101101		16
10010000101		16
10001000111		16
10001000110		16
01110111101		16
01110000111		16
01010100111		16
00111011101		16
00011110001		16
11111000011		15
11110001011		15
11100100000		15
11010110000		15
11001110011		15
11000111001		15
10111110001		15
10100111110		15
10001100100		15
10001000011		15
01110000101		15
01100011101		15
01011111110		15
01011010100		15
01011001111		15
01011000110		15
00011000111		15
11101110010		14
11101100101		14
11001001011		14
10110111001		14
10101000101		14
10001101110		14
10000000110		14
01111011010		14
01111011001		14
01110100111		14
01110011001		14
01100010101		14
01011101111		14
01011100111		14
01011100110		14
01010011110		14
01010010100		14
00111011011		14
00110101111		14
11100101111		13
11000100101		13
10111111110		13
10111100101		13
10011001011		13
10011000011		13
10010111001		13
10000111100		13
10000100001		13
01111001111		13
01110010101		13
01101011101		13
01101010110		13
01010101110		13
01000011101		13
00110011111		13
00101011101		13
00100011111		13
00100011101		13
00011010110		13
00000011000		13
11111101100		12
11111100010		12
11101110001		12
11010100100		12
11001000101		12
11000101110		12
10111111001		12
10111110011		12
10111101110		12
10111001011		12
10101001111		12
10011100011		12
10010001100		12
10010001011		12
10000000101		12
01111101001		12
01110101111		12
01110011011		12
01100010110		12
01011000101		12
01001010110		12
01001010101		12
01000011111		12
00111011110		12
00101111111		12
00100100110		12
00011011111		12
00011011100		12
00010011101		12
00001011101		12
00001010111		12
00000011001		12
11111111011		11
11111001100		11
11111001010		11
11110110010		11
11110100000		11
11101111011		11
11010001000		11
11001110000		11
11001101000		11
10111000011		11
10111000001		11
10101001101		11
10001111000		11
10001101101		11
10001100110		11
01111101111		11
01111100101		11
01110011100		11
01110010100		11
01110001110		11
01110000110		11
01100111111		11
01100100111		11
01011111000		11
01011001011		11
01001111101		11
01001011110		11
01000011100		11
01000010111		11
00110111111		11
00110010111		11
00101010111		11
00100100011		11
00011101011		11
00001111111		11
00001010101		11
11111100001		10
11101111010		10
11101000011		10
11100011010		10
11011000000		10
11010111000		10
11000101011		10
10111111000		10
10111000100		10
10110001101		10
10101110001		10
10101000100		10
10100100110		10
10100011000		10
10010111011		10
10001101001		10
10001001110		10
10001000100		10
10000101110		10
10000011000		10
01111111100		10
01111110011		10
01101110001		10
01100010100		10
01011110010		10
01010011100		10
01010011011		10
01000011001		10
00111011111		10
00101011110		10
00100011110		10
00011101111		10
00010010101		10
00001011100		10
00000011101		10
11111100000		9
11110000000		9
11101001100		9
11100000100		9
11010001110		9
11010000011		9
11001110001		9
11001001101		9
11000001111		9
10111100011		9
10111010011		9
10110110000		9
10101001011		9
10100110011		9
10100101110		9
10011101100		9
10011101001		9
10011000001		9
10010111010		9
10010101101		9
10010001101		9
10001111001		9
10001110000		9
10000110011		9
10000101010		9
01111001101		9
01111000101		9
01110111110		9
01110110000		9
01101111101		9
01100011100		9
01011111010		9
01011101101		9
01010111110		9
01010110000		9
01001111110		9
01001011100		9
01000111111		9
01000100110		9
01000011110		9
01000010101		9
00110011100		9
00110010101		9
00011110011		9
00011011110		9
00010011111		9
00010010111		9
11111010010		8
11100100101		8
11100100100		8
11100001101		8
11011101010		8
11011000010		8
11010001010		8
11000111011		8
11000110010		8
10111101101		8
10111100100		8
10101100010		8
10101001110		8
10100001111		8
10100001011		8
10011111000		8
10011101000		8
10001000010		8
10001000001		8
10000110001		8
10000100100		8
01111100011		8
01111001110		8
01110001101		8
01110001100		8
01101111011		8
01101000101		8
01100010111		8
01011100010		8
01011001110		8
01011001101		8
01010111011		8
01010101101		8
01010100101		8
01010011000		8
01010001001		8
01001111100		8
01001101111		8
01001000111		8
01000111000		8
01000110000		8
01000100000		8
01000000111		8
00111010100		8
00101010110		8
00100010101		8
00011111111		8
00011111010		8
00011011011		8
00011001011		8
00001100111		8
00000011111		8
00000010101		8
11111101010		7
11110111000		7
11110100100		7
11101101011		7
11101100011		7
11101100010		7
11100110010		7
11100101110		7
11100001100		7
11011100010		7
11011100001		7
11011100000		7
11011011000		7
11001101011		7
11001100100		7
11001000000		7
11000011010		7
10111101100		7
10111101000		7
10110110010		7
10110001111		7
10110001100		7
10101111010		7
10101101101		7
10101101010		7
10101100110		7
10100111000		7
10011000100		7
10010101100		7
10010001111		7
10010000001		7
10001100010		7
10000111001		7
10000011011		7
01111111111		7
01111001001		7
01110001111		7
01110001010		7
01101111100		7
01101110010		7
01101011010		7
01101011001		7
01101001011		7
01101000111		7
01101000110		7
01100111001		7
01100011011		7
01011101001		7
01011100100		7
01011011000		7
01011001010		7
01011000100		7
01010101111		7
01010001100		7
01010000110		7
01001111000		7
01001001101		7
01001000110		7
01001000001		7
00111100111		7
00111011010		7
00111011001		7
00110011011		7
00110011001		7
00110000111		7
00101010101		7
00011111101		7
00011110000		7
00010100110		7
00010011001		7
00001011110		7
11110100011		6
11110001001		6
11101001000		6
11100001110		6
11100001001		6
11010100011		6
11001101100		6
11001100101		6
11001100001		6
11001001100		6
11000101101		6
10111111010		6
10110100101		6
10110001011		6
10110000100		6
10110000010		6
10100110000		6
10100100101		6
10011011000		6
10010100101		6
10010000100		6
10001110001		6
10001011000		6
10000000100		6
01111001011		6
01110111100		6
01110111011		6
01110101110		6
01101001111		6
01100111100		6
01100001011		6
01100000111		6
01100000110		6
01100000101		6
01011101000		6
01010110010		6
01010011010		6
01001111010		6
01001101110		6
01000111100		6
01000110001		6
01000100111		6
01000100100		6
01000001011		6
00111111111		6
00111100001		6
00111011100		6
00111000110		6
00110111101		6
00101111110		6
00101111100		6
00101111000		6
00101100011		6
00101000110		6
00100001011		6
00011010100		6
00010111101		6
00010011100		6
00010000111		6
00010000110		6
00001111100		6
00001010110		6
00000101111		6
11111101001		5
11110100001		5
11101100000		5
11101011000		5
11101001010		5
11100011000		5
11011001001		5
11010101010		5
11010101001		5
11010101000		5
11000100011		5
11000100010		5
11000001001		5
11000000011		5
10111110000		5
10111101011		5
10111001100		5
10111000000		5
10110111000		5
10110100100		5
10110100000		5
10101110000		5
10101101100		5
10101011000		5
10101000011		5
10101000010		5
10100101010		5
10100100011		5
10100100000		5
10100011010		5
10100000100		5
10011101011		5
10011100000		5
10010110011		5
10010110010		5
10010110000		5
10010011000		5
10010001110		5
10001100101		5
10000011010		5
01111111110		5
01111101101		5
01111101011		5
01111100100		5
01111000001		5
01110110010		5
01110101010		5
01110001011		5
01101101111		5
01101101110		5
01101100010		5
01101000010		5
01100110000		5
01011100001		5
01011100000		5
01011001001		5
01011000011		5
01010111001		5
01010100100		5
01010001101		5
01010001010		5
01001111001		5
01001101001		5
01001100110		5
01001100000		5
01001011011		5
01001011010		5
01001001111		5
01000111110		5
01000111011		5
01000000100		5
00111001111		5
00111001101		5
00111000111		5
00110101101		5
00110100111		5
00110010110		5
00110000100		5
00101101110		5
00101011011		5
00101011010		5
00100111101		5
00011100111		5
00011100110		5
00010011010		5
00010001101		5
00001011010		5
00001000110		5
00000011110		5
00000001100		5
11100111010		4
11100101001		4
11100101000		4
11100100011		4
11100000010		4
11100000001		4
11011101011		4
11010100001		4
11010010010		4
11010000010		4
11001100000		4
11000101001		4
11000001010		4
10111101001		4
10111100001		4
10111001001		4
10101100101		4
10101100100		4
10100111011		4
10100111010		4
10100110010		4
10100101011		4
10011001100		4
10011001001		4
10011000010		4
10010111000		4
10010100000		4
10010001001		4
10010000000		4
10001110011		4
10001110010		4
10001101010		4
10001001011		4
10000110000		4
10000100101		4
10000001011		4
01111111000		4
01111110001		4
01111110000		4
01111101110		4
01111000010		4
01111000000		4
01110111010		4
01110101100		4
01110100100		4
01110000010		4
01110000000		4
01101110011		4
01101100100		4
01101011011		4
01100111101		4
01100111010		4
01100111000		4
01100001111		4
01100000000		4
01011101100		4
01011100101		4
01010000101		4
01010000011		4
01001100101		4
01001100011		4
01001100010		4
01001011001		4
01001010100		4
01001001100		4
01001001011		4
01001000101		4
01001000011		4
01000101100		4
01000101010		4
01000010100		4
01000001010		4
01000000000		4
00111111100		4
00111101001		4
00111101000		4
00111100110		4
00111010110		4
00111010101		4
00110001101		4
00110001100		4
00110000101		4
00101101011		4
00101100111		4
00101001111		4
00101001110		4
00100111100		4
00100001110		4
00011111100		4
00011111001		4
00011101001		4
00011100100		4
00011100010		4
00011011010		4
00011010101		4
00011001110		4
00011001000		4
00011000101		4
00010111111		4
00010101111		4
00010100111		4
00010000101		4
00010000001		4
00001011111		4
00001011011		4
00001011001		4
00000111101		4
00000100110		4
00000100010		4
00000100000		4
00000011100		4
00000011011		4
00000001110		4
11110101010		3
11101101100		3
11101100001		3
11101000001		3
11101000000		3
11100001000		3
11011001000		3
11010100000		3
11001001010		3
11000111010		3
11000001101		3
11000000010		3
10111111011		3
10111101010		3
10111100010		3
10111100000		3
10111001010		3
10111001000		3
10110101100		3
10110100001		3
10110000001		3
10101100000		3
10101010001		3
10101001100		3
10101001001		3
10101001000		3
10101000000		3
10100110001		3
10100001101		3
10100001010		3
10100000101		3
10100000010		3
10011100010		3
10010100100		3
10010100011		3
10010100010		3
10010001010		3
10010000011		3
10001101000		3
10001100001		3
10001000101		3
10001000000		3
10000111011		3
10000110010		3
10000001001		3
10000000000		3
01111111001		3
01111101010		3
01111011000		3
01111010011		3
01111000011		3
01110000100		3
01110000011		3
01101101101		3
01101011100		3
01101001101		3
01100101111		3
01100101110		3
01100100110		3
01100100101		3
01100100011		3
01100100000		3
01100001010		3
01011101011		3
01011101010		3
01011001100		3
01011000010		3
01011000001		3
01010101100		3
01010100011		3
01010100000		3
01010000100		3
01010000010		3
01001110010		3
01001110001		3
01001101100		3
01000101110		3
01000101101		3
01000101011		3
01000011011		3
01000011000		3
01000001101		3
01000001000		3
01000000101		3
01000000010		3
00111111000		3
00111110011		3
00111110001		3
00111101010		3
00111001110		3
00111001010		3
00111001001		3
00111000101		3
00111000010		3
00110111100		3
00110101110		3
00110100110		3
00110011000		3
00110001111		3
00110001110		3
00110000110		3
00110000011		3
00101111101		3
00101101111		3
00101101100		3
00101100000		3
00101001101		3
00100111110		3
00100101101		3
00100101100		3
00100100100		3
00011101101		3
00011101000		3
00011100011		3
00011100001		3
00011011001		3
00011001001		3
00011000110		3
00011000001		3
00010111110		3
00010101110		3
00010011110		3
00010010110		3
00010001110		3
00010001011		3
00001111001		3
00001111000		3
00001101110		3
00001101000		3
00001100000		3
00001010100		3
00001000011		3
00001000010		3
00001000001		3
00000111111		3
00000100101		3
00000010110		3
00000001111		3
11111001000		2
11110101011		2
11110101001		2
11110101000		2
11110100010		2
11110010001		2
11101101001		2
11100100001		2
11100010001		2
11100000011		2
11011110110		2
11010110110		2
11010101011		2
11010100010		2
11010010001		2
11001010011		2
11001010010		2
11001001001		2
11001001000		2
11000110111		2
11000101100		2
11000001011		2
10111010010		2
10110101011		2
10110101010		2
10110101001		2
10110100011		2
10110100010		2
10110010011		2
10110010001		2
10101100011		2
10100100100		2
10100100010		2
10100100001		2
10100001110		2
10100001100		2
10100001001		2
10100001000		2
10100000001		2
10100000000		2
10011110101		2
10010101000		2
10001001100		2
10001001010		2
10001001001		2
10000101011		2
10000100010		2
10000001101		2
10000001100		2
10000001000		2
10000000011		2
10000000001		2
01111111011		2
01111001100		2
01111001010		2
01111000100		2
01110101011		2
01110100101		2
01110100010		2
01110001000		2
01101101011		2
01101100011		2
01101100001		2
01101001110		2
01101000011		2
01101000001		2
01100111110		2
01100101101		2
01100101100		2
01100101001		2
01100100100		2
01100100001		2
01100001110		2
01010111010		2
01010110011		2
01010101010		2
01010011001		2
01010001011		2
01001110011		2
01001101101		2
01001101000		2
01001100001		2
01001011000		2
01001000100		2
01001000000		2
01000110011		2
01000100101		2
01000100011		2
01000100010		2
01000011010		2
01000000110		2
01000000011		2
00111111001		2
00111101100		2
00111101011		2
00111100101		2
00111100100		2
00111100011		2
00111011000		2
00111000001		2
00111000000		2
00110110001		2
00110101011		2
00110101001		2
00110100101		2
00110100011		2
00110100001		2
00110100000		2
00110010100		2
00110001011		2
00110001000		2
00101110011		2
00101110001		2
00101101010		2
00101011100		2
00101011001		2
00101011000		2
00101001100		2
00101000111		2
00101000101		2
00101000010		2
00101000001		2
00100111011		2
00100111010		2
00100111001		2
00100111000		2
00100110001		2
00100101110		2
00100100101		2
00100100000		2
00100011011		2
00100011001		2
00100010110		2
00100001010		2
00100000111		2
00100000000		2
00011111011		2
00011110010		2
00011100101		2
00011001111		2
00011000011		2
00011000000		2
00010111100		2
00010110010		2
00010110001		2
00010101011		2
00010101010		2
00010101001		2
00010100101		2
00010100010		2
00010100001		2
00010011011		2
00010010100		2
00010001111		2
00010000100		2
00010000011		2
00001111110		2
00001111011		2
00001110000		2
00001100110		2
00001100101		2
00001001111		2
00001001100		2
00001000111		2
00001000101		2
00001000100		2
00000111110		2
00000111000		2
00000110011		2
00000110001		2
00000101110		2
00000101100		2
00000100111		2
00000100011		2
00000011010		2
00000010111		2
00000010100		2
00000001011		2
00000001010		2
00000001000		2
00000000111		2
00000000110		2
00000000010		2
11111110110		1
11111110100		1
11111010001		1
11111010000		1
11110110111		1
11110010010		1
11101110110		1
11101101000		1
11101010011		1
11100110101		1
11100101011		1
11100101010		1
11100100010		1
11100010000		1
11011010011		1
11011010001		1
11011010000		1
11010010011		1
11001101010		1
11001010001		1
11000010011		1
11000010010		1
11000001110		1
11000001100		1
11000000000		1
10111010001		1
10110010000		1
10110001010		1
10110001000		1
10101101011		1
10101100001		1
10101010000		1
10101001010		1
10101000001		1
10100110111		1
10100101100		1
10100101001		1
10100010010		1
10100010001		1
10100010000		1
10100000011		1
10011010010		1
10011010001		1
10011010000		1
10011001000		1
10011000000		1
10010101011		1
10010100001		1
10010010001		1
10010000010		1
10001101011		1
10001010010		1
10001010000		1
10000111010		1
10000111000		1
10000110100		1
10000101000		1
10000100011		1
10000010010		1
10000010001		1
10000001110		1
10000001010		1
10000000010		1
01111111010		1
01111100001		1
01111100000		1
01110111000		1
01110110101		1
01110101001		1
01110100001		1
01110011010		1
01110011000		1
01110001001		1
01110000001		1
01101111000		1
01101110101		1
01101101010		1
01101101001		1
01101100101		1
01101001010		1
01101000100		1
01100110111		1
01100110001		1
01100101010		1
01100101000		1
01100100010		1
01100011010		1
01100011001		1
01100001101		1
01100001001		1
01100001000		1
01100000100		1
01100000011		1
01011010011		1
01010111000		1
01010101011		1
01010101001		1
01010100010		1
01010010001		1
01010001111		1
01010001110		1
01010000001		1
01010000000		1
01001110110		1
01001101011		1
01001100100		1
01001010011		1
01001001110		1
01001001001		1
01001001000		1
01001000010		1
01000110010		1
01000101111		1
01000001111		1
01000001110		1
01000001100		1
01000001001		1
00111110010		1
00111110000		1
00111101111		1
00111100010		1
00111010011		1
00111001100		1
00111001011		1
00111001000		1
00111000100		1
00111000011		1
00110111011		1
00110111010		1
00110111001		1
00110110000		1
00110101010		1
00110100010		1
00110011010		1
00110000010		1
00101110010		1
00101110000		1
00101101101		1
00101100100		1
00101010100		1
00101001011		1
00101001001		1
00101000100		1
00101000011		1
00100110011		1
00100101111		1
00100101010		1
00100101000		1
00100100010		1
00100100001		1
00100011010		1
00100011000		1
00100010111		1
00100010100		1
00100000110		1
00100000101		1
00100000100		1
00100000010		1
00100000001		1
00011110100		1
00011101010		1
00011011000		1
00011001101		1
00011001100		1
00011000100		1
00011000010		1
00010111001		1
00010111000		1
00010110011		1
00010110000		1
00010101100		1
00010100100		1
00010100011		1
00010010001		1
00010001010		1
00010001000		1
00001110001		1
00001101111		1
00001101101		1
00001101100		1
00001101011		1
00001101010		1
00001100100		1
00001100010		1
00001100001		1
00001011000		1
00001001110		1
00001001101		1
00001001011		1
00001001010		1
00001001001		1
00001000000		1
00000110010		1
00000110000		1
00000101101		1
00000101011		1
00000101001		1
00000001101		1
00000000101		1
00000000100		1
