01011000000		1708
00010100100		1601
01001011000		1558
00010011101		1535
01010011100		1480
01011000001		1463
00011100001		1441
01010011101		1427
00010100000		1418
00010100101		1408
01001000001		1388
00010010101		1361
00011100000		1357
00011100010		1334
00010010100		1334
01111011011		1324
00011100011		1302
00000100100		1289
00011011101		1279
00110011100		1278
01001000000		1276
00111011011		1276
00000100010		1274
00000011101		1270
00001100001		1260
00000000101		1258
01011011010		1245
00011011010		1244
00000010100		1241
00001011101		1218
00001100000		1217
00001011000		1209
00011000000		1205
00001100011		1204
00001000011		1201
00001011100		1200
00010100011		1199
00011011011		1188
00000010101		1183
01110011100		1182
00000011100		1174
00111000000		1173
00000011111		1173
00010011100		1166
01011011000		1164
01010010100		1151
00011011100		1151
00001010101		1151
01101000001		1141
00011011001		1138
00001000001		1137
00111100011		1133
01010010101		1127
00011000001		1121
00001000000		1120
00010100001		1119
00001011011		1119
00110011101		1118
01000011100		1117
00101011011		1106
00101000011		1103
00110011011		1098
00001011001		1098
00100100100		1097
00001101011		1094
00100011100		1092
01010000000		1086
00010000100		1086
01001011011		1077
00111000001		1077
00010010111		1077
01000011110		1075
00011011000		1071
00011000010		1070
01001011001		1066
00101000100		1063
01011011011		1058
00000011010		1058
00010000111		1057
00111100100		1054
01100011100		1053
01011011100		1053
00010011111		1051
00001000010		1051
00101011101		1046
00110000100		1044
01110011101		1041
00101000001		1033
00111011001		1031
01011011001		1029
01000011111		1024
00101100000		1024
00011000011		1022
00000011000		1022
01111011000		1021
00000000011		1017
01110000100		1014
00000101010		1012
00111011100		1010
01101000000		1009
00010011000		1006
00000000001		1004
00000011110		1001
00111011010		999
00101000010		999
00101100010		998
01110000001		995
00100011110		995
01010011111		994
01000000101		991
00100010101		991
01111011001		990
01010011000		989
00100011011		989
00100100101		987
00010011010		986
00000100000		985
00001100010		984
00011101011		983
01101011011		982
00010011110		982
00010000101		979
01010011011		977
00000000000		977
00101000000		973
00111000101		972
00101000101		972
01010000100		971
01001011101		970
00000011011		969
00001000100		966
00111101011		962
00110101010		962
00010101010		960
00110100000		958
00011101000		958
01110010101		957
00000010111		957
01011101000		955
00111011000		955
00010101011		952
01010000101		951
00001000101		949
00010100010		948
00000011001		943
01001011010		941
01011011101		940
01111011010		938
00100000101		937
01111011100		935
00000000111		935
01010011010		931
00101011100		931
01010101000		930
00111100010		925
00101101011		925
00000100101		924
00011101010		920
00110100001		919
01001011100		918
00111000010		915
01110011110		914
01000011010		913
00100010100		913
00011000100		913
00011011111		912
00011010100		910
01111000001		908
00001011111		907
01000001011		905
00100000001		905
00000100011		905
00010000011		901
00101010101		899
00110000101		896
00110010111		895
00010000000		895
01011010100		893
00000101011		893
00110100010		891
00010011001		890
00101011010		889
00100100000		888
01011000101		887
00001010100		887
01100010101		882
00111101010		882
00110101011		880
00101100011		880
00100011111		879
00100000011		878
00100000111		876
01010011001		874
01001010101		874
00111000011		874
00001011010		874
01011000100		871
01010011110		870
01011011110		868
00001011110		866
01000011101		861
00110010101		853
01010100000		849
00111011101		843
00111100001		842
00111011111		840
00101011000		840
01111011101		837
01100010100		836
00110011110		835
00100011101		835
00010000010		835
00011010101		832
01011100000		831
01000000000		829
01101011001		827
01011001011		827
00010011011		826
00110100100		825
00110011111		824
00011000101		823
01000011001		822
01100000000		821
01001000011		817
00010101000		814
00101100001		812
00110000001		811
00111010101		809
00110100101		807
01110000101		806
00110010110		805
01000011000		804
01000010101		802
00000000100		801
00010010110		800
01000000100		798
00111010100		798
00110100011		798
01000010100		795
01000000001		795
01111000000		793
00100010111		791
00100000100		791
00000000110		791
01111000101		790
00110011000		790
01011101010		786
01100011101		784
00101000111		784
00010101001		781
01101011100		778
00001100100		778
01010101010		776
00111100000		776
00001100101		776
00101011111		773
01101011101		772
00001101010		771
01011011111		768
00011100101		768
00000100001		766
00110010100		765
00001010111		765
00010000110		764
01001100000		759
00100011010		758
01000101000		757
01100000101		753
01100011011		746
01100011000		741
01010000001		740
00011001011		739
00010101100		737
00001000111		737
00100010110		736
01011000011		734
01010100001		732
00110000011		731
01110000000		730
00101100100		728
00101011001		725
00000000010		725
01011001001		724
00101010100		722
01110011111		721
00000101000		720
00100101000		717
00000101100		716
01110010100		715
00110011010		714
00101010111		713
00101101010		712
00011011110		709
01101000011		706
01010001011		704
01010001010		704
01001011110		704
01100011010		703
01001011111		702
00111100101		702
01111101010		700
01111010101		699
01001101000		698
01011000010		697
00111101000		697
00011101001		697
01001010100		693
01101011000		691
00110000000		691
01110011011		689
00000001001		689
01001000101		688
01011010101		686
01011001010		686
01001000100		686
00110000111		686
01010101011		684
00100000110		682
01101011010		680
01000001010		680
00100100001		680
00110101101		679
00100101011		679
00000001011		677
01100001011		676
00111010111		672
00101011110		670
00100100011		668
01111101011		665
00001000110		665
00001001011		662
01110101000		661
00011100100		659
00000101101		657
00111000100		655
01000011011		654
01101000100		653
01101101000		650
00010000001		648
00110000010		646
01001000010		645
01000000011		645
01111011111		641
00011010111		638
01101000101		637
01011101001		636
01011100001		635
00010101101		633
01000001101		632
00001001000		631
00000010110		631
00100100010		630
00000101001		630
00000001000		630
01010100101		628
00110011001		626
00000100110		625
01110101010		624
01110011000		624
00001001010		624
01111000100		623
01111101000		622
01110100000		622
00100000000		620
01100000001		619
00111000111		619
01111010100		618
01000100000		617
00001001001		617
01101010101		616
01001100011		616
00000001101		616
01011100010		614
00101100101		613
01111011110		612
01011101011		609
00010100110		609
10001000001		608
01111100000		607
00000001010		607
01111000011		602
01010001000		599
00100011000		599
01001100001		598
00101001001		597
00001101000		597
01010000011		595
00010001101		594
00110101000		593
00100101100		593
01100000100		592
10001000000		591
01101000010		591
00010001011		591
01111000010		589
01010000111		586
00111011110		584
01111101001		582
01011001000		582
01010000010		582
00111000110		582
01010101001		579
00110101111		579
00010110010		575
01001001000		574
00110000110		574
00011001010		574
10001000011		572
00101000110		572
00010100111		572
00001010110		572
01011001100		571
01001100010		571
01001001001		566
10011000001		563
10001000101		563
00110100111		562
01110011001		561
00100101010		560
01000000010		559
00011001100		559
00100100110		558
00110101100		557
00011001001		557
00010001001		554
00101101000		553
00110100110		550
10000010100		548
01110000011		548
01101100000		548
01101001000		547
01110101011		545
01001001010		545
01000001000		545
00111001011		545
01010010111		544
01101001011		543
01010100011		542
00010001010		541
01111001010		540
01100011001		537
00110001011		537
01001001011		535
00011000110		535
01110011010		534
01100100000		533
01010001101		533
00010101110		533
00011000111		532
00011010110		531
00001001101		531
00100001111		529
01100011110		527
01010001111		525
00010001000		525
01101010100		521
01001001101		520
00001001100		520
00101001010		519
00100001010		519
01101001001		518
01001001100		518
01011100011		517
00110101110		517
00100000010		517
01101011111		515
00011001000		513
00100011001		512
00000001100		511
00000100111		510
01000001100		507
00011110011		507
00010001111		507
00101001101		506
00011001101		506
10010010101		505
00100001011		505
00111001001		503
00101001011		503
00111101111		502
01100001010		501
00110001001		501
00000001111		501
10010010100		500
01000001001		498
00011101100		498
01010100010		496
00101010110		496
00001101001		496
10010100001		495
01110100001		494
01110001010		492
01010100100		492
01100000011		491
01111001011		490
01000100001		488
00010101111		488
00000101110		488
01111001101		487
01000000111		487
10001000010		486
01000101010		486
10000010101		485
00111010110		485
00100001001		485
01111100001		484
00011100110		483
01101101011		482
01100011111		482
10010011101		481
01110001011		480
01000100101		478
00111001101		477
01010001001		475
00011110010		473
01000100010		470
00110001111		470
10001011000		469
10000000101		468
10111000001		467
00010110000		466
00000110010		466
01111001100		465
00110001000		461
00001110010		461
00000001110		459
10111000000		456
10010000100		455
01000100100		455
00001101101		455
10110100000		454
00100100111		454
01011001101		453
00100101110		453
00010110011		453
00100001101		451
00100001000		450
00001101100		450
10001100000		449
01000101001		448
00111100110		448
00110101001		448
00100001110		448
01101011110		447
01000100011		447
00111001100		447
00101001000		447
00010001100		447
10010000101		445
00100101111		443
01010100111		442
00000110011		442
01010001100		439
00011101110		439
01001101001		438
00111101101		438
10011000000		437
00111101100		437
01110000010		436
01101101010		434
00111110011		433
01110001001		432
00111110010		432
10000000010		431
00100101101		431
00001001111		430
10001010100		429
01010000110		428
00011100111		428
01001101011		426
01110100011		425
01100101000		425
01110001101		424
00011101101		424
10010011100		423
10010100000		419
00111101001		419
10011100000		418
01010101100		418
01111100010		416
01100000010		416
10011011100		415
00111001000		415
10001010101		413
10001000100		413
01110001100		413
10000000000		412
10011000010		411
01010101101		410
01101001010		409
00110001010		407
01100100001		406
00010001110		406
10110011100		404
10011100010		404
01010010110		403
00110001110		402
10110000011		401
01110100101		401
01111001001		400
00001101110		400
00100001100		398
01110100100		397
00011101111		397
10011010100		396
10000011111		396
01111100011		395
01011001111		395
01001100100		395
00011110000		395
01101101001		394
01000001111		394
10000000100		393
01010001110		393
00000110000		393
01100001100		392
01100100101		391
01000001110		391
10001011101		389
01001101010		389
00011001111		389
10101000011		388
00110001101		387
10111100000		386
10110000100		386
01000111001		386
01000010111		386
00111001111		386
01100101011		384
10100010101		382
01101001101		381
01110001000		378
10011100001		377
10001100010		377
01111100101		377
01101100010		377
10101000100		376
01111001000		376
00101101101		376
01110100010		375
10111000101		374
01011010111		374
00110001100		374
10001100001		373
10110000010		372
10011011101		372
01011110011		372
00111001010		372
00110110011		372
00101110010		372
01001100101		371
01110001110		370
10100010100		369
10001011100		369
10110000101		367
10011011001		367
00101100110		366
10110000001		365
01110101001		365
01100101010		365
01100100100		365
00111100111		365
00101101001		365
00101001111		365
10110011101		363
10011000101		363
10010000011		363
01000000110		363
01100001101		362
10000100000		361
01101100011		361
00001001110		361
10010011001		360
10001011001		359
10000001011		359
10010011000		358
01011100101		358
01111100100		357
01000101011		357
00111101110		357
00101001100		357
00001100111		357
10101000001		355
01100001001		355
10000011101		354
10000000011		353
10000000001		353
10101000000		352
01100000111		352
00000101111		352
10101000101		350
10010000010		350
10011000100		348
10001001001		347
01111010111		347
01001001111		346
01100010110		345
00110110010		345
10010000111		344
10001100011		344
01101001100		344
01100001111		344
01100001110		344
01010110011		344
01000101100		343
00001100110		343
10000100010		342
00101101111		342
10010000000		341
00100101001		341
10100100000		338
01010100110		338
01001010111		338
01110000111		337
01100010111		337
10000011100		336
01110001111		334
10101010100		332
00111110000		332
10110010100		331
01101100001		331
10110000000		330
00111001110		330
10111000010		329
10101100000		329
10001011011		329
01110010110		329
00010111010		329
10110010101		327
10101000010		326
01011000111		326
01110100110		322
01011001110		322
10001001011		321
01111001111		320
01100100111		320
01110010111		317
01100001000		317
10010001011		316
10001001101		316
10011011000		315
01000100111		315
01011010110		314
00001110011		314
10111010100		313
00101001110		313
10111000011		312
10111011101		311
10011000011		311
00101101100		311
10100000100		310
00101100111		310
10010011011		309
10001001000		309
01111001110		307
01010110010		307
01111000111		306
00010110001		306
01000100110		305
10011001000		303
01100100011		303
10011100011		302
10000001100		302
00000110001		302
10101011100		301
10100000101		301
01111010110		301
00101110011		300
10010100011		299
00001101111		299
10100000001		297
10011011010		296
01011100100		296
01000101101		296
10011001011		295
10010100010		295
01011000110		295
00100110010		294
00010111011		294
10011011011		290
10000001000		290
01100101001		290
01010111011		290
10000100001		287
00100110011		287
10011010101		286
10000011110		284
10111010101		283
01011101100		283
01001000111		281
01101010111		279
01010111010		279
10011001010		278
10010011111		278
10000001001		278
10000000111		278
10101010101		277
10010000110		277
10110011000		274
01011101101		274
00101101110		273
00011001110		272
10011101000		270
10100000010		269
01101100100		269
01101000111		269
10110100001		268
10000001010		268
00111110001		268
00110110001		268
10001001010		267
10000001101		267
10010011110		266
01110101100		266
10111011001		265
10111100001		264
01110000110		264
01001001110		264
10010011010		262
01000010110		262
10001011010		261
10000000110		260
10110001000		259
10010010111		258
01100100010		258
10111000100		257
10001011111		257
10000100100		257
10000011001		256
10000011011		254
01110111010		254
01110100111		254
01101001111		254
10110100010		252
10100011100		251
10000010111		251
00110110000		251
01110101101		248
01001010110		248
01001110011		247
00001110000		246
10000100011		245
10000010110		245
10111011100		244
10101011000		244
10010000001		244
01111101111		244
01011100111		244
11000100000		243
10011001001		243
01111100110		242
10010001010		241
01111100111		241
01001101101		241
10001011110		240
10000011000		240
01001100111		240
01101100101		239
10111100010		238
01011100110		238
10111011000		237
10011011110		237
10010010110		237
10001001100		237
01111110011		237
01000110010		237
10111100011		234
10100011110		234
10100011101		234
10100000011		234
10100000000		234
10000101000		234
01010101111		234
01111000110		233
01001110010		233
10111011011		231
10101100001		231
01011110010		231
01010101110		231
00011111111		231
10110100011		230
10110011111		230
00000111010		228
10110001011		226
00000111011		226
01111101100		225
01100000110		225
01000111000		225
10110011011		224
01100101100		224
00111111110		224
10011011111		222
00100110000		222
01101010110		221
11001000001		220
10111101000		219
10010101010		219
01101100111		217
01001000110		217
10101011011		215
01000110011		215
10110011110		214
10100100010		214
01111110010		214
01010110001		214
10011001101		213
10100011111		212
10010100101		212
10010001101		212
01110101111		212
10100010111		211
10000011010		211
10101011101		210
01001111011		210
11111000000		209
10000001110		209
01100111011		209
00011111110		209
00011111010		209
10100100001		207
10000101001		207
01101000110		207
11001000000		206
10011010111		206
10010001001		206
10000100101		206
01001101111		206
01001100110		206
11101000000		205
01010111000		205
10110000111		204
10101100010		204
10101011001		204
01011101110		204
10000001111		203
01011111101		202
01011111010		202
01110101110		201
10010001111		200
01101001110		200
01011110000		200
10111001011		199
10101100011		199
10011101011		199
10010100100		199
01101110011		198
01010111111		198
00000111111		198
10110001100		197
10100001001		197
01100100110		197
10110001001		196
10010101001		195
10111011010		194
10100100011		194
10010101000		194
10001101000		194
01000111111		194
01000101111		194
11010100101		193
10110010111		193
01111101101		193
01011101111		193
00011111101		193
10111001001		192
10011101010		192
10011010110		192
10011000111		192
01001101100		192
10100001010		191
10010001000		191
00111111011		190
01111101110		189
01000110001		189
00110111010		189
10101001010		188
00001111111		188
10100001011		187
10110011010		186
01110110010		186
00001110001		186
11010000100		185
10011101001		185
10001010111		185
01001111111		185
00100111010		185
00011111011		185
10110011001		183
01010110000		183
10111101010		182
01000101110		182
10011001111		181
10100011011		180
00010111110		180
10111011110		179
10011001100		179
10100001100		178
10001101001		178
10001010110		178
01110110011		178
01000110000		178
00000111110		178
10010001100		177
01110111011		177
01011111111		177
00001111010		177
10110000110		176
10101011111		176
10001101011		176
01100111111		176
01100110011		176
00010111111		176
10100011000		175
01001110001		175
01001101110		175
11011000000		174
10111001101		174
10101001011		174
10101001000		174
01010111101		174
11010100001		173
10101011010		173
10001001111		173
10001000111		173
10000101011		173
10000101010		173
01100101111		173
00110111111		173
10110101000		172
10100010110		172
10010101011		172
00100110001		172
10111001010		171
10110101011		171
01101110010		171
01011111011		171
00111111010		171
10111001100		170
01111110001		170
01010111001		170
11000100001		169
10111101011		169
10111011111		169
10101001100		169
10010001110		169
01000111011		169
00111111111		169
00101110000		169
01000111100		168
00101110001		168
10101001001		167
01100101101		167
11101000001		166
10100011010		166
00011110001		166
10110010110		165
10101001101		165
10100100101		165
01101100110		165
11011000001		164
10111010111		164
00001111011		164
10011000110		163
10001100101		163
10100000111		162
10001100100		162
01011110001		162
10110101010		161
10100001000		161
01101101111		161
01000111010		161
11000000001		160
10110100101		160
10110100100		160
10101011110		160
10100011001		160
10100001101		160
10110001010		159
10100000110		159
01001111101		159
01011111100		158
10001101010		157
01001110000		157
00010111001		156
10110001101		155
10011100101		155
10011110010		154
01111110000		154
11000000100		153
10010110010		153
00010111000		153
10111101001		152
01110111101		152
00100111011		152
01110111111		151
01001111100		151
01000111110		151
10101100101		150
11110010101		149
11010100100		149
01110110001		149
01100110010		149
01100110000		149
00001111110		149
11011011011		148
11010100000		148
11001100011		148
10001001110		148
01101110000		148
01010111100		148
00010111101		148
11010011100		147
11010000000		147
10111001000		147
10110001111		147
10101101000		147
01101111110		147
11100000001		146
10111000111		146
10100001111		146
01000111101		145
00100111111		145
11111000001		144
11010011101		144
11000010101		143
10101010111		143
01110111110		143
10101101010		142
10100101000		142
10100100100		142
10010100111		142
10000100110		142
11010100111		141
01101101110		141
01100101110		141
01011111001		141
00000111000		141
11000011101		140
10101000111		140
00010111100		140
11110000000		139
11001011111		139
01101101101		139
01100111001		139
01011111110		139
11011100011		138
11000100101		138
01101110001		138
01100111010		138
00100111101		138
11011011111		137
11001000101		137
11010000101		136
01010111110		136
11011000101		135
11001100001		135
11100011100		134
11110011100		133
10011100100		133
01110110000		133
01101111111		133
11000100100		132
10011110011		132
10001000110		132
01001111110		132
11101010111		131
11001011101		131
11111000100		130
11001100000		130
11000011111		130
10100001110		130
11001000100		129
00100111110		129
11101100111		128
11100100100		128
11001011011		128
00100111001		128
10000100111		127
01111111110		127
00000111001		127
11011100010		126
11010010100		126
00101111011		126
00011111001		126
00000111100		126
11111100011		125
11001100010		125
10101000110		125
01111111101		125
01110111001		125
00110111011		125
00001111001		125
00000111101		125
11001100111		124
10010101101		124
00001111000		124
01101101100		123
10100110011		122
10100101010		122
10011001110		122
11110011101		121
11010011111		121
11010000111		121
11000000000		121
10100100111		121
10010100110		121
11010101011		120
11000100110		120
11000010100		120
10111100101		120
01101111101		120
01011111000		120
11101010100		119
11011011001		119
10111010110		119
00101111010		119
11111100010		118
10111100100		118
01111111111		118
01101111010		118
00001111101		118
11101110001		117
11010011001		117
11001000011		117
11000101011		117
10000101101		117
00110111101		117
00001111100		117
11110100101		116
11011100001		116
11000011100		116
10001100111		116
11111101010		115
11010000001		115
00110111100		115
11110000100		114
10111000110		114
00101111000		114
11111000101		113
11001101000		113
10111001111		113
10110101001		113
10101101011		113
10000110000		113
00111111100		113
11110100111		112
11110000001		112
11011111101		112
11010010111		112
11001011000		112
10101100100		112
10001110010		112
01100111110		112
00011111100		112
11111100101		111
11111100001		111
11110100100		111
11011100000		111
11011000100		111
11000111101		111
10010110011		111
10010101100		111
10001111111		111
01100111101		111
00111111101		111
11111010100		110
11110111111		110
11110100000		110
11110010111		110
11001111111		110
11001110010		110
11000100111		110
10110100111		110
10100101011		110
10000101100		110
11110000101		109
11000100011		109
11000000101		109
01110111000		109
01001111010		109
00110111000		109
01111111010		108
11110111101		107
11001110001		107
01110111100		107
01101111011		107
11101100011		106
10010110000		106
00100111000		106
11011011100		105
11010100010		105
11000001001		105
10001110011		105
01101111000		105
00011111000		105
10110110010		104
00101111110		104
11111100100		103
11100000000		103
11011011000		103
11011000011		103
11010001000		103
11001101011		103
11001011010		103
10101101001		103
10000110010		103
11011011101		102
11010100110		102
10110101101		102
01111111011		102
11101110011		101
11101000101		101
11100100000		101
11010011110		101
10011100111		101
10000110011		101
00101111111		101
11110011110		100
11110000110		100
11001011110		100
10111110010		100
10111001110		100
01111111100		100
00111111000		100
00110111001		100
11111011101		99
11101011001		99
11101000011		99
11100100101		99
10110100110		99
10110001110		99
01100110001		99
11111101011		98
11111011001		98
11110100110		98
11100000111		98
11100000101		98
11001011001		98
11000110011		98
10100101001		98
01001111001		98
11101011011		97
11011100101		97
11001100100		97
11000000110		97
10111110001		97
10110101100		97
10001100110		97
11111100111		96
11101000100		96
11100010101		96
11011000010		96
11010100011		96
11001000010		96
10101010110		96
10101001111		96
11111111101		95
10011101101		95
01101111100		95
01001111000		95
00101111101		95
11110101011		94
11011010100		94
11011001000		94
11010011010		94
11001101001		94
11001011100		94
11001010101		94
11001010100		94
11000001011		94
01111111001		94
11110010100		93
11110000111		93
11101101010		93
11011100111		93
11000001000		93
10111100111		93
11100011000		92
11010011011		92
10100100110		92
10001110001		92
11111011110		91
11110100001		91
11100100011		91
11010111101		91
11010010101		91
11000011110		91
11000000111		91
11011000111		90
11010101101		90
11010101000		90
11001110011		90
11000011011		90
11111100000		89
11111011100		89
11101100001		89
11100010111		89
11001111001		89
10011110000		89
10001101101		89
11110100010		88
11101100000		88
11010110001		88
11001000111		88
10101110010		88
10101110001		88
10100101100		88
10011100110		88
11111011111		87
11111011011		87
11111011000		87
11101000010		87
11100100001		87
11001001000		87
10101100111		87
11010000011		86
11001010111		86
11000111001		86
10110110000		86
10010111101		86
10010101110		86
00111111001		86
11101011111		85
11010101010		85
11001101010		85
10110110011		85
00100111100		85
11111000111		84
11110001100		84
11110000011		84
11100011111		84
11010101111		84
11001100101		84
11000110001		84
11000011001		84
10101001110		84
10100101101		84
11111101000		83
11110111011		83
11110100011		83
11101110000		83
11101011010		83
11101010101		83
11011100100		83
11001010110		83
11000101010		83
11101100110		82
11100111011		82
11100101000		82
11100100110		82
11100010100		82
10111110000		82
11111110001		81
11101110010		81
11101001000		81
11011001011		81
11010111011		81
11000000010		81
10011101100		81
00110111110		81
00101111001		81
11111010101		80
11111001000		80
11111000011		80
11110101010		80
11101000111		80
11011010111		80
11010001001		80
11000111111		80
11000110010		80
11000011010		80
11000010111		80
11000000011		80
10100101111		80
10000101110		80
11110011011		79
11100011101		79
11010011000		79
10111111111		79
10101110011		79
10010111111		79
10001111100		79
10001110000		79
00101111100		79
11111011010		78
11101011101		78
11011011110		78
10111101101		78
11110001000		77
11010001011		77
11000111000		77
01100111100		77
11110101101		76
11100011110		76
11010001100		76
11010000110		76
11000101101		76
11000100010		76
10110101111		76
10101110000		76
10100111011		76
11111000010		75
11110110011		75
11110101000		75
11110011111		75
11011011010		75
11010111111		75
11010010110		75
11000111110		75
11000010110		75
10100101110		75
11111101001		74
11100000110		74
11100000010		74
11011010110		74
11011001001		74
11010101001		74
11010000010		74
11001111100		74
11000011000		74
10111101100		74
11111100110		73
11110101100		73
11110000010		73
11101100010		73
11100011001		73
10010111011		73
11101100100		72
11101011000		72
11100100111		72
11011101010		72
11000101000		72
10010110001		72
10000101111		72
01111111000		72
11111110011		71
11011010101		71
11000111011		71
10111110011		71
10001111010		71
11100000011		70
11011101000		70
10111100110		70
10010111010		70
10000110001		70
11110101001		69
11101011100		69
11100101101		69
11100001011		69
11001111110		69
11001101110		69
11000001101		69
01100111000		69
11111001101		68
11110011000		68
11100010110		68
11100001010		68
11011001100		68
11010111100		68
11010111000		68
10100110010		68
10100110000		68
11111111111		67
11011111100		67
11011101011		67
11011100110		67
11001111101		67
10110111111		67
10010111110		67
10001101100		67
10000111101		67
11111001100		66
11010001101		66
10000111011		66
11111101111		65
11100110011		65
11100000100		65
10001101110		65
11100111000		64
11100011011		64
11011101001		64
11010001111		64
11001001100		64
10111111110		64
10000111111		64
01101111001		64
11111010111		63
11111001011		63
11110010110		63
11101101011		63
11101100101		63
11000101001		63
11101111001		62
11101001010		62
11011110011		62
11011110010		62
11011101100		62
11010111001		62
11001110000		62
11001001011		62
11001001001		62
11000110000		62
11000101111		62
11000001100		62
10001111000		62
11110111010		61
11110001101		61
11110001001		61
11101101000		61
11011111110		61
11011001101		61
11010101100		61
11001000110		61
10110101110		61
10101100110		61
10011101111		61
00011010000		61
11111111011		60
11111000110		60
11101001011		60
11010110011		60
11000111100		60
10110110001		60
10011111010		60
10011110001		60
10001111011		60
10001101111		60
11111111110		59
11111111100		59
11110101111		59
11101111111		59
11100101110		59
11100001000		59
11011001010		59
11010110000		59
11001001110		59
11001001010		59
11000001111		59
10111111010		59
10111101110		59
10110111011		59
10100111111		59
10001111110		59
10000111110		59
11101111101		58
11100001100		58
11011111011		58
11001111011		58
11000001010		58
10010111100		58
11110110001		57
11100011010		57
11011110001		57
10101101111		57
10001111001		57
11110011010		56
11101111010		56
11100100010		56
11011111001		56
11011101111		56
11011000110		56
11010110010		56
10101101100		56
10000111001		56
00010010001		56
11111010110		55
11110111110		55
11110011001		55
11101011110		55
11101010110		55
11010111110		55
10101101110		55
11111001110		54
11110111001		54
11110101110		54
11101001100		54
11100101111		54
11001111010		54
10111101111		54
10100111010		54
10100111001		54
10011101110		54
10010101111		54
11100111111		53
11010001010		53
11001001101		53
10101101101		53
11110110010		52
11100001001		52
11010111010		52
10000111100		52
11111110000		51
11110110000		51
11101001001		51
11100101011		51
11001111000		51
10110111010		51
11111001001		50
11110001011		50
11101101101		50
11100101010		50
11000001110		50
10011111101		50
00000010010		50
11110001111		49
11101001101		49
11011111111		49
10111111101		49
10110111100		49
10101111111		49
10011111011		49
10000111000		49
11111001010		48
11001101101		48
10100111110		48
10011111111		48
10011111100		48
11111101100		47
11110001010		47
11011111010		47
10001111101		47
11111001111		46
11110001110		46
11101111110		46
11100110000		46
11001100110		46
10111111100		46
10010111001		46
01000010010		46
11111110010		45
11100110001		45
11011111000		45
11010101110		45
11001101100		45
11000101100		45
10111111001		45
10110111000		45
10000111010		45
00111010011		45
11101111011		44
11100101001		44
11011001111		44
11001101111		44
10111111000		44
11110111100		43
11100111001		43
11100101100		43
11011101101		43
11001001111		43
01001010011		43
11101111100		42
11100111101		42
10111111011		42
10110111110		42
10100111101		42
10011111110		42
11110111000		41
11101101100		41
11101101001		41
11101000110		41
11100111010		41
11000101110		41
11100001111		40
10100111100		39
01100010001		39
11111101101		38
11101001111		38
11100111110		38
11100110010		38
11000111010		38
10110111101		38
10101111110		38
01010010001		38
11111101110		37
11011001110		37
10101111010		37
10101111001		37
11101101111		36
11100111100		36
11011101110		36
01011010001		36
11100001110		35
11100001101		35
10101111011		35
11101111000		34
11101001110		34
10101111100		34
10100110001		34
00010010000		34
10100111000		33
11111111000		32
11011110000		32
11111111010		31
11010001110		31
01101010011		31
01011010000		31
11111111001		29
10101111101		29
10011111000		29
10010111000		29
10110111001		28
10100010000		27
10011111001		27
11101101110		26
10101111000		25
10010010001		25
10001010000		23
01100010010		23
01010010000		23
01001010010		23
00000010001		23
00011010001		22
11011010001		21
00101110101		21
00001010010		21
11000010001		20
01000010000		20
00100010010		20
10001010011		19
01100010000		19
00111010000		19
00011010010		19
00000010000		18
00100010000		17
00001010011		17
00000010011		17
01101010010		16
00110010011		16
00110010001		16
01100010011		15
00101010000		15
00100010001		15
10001010010		14
01000010011		14
00110010000		13
00010010011		13
10110010001		12
01111010010		12
01100110101		12
00100010011		12
00010010010		12
10101010000		11
10001010001		11
01111010011		11
01110010001		11
01101010000		11
01000010001		11
11111010000		10
01110010011		10
01001010000		10
00111010010		10
00101010010		10
01110010000		9
00111110100		9
00001010001		9
11001010011		8
10100010001		8
00011010011		8
11111010011		7
10010010000		7
10000010010		7
01111010000		7
01001110111		7
00101010001		7
10111010000		6
10011010000		6
01011010010		6
01010010010		6
01001010001		6
01000110111		6
00110010010		6
00101010011		6
00010110101		6
00001010000		6
11110110101		5
11101010011		5
11000010000		5
10111010011		5
10111010010		5
10010010011		5
10000010011		5
10000010000		5
01111010001		5
01110010010		5
01101010001		5
01010110101		5
01010010011		5
01001110110		5
00000110110		5
11011010000		4
10101010011		4
10100010010		4
10011010011		4
10010110100		4
10000010001		4
01000110110		4
00110110111		4
11100010001		3
11010010000		3
10110010000		3
10101010001		3
10011010001		3
01110110100		3
01011010011		3
00111010001		3
00101110111		3
00101110100		3
00011110101		3
00010110110		3
11110110100		2
11110010011		2
11110010000		2
11101010010		2
11100110111		2
11100110101		2
11100110100		2
11100010000		2
11011110101		2
11010110100		2
11001010010		2
11000010010		2
10111010001		2
10110110111		2
10100110111		2
10011010010		2
10010010010		2
01111110111		2
01111110100		2
01100110111		2
01011110101		2
01010110100		2
01001110100		2
01000110101		2
01000110100		2
00111110101		2
00110110110		2
00110110101		2
00101110110		2
00001110111		2
00001110101		2
11111010010		1
11111010001		1
11110110111		1
11110110110		1
11101110100		1
11101010000		1
11010010010		1
11010010001		1
11001110111		1
11001010000		1
11000010011		1
10111110111		1
10111110110		1
10110110110		1
10110110101		1
10110010011		1
10110010010		1
10101110111		1
10101110101		1
10101010010		1
10100110101		1
10100110100		1
10010110101		1
10001110101		1
10000110111		1
10000110101		1
10000110100		1
01111110101		1
01110110111		1
01110110101		1
01101110111		1
01101110101		1
01101110100		1
01100110110		1
01011110100		1
01010110110		1
00111110111		1
00110110100		1
00100110111		1
00011110111		1
00011110110		1
00011110100		1
00010110100		1
00001110100		1
00000110111		1
00000110101		1
00000110100		1
