10000001100		783
01010100111		780
10000001101		745
01010001111		706
01000000111		704
01010100101		686
01010000111		680
10001001110		662
01000100101		662
01000001110		662
10001001111		659
10001011011		656
00000001101		651
10000001111		647
01011001111		642
01000001111		642
10010000111		639
10000100110		634
10000001011		632
00110001111		624
10000011111		620
01010100011		620
10100100111		616
01011110011		612
10001110011		610
01001100011		610
01001100010		610
01000001100		604
01011001110		602
01010110011		602
10000001110		598
10110001111		597
10000000111		596
01011001011		593
01000001101		591
01110001111		586
01000001011		583
10001100011		582
10010100111		581
01111001101		580
01111001111		579
10000100100		577
01001100100		573
10001011100		568
01100100111		566
01000100111		566
11110001111		560
10000111100		558
01001001111		554
01010111111		552
01010001100		552
01010011111		551
01110100101		548
01010100110		548
01001011100		548
10110011111		545
01100001111		544
01010001110		544
01000011111		543
01011100011		542
10010100101		541
00010001111		537
00100101111		531
00011001100		531
10010001011		528
10101110000		527
10001100111		526
01011111101		526
10100100011		523
10000100111		523
10001101011		522
10001100010		522
00000001110		522
01001000011		520
01010111101		512
10000100010		511
10000100101		510
01011011110		507
01010011101		507
00111001101		507
00000100100		506
00010101100		505
01011111100		504
01000011110		502
00011011101		502
01011011111		500
01001001100		500
10101011111		499
10011001111		499
00011001011		498
10101100011		497
10100011111		497
10101110011		496
10011001101		496
01110001110		496
10111001100		495
10011001011		495
00111001100		495
01010101101		494
00111111110		494
01001101101		493
00010100100		492
01001101111		491
01110100100		490
00100100110		490
10101001100		489
10010001110		489
10001011000		488
01010011100		486
00100001110		486
01011011101		485
10011011100		484
10010011101		484
10011110010		483
10011100010		483
00001011100		482
01011100010		480
01010111000		480
01000101101		480
00010111110		480
01111101111		479
01101001100		479
00011001101		479
01011000000		478
10111001101		477
01001011000		477
11100001100		476
00100011100		476
11011011111		475
01000100100		475
01000100010		475
00101111111		475
00101100011		470
00000111111		470
00000011111		470
00000001001		470
01101100000		467
01111001110		466
00101100010		466
10010111100		465
00000100111		465
10101011100		464
10100100110		464
01100000111		464
01010001101		463
10110100101		462
01011000001		462
00100000111		462
00010100111		462
01111001100		461
01001011101		461
01011001100		460
10100101101		459
01101111111		459
10010011111		458
01000100110		458
10010001111		457
01000000110		457
10000000110		456
10011001110		455
10010111101		455
01011100000		455
01000101100		455
10001011111		454
01110111110		454
01011011100		454
00010011101		453
00000100110		453
10110001100		452
10000111011		452
01000100011		452
00110101111		452
10110100110		451
01011110001		451
01011101110		451
01001010111		451
11110001100		450
10011110011		450
01011000011		450
00010100101		450
01010101110		449
00001100001		449
11000001101		448
10001001011		447
01101100111		447
01010101100		447
01001110010		447
00100100111		447
00011011100		446
11010001111		445
11000001011		445
10010101111		445
10010100011		445
10001101001		445
01111100101		445
01010111100		445
10100000111		444
01010011110		444
11000001111		443
10011001000		443
10010101100		443
00000111011		443
10101100111		441
00101011111		441
10100001111		440
10010100100		440
01010100001		440
01000001010		440
11001001111		439
10111011011		439
00001111111		439
10110100100		438
10000101101		438
01100010111		438
00101100111		438
00010001101		438
10101100100		437
01101110011		437
10000001010		436
01111011011		436
00001011000		436
10000010111		435
00010001110		435
01011101000		434
10101001111		433
01011111011		433
00100001111		433
10101100101		432
10001101100		432
10001001101		432
10000011101		432
01010010101		432
01001011111		432
00111100100		432
00011110011		432
11010011100		431
10011100011		431
10011011110		430
10011011101		430
00011100001		430
10101100000		429
01110100011		429
01100100100		429
00001001100		429
01110111111		428
00111011011		428
00110100111		428
10011011111		427
10010010101		427
01010010111		427
10010110011		426
01110000111		426
01100001100		426
00111011100		425
10011001100		424
10001110000		424
01001001000		424
01000111111		424
11101001010		423
10110100011		423
10100001110		423
10001000011		423
01011001101		423
00111111100		423
00100111111		423
00000001111		423
10010111111		422
01101100011		422
01001011110		422
10101110010		421
10001000000		421
10000011110		421
11001001110		420
10111100111		420
10100010111		420
10001110001		420
01101011011		420
01011010111		420
01011001001		420
10001001000		419
10000101001		419
10000100000		419
01000111100		419
10100001100		418
00110001110		418
11010100100		417
10000000101		417
00001101011		417
10101010100		416
10000010100		416
00001111110		416
00000001100		416
11110000101		415
11000001001		415
01011000100		415
00000000111		415
11001001100		413
10111100001		413
10111001111		413
10100101111		413
00111001111		413
00100001101		413
00011111111		413
00001100111		413
10110110000		412
10110011100		412
10011100100		412
10000110011		412
10000010110		412
01111110000		412
00101101111		412
00101001101		412
00011100000		412
00010010101		412
10110100111		411
10101011011		411
10100100101		411
01010011011		411
01000000101		411
11001011101		410
10001001100		410
01100011100		410
00101011100		410
00100100100		410
11010001100		409
01011000111		409
00000111100		409
10101001110		408
01011111111		408
01010000110		407
00111011001		407
00001011011		407
00001001111		407
10110000100		405
01100100101		405
11010001001		404
11001101001		404
10001010101		404
10001000010		404
01001110011		404
10001010110		403
01011011001		403
00001011111		403
00000111110		403
10111011101		402
10010100001		402
01100101111		402
01100001110		402
00110101101		402
00110011100		402
10000101110		401
00100011110		401
10001101110		400
01110101111		400
01110101101		400
01011011010		400
01001111101		400
00110011110		400
00001100010		400
10011010111		399
10001000101		399
01110101011		399
01010100010		399
01001011001		399
00101100100		399
10011000101		398
01111100001		398
00011001111		398
11010001011		397
01101001111		397
00110111111		397
00100001010		397
00010000111		397
10111000000		396
01001001101		396
01011110010		395
00101001110		395
00101000100		395
00010100110		395
00001011101		395
10110011101		394
10011100001		394
10001100001		394
11111001111		393
01010010100		393
10111000101		392
10000001000		392
00011111110		392
10010010111		391
10000010101		391
01111111100		391
00101001100		391
11101001101		390
10110001101		390
10011101001		390
10001011101		390
01001001011		390
10001100100		389
01100010101		389
01001111111		389
11010011101		388
01110011110		388
11011011011		387
10011000001		387
01111010111		387
01111010110		387
10100111011		386
10011110000		386
10011011010		386
10010101101		386
00011000000		386
00000000110		385
10010001100		384
10001001001		384
00011011011		384
11100001111		383
10110101100		382
10101100010		382
10001101101		382
01101100010		382
01101001110		382
01101000011		382
11111001101		381
01001100101		381
10111110001		380
10011011011		380
10011010110		380
00010010111		380
10010011100		379
10001000001		379
10000111010		379
01101101000		379
01010001000		379
00001010111		379
11101000101		378
10000001001		378
01110100110		378
00110111100		378
00011011010		378
00001110010		378
00001011110		378
10100101100		377
10100100001		377
01111011101		377
00111110000		377
00110010111		377
00010111101		377
11111011110		376
10001010100		376
01011100111		376
10100010110		375
00100001100		375
00001001101		375
10010111011		374
10010011110		374
10000101111		374
01011000101		374
01001011011		374
00001000000		374
01110011101		373
01010001011		373
11000011111		372
10100010101		372
10001101010		372
01110001100		372
01100111011		372
01001001110		372
01000111101		372
00010111111		372
00010001011		372
10111001110		371
10101110001		371
01001100000		371
00111111111		371
00110100101		371
00011000100		371
10001100000		370
01010111001		370
00011101000		370
11001101011		369
10010000101		369
01110011111		369
01011011011		369
00000100010		369
11010000100		368
10111101101		368
10110000101		368
10011001010		368
10001010111		368
01111110001		368
01111100011		368
01011101001		368
00010001001		368
00001001000		368
11011001101		367
10001011001		367
10110000111		366
10101000000		366
10001100110		366
01101010110		366
01010100100		366
10100110011		365
10010000100		365
10001111100		365
10001110010		365
10000101100		365
10010111110		364
10010001101		364
01101001101		364
01001000010		364
01111100111		363
01110111010		363
11100011100		362
10001000100		362
01001100111		362
00101001111		362
10110001110		361
10011011001		361
01111011111		361
10111000001		360
01011110000		360
01011001000		360
11011001111		359
10010011011		359
01101101111		359
01101011110		359
01100101101		359
01010001010		359
01010001001		359
00011100010		359
00000010100		359
10111100100		358
10110111011		358
10000100001		358
00001001011		358
11010100011		357
10011101101		357
10011000111		357
10010000110		357
01111101001		357
00011111101		357
10110011110		356
10110000110		356
10000110001		356
01110010101		356
01010000101		356
11101001100		355
11010100101		355
10011101011		355
01000111011		355
00101100110		355
00100100101		355
00011010111		355
00001011001		355
11011001011		354
10111100110		354
10010100000		354
01111000111		354
01001011010		354
11110010111		353
11001101000		353
10001100101		353
01100101100		353
00101000111		353
00011101010		353
00010001010		353
00001111100		353
00001110011		353
10101100001		352
10100001011		352
01011001010		352
01010110010		352
00111110011		352
00110001101		352
11110111011		351
10111011110		351
01011100001		351
00101110000		351
11010011111		350
10010101110		350
01100111111		350
00010001100		350
11011101000		349
11000100100		349
10110001000		349
10000111101		349
10000011100		349
10010110010		348
01000101111		348
00101101011		348
00100010111		348
10101011110		347
01101000010		347
00111001011		347
00101001010		347
00000011101		347
10111010111		346
10111000010		346
01100000100		346
01011000010		346
01000110011		346
00100100011		346
10100001010		345
01111011001		345
01110001101		345
01000011101		345
00011011001		345
00010111010		345
00001001110		345
10110010101		344
10000011001		344
01110100111		344
00011111011		344
10011001001		343
10010100110		343
10001001010		343
10000011011		343
01100010110		343
00100010110		343
11001011011		342
10111011001		342
10011101100		342
01110011100		342
01000111110		342
00101011101		342
00101010101		342
00011000001		342
01101100100		341
00111010111		341
00011100110		341
00011100011		341
00000100101		341
11110010101		340
11000001110		340
10101100110		340
01010101111		340
01001111011		340
00010100011		340
11111001110		339
10111110010		339
10010011001		339
00101000101		339
11100001101		338
10110111111		338
10101011101		338
10100011100		338
10001000111		338
01111101101		338
01110110010		338
01100001101		338
00000000101		338
10101001101		337
10100011110		337
00011000010		337
00000011100		337
11010100001		336
10111111000		336
10101000010		336
01111111110		336
01011010110		336
01010101011		336
00011101100		336
00001001001		336
10111111001		335
10111100011		335
10111000111		335
00001100101		335
00000101101		335
00000000011		335
10111100000		334
10111000110		334
10110111110		334
01011100101		334
00110100110		334
00010011110		334
11110000110		333
11100001011		333
11100000111		333
10010010100		333
01011111010		333
01011101100		333
00111100011		333
00001100000		333
00000001011		333
11110011110		332
11100011111		332
11000000110		332
10110101101		332
10101101000		332
10011101111		332
10011000011		332
01110111011		332
01101011111		332
01001101100		332
01001101000		332
01000101110		332
00111011111		332
00010000100		332
00001100011		332
11000010101		331
00111100111		331
00000010111		331
11111110001		330
01101001011		330
00101110011		330
00101000011		330
00010010100		330
00001001010		330
01110010111		329
00101010111		329
00010111001		329
10100010100		328
01011111001		328
01010111010		328
00110001000		328
10111111111		327
01000011001		327
01000010101		327
01000000011		327
00100111110		327
00011100111		327
11101011011		326
11011100011		326
11010100000		326
11001001000		326
10101001010		326
10000111000		326
01111100110		326
01010011001		326
11110001110		325
11000010110		325
10110100000		325
10100001101		325
01111100000		325
01111000011		325
00101100001		325
11110100100		324
11101010100		324
01110010110		324
01010111110		324
00001111101		324
11011011101		323
10000100011		323
01111100100		323
01101101001		323
01010000100		323
00111000000		323
00000011110		323
10111110000		322
10011100110		322
01100001011		322
01010000000		322
01001000100		322
01000000100		322
00110111101		322
00010101001		322
11111000001		321
10010000011		321
01101011101		321
00111100001		321
00111000011		321
00100111101		321
00100000100		321
00001000011		321
00000101100		321
11010001000		320
01001100001		320
00010101011		320
10110111000		319
01101011100		319
11101000000		318
10011100000		318
10010001000		318
01111001011		318
01100011111		318
01011100100		318
00100101110		318
00100010101		318
00011110000		318
00011001110		318
00000110001		318
00000101001		318
11001100010		317
10011010100		317
01110111101		317
01101000100		317
00111000110		317
00101001001		317
00100100001		317
00010001000		317
11000001100		316
10011111100		316
10011000010		316
10001011010		316
10000110000		316
01111011000		316
01001001001		316
00011001010		316
00010111100		316
00010000110		316
11001110011		315
11001100011		315
01011111000		315
01011100110		315
00111010101		315
00010010110		315
01100100001		314
01011101011		314
01001110000		314
00101100000		314
00011111010		314
00011010110		314
11110011101		313
11001011111		313
10101011010		313
10101010111		313
10010011010		313
01000111001		313
00101001011		313
00001101001		313
11101110000		312
10100100100		312
10011100111		312
10001011110		312
01101111110		312
01011010100		312
01000010111		312
00111001001		312
00010110000		312
11111001100		311
11110100101		311
11110011100		311
11101110011		311
10100011011		311
10010010110		311
01100111100		311
00011011111		311
11000110011		310
10000000010		310
01100100110		310
00100011111		310
11010111000		309
10110100010		309
10101101011		309
01111111111		309
01101110000		309
00000111010		309
11011000001		308
10100100000		308
10000110010		308
01000010100		308
00011111100		308
00010011111		308
00001101110		308
00001100110		308
00000110011		308
11111011001		307
10100111010		307
00000101011		307
11111000000		306
11110100010		306
11110100001		306
11010011110		306
11001001101		306
10111001001		306
10100000110		306
01100100011		306
00110001001		306
11000000100		305
10101111111		305
01000010110		305
00011011110		305
11001000001		304
10110101011		304
01101001000		304
00111011101		304
11100001010		303
11100001001		303
01110000100		303
01011111110		303
01000001000		303
00111000001		303
00011010100		303
00001010101		303
00001000111		303
00000100011		303
00000011011		303
11111100011		302
11100100001		302
10000101000		302
01101101011		302
00110001100		302
00010101110		302
00000100001		302
11011000111		301
11001001010		301
10110001011		301
10101101010		301
10010100010		301
01111011010		301
00111001110		301
00110101011		301
11000011110		300
10011100101		300
01001111110		300
01001000110		300
11101011111		299
11011100001		299
11001111110		299
01111001010		299
01101110010		299
00101011000		299
00101000010		299
00100101100		299
00011101111		299
00010100000		299
11100100100		298
10111101011		298
10111011111		298
10011101010		298
01111011110		298
00011000011		298
11100111011		297
11000010111		297
10100101110		297
10011101000		297
01111000010		297
01001001010		297
01000100000		297
00101101101		297
00010100001		297
11111010100		296
01010100000		296
00111000101		296
00100001011		296
00010111000		296
00000001000		296
11011110010		295
11000011100		295
11000001010		295
10101001001		295
10101000001		295
01011101111		295
01001110001		295
00100111000		295
00000011010		295
11101001111		294
10111111011		294
10110000011		294
01100110011		294
01010111011		294
01000110001		294
00110011111		294
11111011010		293
11000000111		293
10100000100		293
10010110000		293
01110001001		293
00101110010		293
00001101101		293
11000100101		292
10111111010		292
01111011100		292
01100000101		292
00100101101		292
11100100011		291
10101000011		291
10100111001		291
10010101001		291
10010000000		291
01111111101		291
01111110010		291
01101100110		291
01100101110		291
01011101010		291
01011011000		291
01000111010		291
01000110010		291
00110000111		291
00100101000		291
11011001100		290
00111101111		290
00111011010		290
00010011100		290
00001110000		290
11001110001		289
10101011000		289
01110100010		289
01110001010		289
01101001001		289
01000100001		289
00111100110		289
00101111101		289
00011011000		289
11111011101		288
10111101001		288
01111101011		288
01110100001		288
01101010101		288
00100111011		288
00011101101		288
00000101010		288
11111100010		287
11001110010		287
10111100010		287
10110101000		287
10010101011		287
10001111001		287
10000000100		287
01101101110		287
01010110001		287
00111011110		287
00101010110		287
00100011011		287
00001111010		287
00001000110		287
00000010101		287
11010001110		286
11001000010		286
11000101111		286
10100110010		286
10011000100		286
10001101111		286
00101101110		286
00011110010		286
00010101010		286
00010000101		286
11001000111		285
11000011101		285
10000111001		285
01101000001		285
01100100000		285
00111101011		285
00110010110		285
00101000110		285
00100110011		285
11000001000		284
10011111011		284
10001111111		284
01111010100		284
01000110000		284
00110100001		284
00101011110		284
00011000101		284
10111100101		283
10000011010		283
01111000001		283
01001100110		283
01000011100		283
00111101010		283
00011111000		283
10010111010		282
00001111011		282
11001010100		281
10111011010		281
10100110000		281
10011101110		281
01110000110		281
01101010100		281
00101011011		281
00100101011		281
00100001000		281
00001011010		281
00000000100		281
10101011001		280
10010000010		280
00111010100		280
00110101110		280
11001100001		279
11000100001		279
10101101110		279
11111011000		278
11111000100		278
11110000111		278
11101001110		278
11001101010		278
10111101010		278
10100101000		278
10011111110		278
10010011000		278
01100101001		278
01000101011		278
00011100101		278
11010000101		277
11000010100		277
11111000101		276
11110010110		276
11101011110		276
11001011110		276
11001011000		276
10001111011		276
01111010101		276
01001010101		276
00011101001		276
11011011100		275
11001000100		275
10111101110		275
10101010101		275
10011000000		275
01000101000		275
00110000110		275
00001111000		275
11100010101		274
11011011110		274
11001001001		274
10001101000		274
01010101010		274
00110101100		274
00011000111		274
11011101011		273
11010001101		273
11001000110		273
01001000101		273
00111111101		273
00111101101		273
00101111000		273
00010111011		273
00010000000		273
00001100100		273
11000111000		272
10111010100		272
01111101110		272
00001101100		272
11111101010		271
11100001110		271
11011100100		271
11010000111		271
11000100011		271
10111001011		271
10110010110		271
10100100010		271
01110111100		271
01001010110		271
00111011000		271
00010110001		271
11000101001		270
10101001011		270
00001000100		270
11100101000		269
11010010111		269
11000100010		269
01110010100		269
01100111110		269
01001101110		269
00000110010		269
00000011000		269
11001000000		268
11000100000		268
11001011100		267
10110110001		267
10101101101		267
01000001001		267
11111001010		266
11100000101		266
11011010111		266
10100111000		266
01101100001		266
01100000110		266
00010011001		266
00001000101		266
11111011100		265
10101101111		265
10001111000		265
01111000101		265
00101111011		265
11111101000		264
11101100000		264
11101010111		264
10110101110		264
10101111100		264
10100000101		264
01111101010		264
01110101110		264
01001111100		264
00010000010		264
11111101011		263
10111111100		263
01101111011		263
00000111000		263
11010100111		262
10110000010		262
10000111111		262
01000011010		262
11101000111		261
11100111010		261
11011000011		261
10111000011		261
10101001000		261
00001101111		261
11111010110		260
11111001011		260
11101011000		260
11010101101		260
11000101010		260
10110000001		260
01110001011		260
01001010100		260
11101000001		259
11100110000		259
10011111101		259
01101010111		259
00111010110		259
00110011101		259
00100000101		259
00001000010		259
11000111001		258
10111010110		258
00110001011		258
00101010100		258
11111100001		257
11101100010		257
11011001001		257
10111000100		257
01001101011		257
00000001010		257
11100000100		256
10110101111		256
10110010100		256
10101111011		256
10101000100		256
00110010101		256
00010101101		256
11101100001		255
11011001000		255
11001000011		255
10111110011		255
10110011010		255
01111000110		255
01101011001		255
01100101011		255
01000111000		255
00100111100		255
01110100000		254
01110000011		254
01100000010		254
00100111001		254
00010110010		254
11011000000		253
11010110001		253
11001010101		253
10111101111		253
10110111100		253
10101000101		253
01000101001		253
00111100101		253
00100011101		253
00011010101		253
11000101011		252
10111011000		252
10101010110		252
00111000111		252
00100110000		252
00011001001		252
00010000011		252
00001101000		252
00001010110		252
11101001011		251
11001010110		251
10100001001		251
10011110001		251
00111110001		251
00001000001		251
11010011011		250
10100001000		250
10011011000		250
01010011000		250
00110100011		250
11010101111		249
10010001010		249
11000110001		248
10110110011		248
10100111110		248
01011101101		248
00101001000		248
11110001101		247
10101101001		247
01010101000		247
00101111010		247
00101000001		247
01111100010		246
00010011010		246
00000110000		246
00000011001		246
11110110001		245
11011110011		245
11010100010		245
10111011100		245
01111000100		245
01101111010		245
01001101001		245
00111100010		245
00100000110		245
10110001001		244
01101111100		244
00000111101		244
00000101000		244
11010010101		243
01101111000		243
01101100101		243
01011010101		243
01010010110		243
01000011011		243
00011101110		243
11010010100		242
01011000110		242
00101011001		242
00100011010		242
00011100100		242
11011101001		241
11001001011		241
10010111001		241
10010110001		241
01100111001		241
01010011010		241
11100000001		240
10110010111		240
10000000000		240
00110110000		240
00011001000		240
00010101111		240
11101110010		239
11001100000		239
10100011101		239
10010001001		239
00110101010		239
00001101010		239
11111011011		238
11110001010		238
11010100110		238
11000011011		238
10010111000		238
10001111110		238
01111110011		238
00110011000		238
11110001011		237
11010101001		237
10100111111		237
10100110001		237
01100011101		237
01100001010		237
01010000010		237
00101011010		237
11001100100		236
10110111010		236
10011010101		236
10000111110		236
01101000111		236
00111001010		236
00111000010		236
00110110001		236
00101000000		236
00100100000		236
00000100000		236
11110001001		235
11100100110		235
10110100001		235
10100000001		235
01110101010		235
00011111001		235
11111000111		234
11010000110		234
10111010101		234
01110101100		234
01101000000		234
00011110001		234
00010100010		234
00000101111		234
11100011101		233
10011111111		233
00101111100		233
11110110000		232
11101010101		232
11100101101		232
10100101011		232
01110110011		232
00000000001		232
11101100011		231
11011100101		231
10000000001		231
01100111101		231
01001000111		231
00001110001		231
11111011111		230
11110101011		230
11011011010		230
11001101101		230
10111111101		230
10110011011		230
00110000101		230
00011101011		230
11010111011		229
00011000110		229
11110100111		228
11101000010		228
10001111101		228
01101000101		228
01001101010		228
01000000010		228
00110100100		228
00110000100		228
11000000011		227
10111001010		227
10110011000		227
01001111000		227
00001010100		227
11110100110		226
11100011110		226
11011101100		226
11011001110		226
11010101011		226
10011000110		226
01111000000		226
01101101010		226
11101100100		225
11011100010		225
11000100110		225
10110001010		225
10101000110		225
01010000011		225
01001111010		225
00010011000		225
11111100000		224
11100000110		224
10110111101		224
00111100000		224
00101101010		224
00000101110		224
11100100101		223
11100010111		223
11011011001		223
11000110010		223
10001000110		223
01111001001		222
01110101000		222
00101110001		222
11010001010		221
10111101100		221
10110110010		221
10011111010		221
01110001000		221
11010011010		220
11001010111		220
01110110000		220
01010110000		220
00010110011		220
11100011000		219
11011010110		219
11001000101		219
11000111100		219
10111101000		219
01110110001		219
01100110001		219
00110101001		219
11111010111		218
11100101100		218
11010111111		218
11010000000		218
00110100000		218
00100110010		218
00100110001		218
00000000010		218
01001000000		217
00100111010		217
00010101000		217
11110100000		216
01111111011		216
11011111101		215
11011100000		215
11010000001		215
10110101001		215
10110011001		215
10000101011		215
01001000001		215
00111101100		215
00110011011		215
00101101100		215
11100111000		214
11100100000		214
11011100111		214
11000011010		214
11000000101		214
10110101010		214
01101001010		214
01100110000		214
11111000011		213
11011000101		213
01100100010		213
00110011010		213
00110010100		213
00101101000		213
11001110000		212
10101111001		212
10101000111		212
01101000110		212
11111110000		211
11011000100		211
00100001001		211
11101000011		210
11001101100		210
00110100010		210
00000000000		210
11001011001		209
10111111110		209
01100000000		209
11101110001		208
11100101111		208
01111111000		208
01111101000		208
01100001000		208
00110000010		208
11110111111		207
11011111010		207
11000000001		207
01101101100		207
01100111010		207
01010101001		207
00100010100		207
11110100011		206
11100110011		206
11100010110		206
10110000000		206
01101101101		206
01100010100		206
11101011001		205
11011111011		205
11011100110		205
11000101100		205
01101111101		205
00110111110		205
00110111011		205
00110110011		205
11110011011		204
11101100111		204
11011011000		204
11010111100		204
10100101010		204
10000101010		204
10000000011		204
01111111001		204
00111101110		204
11110111001		203
11010000011		203
10100111100		203
01110111001		203
01101011000		203
01100011110		203
11111100111		202
11010110010		202
10100101001		202
01111001000		202
01110000101		202
01110000001		202
10101111110		201
10101111010		201
10010101010		201
01110111000		201
01101011010		201
11110101111		200
11010101110		200
10100000010		200
10001111010		200
01100000001		200
10111001000		199
01100011010		199
00100000001		199
00000010110		199
11111110011		198
11110001000		198
11011000010		198
11000110000		198
10101111000		198
00101111110		198
11101101010		197
11000000010		197
01111101100		197
00101100101		197
11010101100		196
01010000001		196
00100100010		196
11101100110		195
11101011100		195
01100011011		195
01100011001		195
11110111000		194
11011101111		194
11010000010		194
10011111001		194
01000101010		194
00111111000		194
00100101010		194
11101001001		193
11011101010		193
11010110011		193
10011111000		193
11111101100		192
11110111010		192
11111100100		190
11100101011		190
11010010110		190
01100101000		190
00111110010		190
11101000110		189
11100100111		189
10000011000		189
01101110001		189
00100000011		189
11100101110		188
11011110001		188
01100110010		188
00110110010		188
00110000000		188
11111101001		187
11011110000		187
11000101101		187
10101101100		187
00111111010		187
00110111000		187
00101111001		187
11110011010		186
11101001000		186
01001111001		186
00111111011		186
11111001000		185
11010011000		185
11000100111		185
11110101101		184
01110101001		184
00110001010		184
10010101000		183
00111001000		183
00001111001		183
11101010110		182
01000000000		182
11110011111		181
11110000010		181
11101101001		181
11011010100		181
11111100110		180
11110010100		180
11110000011		180
11010111101		180
00111111001		179
00010011011		179
11110110010		178
11101011101		178
10100011001		178
11110101100		177
11101000100		177
10100011000		177
11110110011		176
11001101110		176
11101101011		175
11100001000		175
11000011000		175
11000011001		174
10100111101		174
11111111111		173
11111010101		173
11000111010		173
00100000000		173
11011001010		172
11010101000		172
01110011001		172
01100001001		172
11111111010		171
01000000001		171
11100100010		170
11001111001		170
11000111011		170
01100111000		170
11110111101		168
11110000100		168
11011000110		168
11001100101		168
10101111101		168
10010000001		168
00111101000		168
11110000001		167
01111111010		167
00110000011		167
11110101110		166
11111111000		165
11000111101		165
01100000011		165
11111100101		164
11111000010		164
00100000010		164
11011010101		163
11010110000		163
11111111100		162
11110101000		162
11101101000		162
11110111110		161
11011111111		161
11001101111		161
11000101000		161
10100011010		161
00111000100		161
00100011001		161
11111000110		160
10100000011		160
01110000010		159
11011111100		158
11011111000		158
00000111001		158
11111110010		157
11111101110		157
11101101110		157
11101111111		156
11001100111		156
11000101110		156
10110111001		156
01110011000		156
11101100101		155
11100111111		155
11011101110		154
01100011000		154
00110000001		154
11101101101		153
11100010100		152
01100101010		152
11111001001		151
11100111001		151
01000011000		151
11101101100		150
11101011010		150
11100110010		150
11001111111		150
00110101000		149
11011111110		148
11011111001		148
11010011001		148
11001111011		148
11000111110		148
11011101101		147
11101111100		146
11001111100		146
00101101001		146
10100000000		145
11010101010		144
00110111010		144
11100000010		143
11100101010		142
11111111110		141
11111101111		141
11101101111		141
11100110001		141
11010111110		140
11101111011		139
11010111010		139
11101111001		138
11100011001		138
11001111101		137
11110011000		136
00100011000		136
11101111010		135
11010111001		135
11100111100		134
11001111000		134
01101111001		134
11110101001		133
11100011010		133
11110101010		132
11100011011		132
01110000000		132
01110011011		131
00110011001		131
11100111110		130
11100101001		125
11101111110		124
00111101001		124
11110000000		122
11000111111		121
01110011010		121
00110111001		121
11111101101		118
11001111010		118
11001011010		117
11101111101		115
11100000000		114
00100101001		113
11101111000		111
11110011001		110
11111111011		109
11100111101		109
11100000011		109
11000000000		109
11111111101		105
00010000001		105
11001100110		101
11111111001		98
11110111100		95
11011010001		74
10110010001		47
01000010010		45
10001010010		42
11000010001		36
01001010011		36
10000110100		34
00111010011		34
10100110100		33
11111010011		32
10101010011		29
10010010001		28
00100010011		25
00100010010		24
01110110100		23
10001010011		21
10000010011		21
01011010001		21
10001010000		20
11111010000		19
01100110101		19
01101010011		18
00101110100		18
00011110101		18
00000010001		18
11110010011		17
01111010010		17
00011010010		17
11101010011		16
10001110101		16
01100010001		16
00000110100		16
00000010000		16
00110010001		15
10100010000		13
10000110101		13
00001010011		13
10011010001		12
01101010000		12
01011010000		12
00001010010		12
11101110100		11
10101010010		11
10000010001		11
01101010010		11
11001010011		10
10111010000		10
01111010011		10
01100010011		10
00010010001		10
00000010010		10
11101010010		9
11011010000		8
11001010010		8
10010110100		8
10000010010		8
01011110101		8
00111010000		8
11110010000		7
10100110101		7
10011110101		7
01001010010		7
01000110100		7
00011010001		7
00001010000		7
00000110110		7
11110110110		6
11110110101		6
11000010011		6
11000010010		6
10100110111		6
10100010001		6
10011010010		6
01010010001		6
01001010000		6
00101110101		6
00101010010		6
00010010000		6
10101110111		5
10100010011		5
10011110111		5
10011110110		5
10000110111		5
01111010000		5
01110010001		5
01100010010		5
01100010000		5
01011010011		5
01000110101		5
01000010011		5
01000010001		5
00111010010		5
00110010000		5
00101010011		5
00011110111		5
00011110100		5
00011010000		5
00001010001		5
11010110100		4
10110110101		4
10100010010		4
10010010000		4
01110110101		4
01110010011		4
01011110111		4
01011010010		4
01010010000		4
01001110111		4
01000110111		4
01000110110		4
00111110100		4
00100110100		4
00100010001		4
00000010011		4
11100110100		3
11100010011		3
11100010010		3
11100010000		3
11011110101		3
11011010011		3
11001010001		3
11001010000		3
11000110100		3
10111010010		3
10011010011		3
10011010000		3
10001110111		3
10001010001		3
10000110110		3
01110110110		3
01110010010		3
01101110100		3
01101010001		3
01100110100		3
01010110100		3
01001110101		3
00111010001		3
00110110110		3
00110010011		3
00011110110		3
00010010010		3
00001110101		3
11111110101		2
11111110100		2
11111010010		2
11111010001		2
11110110100		2
11110010010		2
11110010001		2
11101110111		2
11101010000		2
11100110101		2
11010110110		2
11010010011		2
11001110101		2
11000010000		2
10111010011		2
10111010001		2
10110110100		2
10110010011		2
10110010010		2
10110010000		2
10101110101		2
10101110100		2
10101010001		2
10010110111		2
10010110101		2
10000010000		2
01111110100		2
01111010001		2
01101110101		2
01011110110		2
01011110100		2
01010010011		2
01010010010		2
00101110110		2
00101010000		2
00100110111		2
00100110110		2
00100110101		2
00100010000		2
00010110110		2
00010110101		2
00010110100		2
00010010011		2
00000110101		2
11111110111		1
11111110110		1
11101110110		1
11101110101		1
11100110111		1
11100110110		1
11011110111		1
11011110100		1
11011010010		1
11010110111		1
11010110101		1
11010010010		1
11000110110		1
11000110101		1
10111110101		1
10110110110		1
10101110110		1
10101010000		1
10100110110		1
10010010011		1
10010010010		1
10001110110		1
10001110100		1
01111110110		1
01111110101		1
01110010000		1
01101110111		1
01101110110		1
01100110111		1
01010110111		1
01010110110		1
01001110110		1
01001110100		1
01001010001		1
01000010000		1
00111110110		1
00111110101		1
00110110111		1
00110110101		1
00101010001		1
00011010011		1
00010110111		1
00001110111		1
00001110110		1
00001110100		1
00000110111		1
