01100100111		1591
11011111101		1581
01001100111		1447
01010100111		1445
01000100111		1407
11110111101		1329
11010100101		1312
11000111101		1290
11001100111		1288
11010100111		1287
11001111111		1249
11000100110		1247
11101111101		1203
11010111101		1174
11010100110		1169
11001111101		1169
11110111111		1153
11110100111		1152
11111111101		1142
11000100111		1136
01011111101		1125
01101100111		1124
11010111111		1118
11010100100		1118
11000111100		1109
01011100111		1103
11001111110		1099
11000100101		1094
11011100111		1085
01000100110		1082
11111111100		1060
11111111111		1047
10000111101		1047
11011100011		1046
11010111100		1041
01010100110		1037
11110100101		1035
11111100111		1028
11110100110		1024
01001111101		1023
11100100111		1001
11100111111		992
01010111101		982
11101100111		979
11011100101		978
11011111100		973
01001111111		963
11111100110		959
10001111111		956
11101110001		952
11011100110		948
11011111111		939
11010101111		937
11000111110		934
01111100111		917
10010111111		911
11000100100		901
11000111001		897
10100100111		895
01110100111		893
11111100011		887
11001111100		886
11011100100		883
11110111001		878
11000111111		878
11001110011		869
01000111101		861
11100100100		860
01001100110		855
01001100011		853
11001101011		850
01111111101		850
10101111111		845
01011111100		844
01110100101		836
11010111110		835
11001110001		828
01110100110		828
10001100111		824
11011111110		822
11010100011		821
01111100110		821
01100111111		821
10000111100		820
11101111111		811
01111100101		804
11101111100		803
10001111100		802
11111110001		797
01110111101		796
10001111101		793
11100111011		792
11111100101		789
11100100110		789
11110111110		787
11100111100		783
11100101101		778
11001100011		777
11010101101		776
01010100101		774
10000111111		772
11101100101		771
01000100101		771
01011111111		769
11101110011		768
11001101101		766
11110111011		764
01011110011		762
11101100011		756
11001100010		751
10110111111		749
01100111101		748
11100111101		745
01101111110		745
01001111100		744
11001111001		743
11101111110		739
01010111111		739
11100111000		735
01011100011		735
11010111011		733
11011011111		727
01101111111		726
11100100011		725
11000110011		724
11111111110		722
10100111111		722
11101101111		717
11110111100		716
01101111101		713
11100111110		711
01001111110		711
01101100110		708
11110100100		706
11001000111		706
10011111100		705
10010111101		704
10101100111		703
11101100110		698
11100100101		697
11000101111		697
11001100100		692
11000101101		690
11110101111		688
11101100100		688
10010100111		686
01111111100		686
11010100001		683
01010111100		679
10011111101		677
11001101001		676
11011110001		671
01101111100		669
01100100110		667
01011100101		666
11100111001		665
10111111101		665
01010100011		665
11000111000		664
10111100111		663
11001011101		658
11001010111		644
11111100100		642
01011100110		642
11000100011		637
11010010111		634
10000111110		634
10000100111		634
01111111111		633
11001101111		632
11101101101		630
10110111101		628
11011110011		626
11000110001		626
01000111100		621
10010111110		619
11001100101		618
11100101110		617
11011101111		617
11111100010		616
11010110001		614
01101100100		614
01101100011		612
11111111000		607
11000111011		604
10000100110		601
11000101011		599
10110100111		598
10101111101		598
11101010111		597
11001011111		595
10001111110		593
11010101110		591
11111101111		590
11100101111		590
10111111111		590
10110111110		587
11011111010		586
11010111001		586
11110110001		585
11011010111		585
01111101111		585
11001111011		584
10010111100		584
01000100100		584
11101100001		583
11001101100		582
11110000110		581
01001100100		581
11001100110		580
11110101101		579
11111111011		577
11110010111		574
11000011101		574
01000111111		574
10001100110		568
01001100010		567
11001110010		566
11000010110		563
01100111100		563
11000010111		561
10100111101		560
11000000110		558
10011111111		558
11110100010		557
11111111010		556
11001111000		555
11101111011		553
11101110000		551
10011111110		550
11011100010		549
11001111010		548
10000101111		547
11001101110		541
01001110001		539
01001101111		536
11001000110		535
11000000111		535
01001110011		535
01111110001		534
01110111100		534
11111011001		533
11110111000		533
10101111100		533
10110100110		532
01111111110		530
01101101111		530
01000000111		530
01001100101		529
11011000111		527
11100110001		526
11010100010		525
01011100010		521
10000100101		520
11101110010		519
00011111101		519
10000101101		518
01011110001		517
11111101011		515
11111000111		515
11110101110		515
11110000111		512
11011101011		511
10101100101		510
01111010111		509
11100000111		505
11010111000		505
10110111100		504
01100101111		504
11011011011		503
11001110000		503
01110111110		503
01011010111		503
10111111100		502
01000101111		502
11110010110		500
11111010111		497
11101111010		497
10100111100		496
00111111100		496
11111101100		493
01001010111		493
11001011011		492
01100100101		491
11001010110		489
01101100010		489
11000101110		488
10101111110		488
11011100001		485
11110011101		484
11011101110		484
10111111110		484
11010011101		483
10100100110		482
11011101100		481
00111111101		480
11101101110		479
11101000111		479
00001111100		477
11111011110		476
11101100010		476
11000101100		476
11110100011		474
11101111001		472
10010101101		472
10100111110		469
01101110011		465
11101011111		463
11001101010		463
10100100101		463
11110111010		461
11110110011		461
11100010110		461
11001100001		461
01100100100		460
10100101101		459
10010100110		459
10001110011		457
01110111111		455
01011000111		455
10101100110		454
11010100000		453
10010111011		453
11011111011		452
11110100001		451
11011110010		451
01011111110		451
01011101111		451
11111110011		450
11111011101		449
10011100111		449
01000111110		449
11011101101		447
11011011101		446
10100101111		446
11011111001		445
00001111111		445
11100110011		441
10001101110		440
01011010110		440
11010000111		439
11000011111		439
01000111001		439
11100110000		438
11000010101		438
01011100100		436
01000110001		435
11010101100		434
11011011001		433
01111100011		432
01110100100		432
11011111000		430
11000111010		427
11011110000		426
11010101011		425
10011101101		425
10001111011		425
10000100100		425
01010111110		425
11001000011		424
10001110001		424
01101100101		424
01100000111		424
00100111101		424
11001011000		423
10001101111		422
00101111100		422
11110101100		420
11010111010		420
10010101111		420
10010101110		420
00101111101		420
11101101100		419
11100010111		419
01111000111		418
01100111110		417
11010011111		415
01110100011		413
01001010110		413
11100000110		412
10001101101		412
01010100100		412
01010010111		410
11011010110		409
11100101100		408
00101111111		408
01010000110		407
00001111101		405
11111101010		404
01000100011		404
11111110000		403
11101010100		403
11101000101		401
10000111011		399
01111010110		399
11110010101		397
10100111011		397
11010000110		396
11000100001		396
01001101110		395
11111101101		394
10111111000		394
01100010111		394
11111111001		393
11101111000		393
11000110010		393
10101100100		392
11111101110		391
10101101111		389
01101110001		389
11001011110		388
10011101111		388
01010000111		388
01001110000		388
01101010111		387
11110110010		385
10000101110		385
10110100101		384
10111100110		382
01011101110		382
10111111001		381
10001100101		381
01001111011		380
01001111001		378
11100011111		375
10101111011		374
00100111111		374
11001011001		369
10001111001		369
10001101100		369
11100100010		368
11010110011		368
01111100100		368
11000100010		367
10000111001		366
11111011011		365
01011111001		365
11011101001		364
11101010101		363
11001101000		363
01011000110		363
11110101011		362
01101010110		362
01100100011		362
11101011011		361
01001110010		361
11111010110		359
11010010110		358
10110111011		356
10100111001		356
11100010101		354
11011011110		354
01010110011		353
11001000010		352
01001101101		352
11101100000		351
00000111100		350
11101011110		349
10101110001		349
01011111011		349
11101010110		348
10101110011		348
11100111010		347
11000110000		346
01110101111		346
01010111001		346
01010101111		346
11111011000		345
11000011110		345
01000000110		344
00000111101		344
01000010111		343
11101101011		342
11100100001		341
01101101110		341
10010100101		339
11101011101		338
11111011010		337
11010101001		337
11001100000		337
11111000110		334
11110011110		334
10011111011		334
01101110000		334
11110100000		333
11101101010		333
10101101110		333
01011110000		332
01000101101		332
01010101101		331
10101101101		330
11000011011		329
10000101100		329
11111110010		328
11100011110		327
11100101011		326
11000101010		326
10011101110		326
11000101001		325
10110101111		325
10011100110		325
11111100001		321
11100011001		321
10111101111		320
10000111010		320
01110010111		320
11011000011		318
10111111010		318
10110101101		318
01100010110		318
10100111000		317
01111110000		316
11000001011		312
01100111001		312
11001001111		311
11111000011		310
10111101101		310
10111100101		310
10110111000		310
01100110011		310
11101011001		309
10001100100		309
01110000111		309
11010110000		308
10011101100		308
01101111011		308
11111011111		307
01010110001		307
01000100010		307
11011101000		306
11001000100		306
10110100100		305
11000100000		303
10110111001		303
01001000111		302
11100011101		301
11001010100		301
10100101110		301
01111101110		301
01100101110		300
01011101101		299
01000110011		299
10101111001		298
01000101110		298
11111000101		297
11000001111		297
01100111011		297
11000011001		296
00010111100		295
11011011100		293
11101011000		292
11100011100		292
00110111101		292
10011100101		290
11110000101		289
11100000101		286
10110101110		286
01000111011		286
11110101001		284
11000000011		284
11011100000		282
11110011011		281
11010011001		281
00011111100		281
11110001111		280
11010011100		280
01010100010		280
11001011010		277
00001111110		276
11010110010		275
10110101100		274
10001111000		274
11010000101		273
10111111011		273
01111100010		273
00110111100		273
10011111010		272
01010101110		272
11111001111		270
11000011000		270
11001010101		269
01001000110		269
11101000110		268
11111010100		266
10001111010		266
10010111010		265
01110111001		265
11110011100		264
10111101110		262
10100101100		262
11111101001		261
11101000010		261
10101111010		261
11110101010		260
11100001111		260
11011000101		259
11011000010		259
01111101101		259
10111100100		258
11111100000		257
11011000110		257
01110100010		257
11010001011		256
01100110001		256
01011110010		256
10101110010		255
10010111001		255
00111111110		255
00100111001		254
10010101100		252
01100101101		252
10001101011		250
10000110011		250
11101101001		248
11010011110		248
01101110010		248
11010000011		247
11110011111		246
11000011100		245
00010111101		245
10100100100		244
01111111001		244
11111011100		242
11110110000		242
11101001111		242
11101001010		242
11001000101		242
11001011100		241
10110111010		241
11110011001		240
11101000011		240
10101100011		240
11011001011		239
11111010101		237
10011111001		237
01000010110		237
11011101010		236
10111101100		234
01110000110		234
11010101010		233
01110110001		233
01010010110		231
11100100000		229
01101111001		229
00100111110		229
01111110011		228
11110000011		227
11101011100		226
11001001010		226
01001101100		223
01101111000		222
01100000110		222
11100110010		221
01100100010		221
00000111111		221
11010011010		220
11000000010		219
10101111000		219
10101110000		219
01110010110		218
00101111001		218
11011011010		217
11011001111		217
11000010100		216
01101000111		214
11000001110		213
01111000110		213
11011000001		212
11000000101		211
00011111111		211
00100111100		210
10100111010		209
01010111000		209
11111000010		208
11101001011		208
11000000100		208
10111110001		208
01000110000		207
11100011000		205
11011011000		205
11010001111		205
01110101101		204
00101111110		204
11001001110		203
01001111000		203
11100101010		202
11110001110		201
11101011010		201
11110011010		200
11100101000		200
01100110000		200
00001111001		200
11100101001		199
10011110001		199
10000111000		199
01101101101		199
01111110010		198
11111000001		196
11100001011		195
10010100100		195
11110000010		194
11001001011		193
11101001110		192
11110010100		191
11010010101		191
11111101000		190
10011100100		190
10001100011		190
11010011000		189
11000011010		189
00000111110		189
11100000011		188
11011010101		188
10101101100		187
10011110011		187
01110101110		187
10100010111		186
10010111000		185
10101010111		183
01011101100		183
11101101000		182
11010011011		181
00011111001		179
11110101000		178
11100011011		178
01101101100		178
10101101011		176
10011111000		176
01010111011		176
00101100111		176
01011111010		175
11101000100		174
11100011010		173
11001000001		172
01010110000		172
11111001110		171
10100110011		171
10100100011		171
01100101100		171
00101111000		171
01101000110		170
11100010100		169
11000101000		168
01110111000		166
01111111000		164
11100001110		163
10000110001		163
01100100001		163
01011011111		163
11110000100		160
01011111000		160
00011111110		160
10101011111		158
11011001101		157
10001110000		157
01000110010		156
11111001011		155
11101000001		154
10100110001		154
01010110010		154
01000101100		154
01101111010		153
01100111000		152
10001110010		151
01000111000		151
11011010100		150
11111001101		149
10111010111		149
11110011000		147
01111101100		146
11111001010		145
00110111111		145
11000000001		142
01110111011		142
00001111000		142
10000010111		141
10111100011		138
10110000111		138
01110110000		138
00000111011		138
10011000111		137
11010101000		136
10110010111		136
10000100011		136
11010000001		135
10111000111		135
10100000111		135
01001111010		135
11010001110		134
10111010110		134
01110110011		134
00010111110		134
11000001010		133
10011110010		133
11010001001		132
10101000111		131
01111111011		131
01010101100		131
00100100111		131
10010000111		130
11011001110		129
01101100001		129
00111111111		128
11111000100		127
11010000100		127
10001010111		126
01001100001		125
00101111011		125
11010000010		124
01110101100		124
10111110011		122
11100000001		121
00010111111		121
01011000011		120
11010010100		119
01010100001		119
10010110001		118
11110000001		117
11001001101		117
10110110011		117
10011010111		117
10001011111		117
01100110010		117
01001011111		117
10111011111		115
10110010110		115
10101011110		115
10001011011		115
01001101011		114
10010110011		113
01011001111		113
11100000010		112
10100101011		112
10011110000		112
01001011101		112
01000111010		112
10100010110		111
10010010111		111
01101101011		111
11000001001		110
10110110001		110
00110100111		110
10101010110		109
00000100111		109
10000000111		108
00101110001		108
11100001001		107
11010001101		107
10110011111		106
01100111010		106
11100000100		105
10101100001		105
11011001010		104
10111110010		104
10011100011		104
01011100001		104
10101011101		103
01011011110		103
11100001010		102
01101011101		102
10101100010		101
11110001011		100
11101001101		100
11011001001		100
01101101001		100
01011000101		100
01001101001		100
01111100001		99
00100111000		99
10101011011		98
01001000011		98
00011111000		98
00001111011		98
10011010110		97
10001000111		97
01011011101		97
01000101011		97
10111110000		96
10110100011		95
10010100011		95
10001100010		95
10000010110		95
01000100001		95
11110001010		93
10110011101		93
10111011011		92
10011011111		92
10011011011		92
10011000110		92
01111111010		92
01000011111		92
10000110000		91
01110100001		91
01010111010		91
01010100000		91
00010100111		91
11101000000		90
00010111001		90
10000011101		89
10100110000		88
10001010110		88
11011000100		87
10001101001		87
11000001101		86
10000110010		86
00101100110		86
00001100111		86
11010001010		85
10011101011		85
10100011111		84
10000000110		84
01111011001		84
01011101011		84
01111011101		83
01001101010		83
01001011011		83
11111000000		82
10111011101		82
10000011111		82
01001011000		82
11001000000		81
10000101011		81
01110011101		81
01110000001		81
01011011001		81
01001011110		81
10110000110		80
10101010101		80
01001100000		80
10111000110		79
01100101011		79
00110010111		79
00000100110		79
10111100010		78
10100110010		78
01101011111		78
01011101001		78
01001010100		78
11100001101		77
10010010110		77
10001101010		77
01101100000		77
01001000010		77
00111111001		77
00111110001		77
00101111010		77
00011100101		77
11001001001		76
01110110010		76
10111011110		75
10111011001		75
10101000110		75
10011100010		75
01110111010		75
01110101011		75
01010011101		75
10111101011		74
10100101001		74
10010011101		74
10000100010		74
01011010101		74
01001011001		74
11110001101		73
10110110010		73
00000100101		73
01110000101		72
01100011101		72
01001011100		72
01001001111		72
00011010111		71
10101101010		70
00111100111		70
01010101001		69
01000010101		69
11011000000		68
11001001100		68
10000011001		68
01111011000		68
01111000011		68
01101000011		68
10100100001		67
10010100001		67
01111101011		67
00110111110		67
00011111011		67
00011100111		67
10101101001		66
10110101001		65
10100011011		65
10001011101		65
01111011110		65
01011000100		65
01001000001		65
01000011101		65
00101110011		65
00100111011		65
10010110010		64
10010110000		64
10010000110		64
10001011100		64
01111001111		64
01101011110		64
01101011011		64
01101011001		64
01001010101		64
00111100110		64
00110100110		64
10011011001		63
01011100000		63
01011010100		63
01010010101		63
10110100010		62
10010100010		62
10001000001		62
10000100001		62
01110011110		62
01101000010		62
01100100000		62
01010011111		62
00000011101		62
11110001100		61
11100001100		61
11010001000		61
10100011101		61
10001000110		61
01111011111		61
01100000101		61
01011101010		61
00001110011		61
10100000110		60
01110010101		60
01101000101		60
01100101001		60
01011000010		60
00001110001		60
11110000000		59
10000011110		59
01111011100		59
01100010100		59
01000011001		59
01000001011		59
00100000111		59
00010101111		59
00010100110		59
10100100010		58
10011101001		58
10010011111		58
01111000010		58
01010000001		58
00010000110		58
10101011001		57
10101010100		57
10011011110		57
10010011011		57
10001011001		57
01101010101		57
01101001111		57
01000000101		57
00111010110		57
00010000111		57
11110001001		56
10010011100		56
10001010101		56
01110011111		56
01100011110		56
01100001111		56
01000101010		56
01000011110		56
00111111000		56
00101011101		56
10110100001		55
10011011101		55
10011000101		55
10011000100		55
10010101001		55
10001100001		55
01110001111		55
01101010100		55
01100011111		55
01011011011		55
01011001110		55
01000101001		55
00000100100		55
11100000000		54
10110101011		54
10011000011		54
10010011001		54
01101011100		54
01010011001		54
11010000000		53
10101011010		53
10001000011		53
01111010101		53
01010101011		53
01001000100		53
01000010100		53
00010101101		53
00010100101		53
00010100100		53
10110010101		52
10001001101		52
01111101010		52
01100010101		52
01000001111		52
00100100110		52
00011110001		52
10111011010		51
10111011000		51
10001011110		51
01111000101		51
01101000001		51
01011011100		51
01011011000		51
01010001101		51
01000000011		51
00011000111		51
00010010111		51
10010101011		50
10000011011		50
01111011011		50
01110010100		50
01110000100		50
01011101000		50
01011011010		50
01000011100		50
01000011011		50
00111000111		50
00110111001		50
00110111000		50
00011101101		50
00001111010		50
10101000011		49
10100010101		49
10011011010		49
10001011010		49
01111100000		49
01110011100		49
01011001011		49
01010011110		49
01010011100		49
01001011010		49
01001001110		49
01000000100		49
00110111011		49
00110000111		49
11011010001		48
10111000101		48
10100011110		48
10001011000		48
10000101001		48
10000010101		48
01111101001		48
01101011000		48
00011100110		48
00000111001		48
11111001100		47
11000001100		47
10011100001		47
10011001111		47
10011000010		47
10010000101		47
10001000010		47
01100001011		47
10100100000		46
10011101010		46
10011011100		46
10011011000		46
10001000100		46
01111011010		46
01101001110		46
01011000001		46
01010010100		46
00110100101		46
00001100110		46
00001100100		46
10111011100		45
10110110000		45
10110011110		45
10110011001		45
10010100000		45
01110100000		45
01001001011		45
00111100101		45
00101101111		45
00101100101		45
00011100011		45
00010111000		45
10101011100		44
10011010101		44
01010000011		44
01001101000		44
00101010110		44
00010111011		44
00000110001		44
11110001000		43
11100110101		43
10111010101		43
10000011100		43
10000001011		43
01111000001		43
01110101010		43
01101000100		43
01010011011		43
01010001011		43
01000100000		43
00100100101		43
11111001001		42
01111101000		42
01100000011		42
00101110000		42
00100110011		42
00001100010		42
11010110110		41
10111101001		41
10100101010		41
10011000001		41
10010011110		41
10000001111		41
01110000011		41
01100011001		41
01010001111		41
00101000111		41
00011101100		41
00001000111		41
00001000110		41
00000000110		41
11011001100		40
10111101010		40
10100011001		40
10010101010		40
10010001011		40
10001000101		40
01111010100		40
01110101001		40
01101101010		40
01100011100		40
01010000101		40
00111101101		40
00110011011		40
00100100100		40
00100100011		40
00011110011		40
00000000111		40
11000001000		39
10111100001		39
10111000011		39
10110000101		39
10100001111		39
10011001011		39
10010011010		39
10010001110		39
10001001011		39
01111001101		39
01110011001		39
01101001011		39
01101001001		39
01010101010		39
01001000101		39
00111100011		39
00111010111		39
00100110001		39
00011010110		39
00001100011		39
00000101101		39
10010010100		38
10000101010		38
01100000100		38
01010101000		38
01010000010		38
01001110111		38
01000101000		38
01000001110		38
01000000010		38
00001101101		38
00000111010		38
10111000010		37
10101001011		37
10010010101		37
10001100000		37
10001010100		37
10000011010		37
00101100011		37
00101000110		37
00011011111		37
00001101111		37
00001100101		37
00000101111		37
00000101110		37
00000010111		37
11111010011		36
11111010000		36
11101001000		36
11000000000		36
10111000000		36
10011010100		36
01101101000		36
01000001101		36
00111011011		36
00110101111		36
00100111010		36
00010101110		36
00000110011		36
11101001100		35
10111100000		35
10110001110		35
10110000001		35
10101100000		35
10101011000		35
10100000101		35
10011001110		35
10001001111		35
01110011011		35
01100011011		35
00101100010		35
00100010110		35
00011100100		35
00010110001		35
00001101001		35
11101001001		34
11011001000		34
10011101000		34
10001101000		34
10000011000		34
01111000000		34
01100101010		34
00111111011		34
00111101111		34
00110101101		34
00101010111		34
00100101111		34
00100000110		34
00011000010		34
10101001111		33
10101001110		33
10101000100		33
10010001111		33
10001001110		33
01111001110		33
01101011010		33
01100101000		33
01100001001		33
01011001010		33
01010001110		33
00110100100		33
00101011011		33
00010011101		33
00001101100		33
00001010111		33
00000101100		33
11101110100		32
10111000001		32
10110000011		32
10101000101		32
10011001101		32
10010000011		32
10000010100		32
10000000011		32
01110001101		32
01011110111		32
00111101100		32
00110000110		32
00011001111		32
00001100001		32
00000101001		32
11010001100		31
11001010011		31
10110011010		31
10101001010		31
10100101000		31
01110011010		31
01011001100		31
01011001001		31
01010001001		31
00111100010		31
00110010110		31
00010101100		31
00001010110		31
00000011111		31
11001001000		30
10110011011		30
10101000010		30
10100010100		30
10010000010		30
10000000101		30
01110011000		30
01110001011		30
01110000010		30
01100011000		30
01010011000		30
01001001010		30
01001001001		30
01001000000		30
01000000001		30
00101101101		30
00100101101		30
00010010110		30
00010010100		30
00000010100		30
00000000101		30
10110101010		29
10110011100		29
10110001111		29
10101101000		29
10001000000		29
10000100000		29
01100001101		29
01010001100		29
00111110011		29
00111110000		29
00111011001		29
00101101100		29
00011100010		29
00011011101		29
00010111010		29
00010000100		29
00001011100		29
00001000001		29
10100011000		28
10100001011		28
01011001101		28
01011000000		28
00111100100		28
00101100001		28
00011111010		28
00011101111		28
00011100001		28
00011011011		28
00000100011		28
00000000100		28
10111010100		27
10111001111		27
10000110100		27
01100000010		27
01010000000		27
01000011000		27
00111000110		27
00110110001		27
00101101110		27
00101000101		27
00100100001		27
00011000101		27
00011000011		27
00011000001		27
00010100011		27
00010100000		27
00010000101		27
00001011110		27
00001011000		27
00000011001		27
10101000001		26
10101000000		26
10011001010		26
10010000100		26
01110001110		26
01100000000		26
01010000100		26
00100011111		26
00100010111		26
00011110000		26
00010011110		26
00001110000		26
00001011101		26
00000111000		26
00000011100		26
00000001011		26
11101010011		25
10110000100		25
10100011100		25
10001001010		25
10001001001		25
10000000010		25
01110101000		25
01110001001		25
01110000000		25
01010001000		25
01001001101		25
01001001000		25
01000110111		25
00111011110		25
00111011101		25
00101100100		25
00100011001		25
00011110010		25
00010100010		25
00001101110		25
00001011111		25
00001011011		25
11001010010		24
10111101000		24
10110100000		24
10000101000		24
10000000001		24
01011001000		24
01010001010		24
00111000011		24
00110100011		24
00110011010		24
00110010101		24
00101011111		24
00101001011		24
00100110000		24
00011000100		24
00010110011		24
00010101001		24
00001010101		24
11100001000		23
10110010100		23
10100001110		23
10011110111		23
10010000001		23
10000000100		23
01111000100		23
01100011010		23
01100000001		23
01000001001		23
00111011111		23
00110101110		23
00101110010		23
00011011010		23
00011000110		23
00001110010		23
00001000010		23
10111001110		22
10110001011		22
10100000011		22
10010101000		22
10010001101		22
10010001100		22
01101001101		22
01100001110		22
01000011010		22
01000001100		22
00111101110		22
00111000101		22
00110011100		22
00100011100		22
00011011100		22
00010011001		22
00010001101		22
10111001101		21
10111001011		21
10011100000		21
10011001001		21
10010011000		21
10001001100		21
01101001010		21
01101000000		21
00111111010		21
00111101011		21
00111011100		21
00110001110		21
00101011100		21
00100101110		21
00011101110		21
00011000000		21
00010100001		21
00010001001		21
00001001101		21
00000010101		21
10010110100		20
10000001001		20
00110110011		20
00110101011		20
00110100010		20
00110000100		20
00100101100		20
00011011001		20
00001101011		20
00000101011		20
00000100010		20
00000011110		20
10110011000		19
10100001101		19
10100001010		19
10011001000		19
01111001010		19
01111001000		19
01101001000		19
01100001100		19
01000001000		19
00111100001		19
00110011111		19
00101000011		19
00100000011		19
00011100000		19
00010011000		19
00001101000		19
00001000101		19
00001000011		19
00000110000		19
00000000011		19
10110001101		18
10110000010		18
10110000000		18
10100000100		18
10100000010		18
10010001001		18
01111001011		18
01110110100		18
01100001010		18
01000001010		18
00111011010		18
00111010101		18
00111001111		18
00110111010		18
00110110000		18
00110100001		18
00110000101		18
00101010101		18
00100011101		18
00100011000		18
00011101001		18
00011011110		18
00011001000		18
00010110000		18
00010000000		18
00001001111		18
11100110111		17
10110001010		17
10110001001		17
10101001101		17
10100000001		17
10011000000		17
10000001110		17
10000001010		17
01101001100		17
00110101100		17
00110000011		17
00101100000		17
00101000100		17
00100011110		17
00100010101		17
00011101010		17
00011011000		17
00001011010		17
00001001110		17
00001001100		17
00000110010		17
00000011000		17
00000001111		17
10111001001		16
10001110101		16
10000001101		16
01110001100		16
01110001010		16
01010011010		16
00111100000		16
00111001101		16
00110011110		16
00110001111		16
00101101000		16
00101011110		16
00101001101		16
00101001001		16
00101000010		16
00100101011		16
00100101001		16
00100100010		16
00100100000		16
00010011111		16
00001011001		16
00000010110		16
11110110110		15
10111000100		15
10110101000		15
10101001100		15
10010001010		15
10000001100		15
01100110101		15
01100001000		15
01001001100		15
00111110010		15
00111101000		15
00111001011		15
00110011101		15
00101101010		15
00101010100		15
00101001110		15
00101001000		15
00100110010		15
00100101000		15
00100010100		15
00100001111		15
00100001110		15
00011101011		15
00010010101		15
00001100000		15
00001010100		15
00000001110		15
11011110101		14
10100011010		14
01111001001		14
00110001011		14
00110000000		14
00101101001		14
00101011001		14
00101001111		14
00100011011		14
00100001001		14
00011001110		14
00010101011		14
00010011010		14
00001001011		14
00000100001		14
00000001010		14
11110110100		13
11101010010		13
11000010011		13
10111001100		13
10100001001		13
10100001000		13
10000000000		13
01111001100		13
01000110110		13
00111000100		13
00111000001		13
00110101010		13
00110000001		13
00101101011		13
00101011010		13
00101001010		13
00100000100		13
00100000010		13
00100000001		13
00011001101		13
00011001011		13
11111001000		12
11110110101		12
10111001010		12
10101001001		12
00111101010		12
00111010100		12
00111001110		12
00110110010		12
00110010100		12
00100000101		12
00011101000		12
00011010101		12
00011001001		12
00010101010		12
00010011100		12
00010001110		12
00010000011		12
00001101010		12
00000101010		12
11100010001		11
10010001000		11
10000110101		11
10000001000		11
01010110101		11
01000000000		11
00111000010		11
00110101001		11
00110100000		11
00100001010		11
00011001100		11
00010101000		11
00010010001		11
00010001111		11
00001000100		11
00000000001		11
11111010010		10
11010110111		10
10110001000		10
10101001000		10
10100001100		10
00111011000		10
00110101000		10
00101011000		10
00100001101		10
00011010100		10
00010001100		10
00010001011		10
00010001010		10
00010000010		10
00001001001		10
00000011011		10
00000001001		10
00000001000		10
11111010001		9
00111101001		9
00111000000		9
00101000001		9
00100001100		9
00100001011		9
00010110010		9
00001000000		9
00000101000		9
11101110101		8
11000010001		8
10111001000		8
10001001000		8
01011010001		8
00110011000		8
00110001101		8
00110001100		8
00110001001		8
00110000010		8
00101001100		8
00000100000		8
00000001101		8
00000001100		8
00000000000		8
11110010000		7
10110110111		7
10100110111		7
10100110100		7
10100000000		7
10010000000		7
01110001000		7
00111001001		7
00111001000		7
00110001000		7
00101000000		7
00100000000		7
00011110101		7
00011001010		7
00010011011		7
00010001000		7
00001001010		7
00000000010		7
11100110100		6
11010110101		6
10011001100		6
01110110101		6
01101010000		6
01001110110		6
00111001010		6
00100101010		6
11110010001		5
11011110100		5
11010110100		5
11000110111		5
10110001100		5
10011110110		5
10010110101		5
01111010011		5
01111010001		5
01001010011		5
01000110101		5
00111001100		5
00100011010		5
00010010000		5
00000011010		5
11001110111		4
11001110101		4
11000110110		4
10111010011		4
10110110110		4
10110010001		4
10100110101		4
10001010010		4
01100110100		4
01011110110		4
01010110110		4
01001010001		4
00110011001		4
00110001010		4
00010000001		4
00001001000		4
11110110111		3
11100010000		3
11011110110		3
11011010000		3
11000110101		3
11000110100		3
10110110100		3
10101110100		3
10101010010		3
10010110111		3
10010110110		3
10001110100		3
10001010011		3
01111010010		3
01101010010		3
01011010011		3
01011010000		3
01010110111		3
01010010001		3
01000110100		3
00101010000		3
00100001000		3
00001010010		3
11111110111		2
11111110110		2
11111110100		2
11110010011		2
11101110110		2
11100110110		2
11011110111		2
11001010001		2
10110010011		2
10101110111		2
10101110110		2
10101010011		2
10100110110		2
10000010011		2
01111010000		2
01101110101		2
01101110100		2
01101010011		2
01100110111		2
01100010010		2
01011110100		2
01010110100		2
01001110101		2
01001010010		2
01000010010		2
01000010001		2
00110110110		2
00011010010		2
00000110100		2
00000010001		2
11111110101		1
11101110111		1
11101010001		1
11100010011		1
11100010010		1
11011010011		1
11011010010		1
11010010001		1
11010010000		1
11001110110		1
11001110100		1
11001010000		1
11000010010		1
11000010000		1
10111110101		1
10111010000		1
10100010001		1
10100010000		1
10011110100		1
10011010011		1
10011010010		1
10011010001		1
10010010010		1
10010010001		1
10010010000		1
10001110111		1
10001010000		1
10000110111		1
10000110110		1
10000010001		1
01111110110		1
01111110101		1
01111110100		1
01110110111		1
01110110110		1
01110010011		1
01110010001		1
01101010001		1
01100110110		1
01100010011		1
01100010001		1
01011110101		1
01010010011		1
01001110100		1
01000010011		1
00111010011		1
00111010001		1
00110110111		1
00101110101		1
00100110101		1
00100110100		1
00100010001		1
00011110111		1
00011010011		1
00011010001		1
00010110110		1
00000110101		1
00000010010		1
