01011110011		658
01011111100		551
01001100011		524
01010100111		522
01000100101		513
01010111101		434
01010111111		426
01001110011		423
01000100110		413
01110111110		412
00000111100		402
01011110001		392
01010100110		390
01010100101		384
01000111100		383
01011111101		381
01010110011		378
10000100101		377
01001110000		374
11001101001		371
01011110010		368
01010111100		368
01000111001		368
01010100011		360
01101100100		354
01011100101		353
01011100011		352
10010100111		351
01101100011		351
01001111011		350
01001100100		345
01000100100		344
01001100101		339
01000111101		339
01110111111		338
01011111001		337
10000100111		329
01110100101		329
00011111101		329
00111111100		325
01001100010		323
01111110001		322
00000111101		322
10000100110		321
00100111111		319
01100111111		317
01000100011		317
00100111101		311
00001111111		311
11000100001		310
01110111100		310
01100111100		310
01100100111		308
11010100001		306
01000100111		306
00111111101		306
01101110011		297
01011111111		297
01001111111		295
01111111100		292
01000111111		292
01010111001		291
00010111101		291
01000110001		287
01110111001		285
10111100111		284
01001111001		283
01101101111		281
01101100010		281
00110111101		281
10001110001		279
01010111110		279
01001101101		279
10001100111		278
01000111011		278
01111111001		276
01001111101		274
01001101111		270
10100100101		269
01111010111		265
01000101111		265
10100100111		264
01011111011		262
01010000111		261
00101111111		260
01110100110		259
01011010111		256
01110100111		255
01100101111		255
01100100101		255
11110100001		254
01100111001		254
01110111101		251
10101110001		250
00101111100		250
01111100101		248
01100111011		248
10111111000		247
01000111110		247
01011100111		246
00001111101		245
11010100000		244
11000100000		242
01011110000		242
01010010111		240
11001101000		239
01010100100		239
01001110001		239
10001110011		238
01001110010		237
00011111100		237
11101100001		236
11000011111		236
11000011101		236
01111101111		235
01111111110		234
01101110000		234
11001011101		233
10110100111		233
11000001111		232
10101100111		232
10101100100		232
10000101101		232
01011100010		232
10101100101		231
01100111110		231
00110111100		231
10010111011		230
00001111100		230
10101110011		229
11101000101		228
11010011111		228
10001101100		228
01000000111		226
01111111111		224
11011011111		223
10011101101		223
10010101101		223
11000000111		221
01111110000		221
01100010110		221
01001100110		220
10001100110		219
01100100100		218
01011101111		218
01001111110		217
10011110011		216
01010101101		215
00101111101		215
11001000011		214
10000111000		214
01010000110		214
11011011101		213
10111100110		213
00100111100		213
00001111001		213
01111111101		212
01110100011		212
01001111100		212
10000101110		211
11110000101		210
10010100110		210
01001100111		210
11011101001		209
11001100001		209
10100111000		209
11011100011		208
11000011100		207
10011100111		207
01101100101		206
10001101101		205
10000100100		205
10111111001		204
01100100110		204
01011100110		204
01000000110		204
01111100110		203
11110011101		201
11001011011		200
10100101101		200
01111100111		200
11000011110		199
11000010110		198
11101100000		197
10000111001		196
11001100000		195
11111011101		194
10100100110		194
01011111110		194
11000010101		193
11111011110		192
10111101101		192
01101110001		192
01100110000		192
01010110001		192
01101111100		190
11011000011		189
10001111001		189
11001000010		188
01111010110		187
01111100011		186
01101100111		186
01000111000		186
01010111011		185
11100010110		184
01011000111		184
00101111001		184
00001111110		184
10001100101		183
00011111001		183
11100100001		182
11100010101		182
11010011101		182
11000000110		182
10010101110		182
01100100011		182
00100111001		182
11110011100		180
11100011110		180
10000101100		180
01100111101		180
01001010111		180
10011100110		179
11100011111		178
10010101111		178
01110100100		178
01101110010		178
11010010111		177
11011011011		176
11110010111		175
01011101110		175
01000010111		175
01101111011		174
10000111010		173
01111100100		173
11110000110		172
01110110011		172
00100111110		172
01110110001		171
01000101101		171
11011101000		170
01000110011		170
11001100010		169
11000011011		169
01101111110		169
11011100001		168
11010100100		168
11110011011		167
10100111001		167
10010100101		167
10111111010		166
01101111001		166
01100000111		166
01001101110		166
10001101110		165
01000101110		165
00000111111		165
11110100000		164
11011011100		164
11010011100		164
10110100110		163
10111110001		162
10001111000		162
10000110011		162
01101010111		162
01101010110		162
01100010111		162
11010001111		161
01111000111		161
01011010110		161
00011111110		161
00010111100		161
11111011000		160
01101111000		160
11111100011		159
10101100110		159
00011111111		159
11001000100		158
01000100010		158
00101111000		158
00000111011		158
11100011000		157
01010101111		157
11111100001		156
11010011110		156
11001011111		156
11111010111		155
10010111100		155
10000101111		155
01110010111		155
11110011110		154
11100100100		154
11010101001		154
11000101001		154
10110110011		154
11111000011		153
11000100100		153
10110100100		153
01110110000		153
11110000011		152
11101011000		152
11001000111		152
01001111000		152
11111101010		151
11110010101		151
11010000111		151
10000111011		151
00111111110		151
01111111000		150
01101111111		150
11111000101		149
10110111000		148
11111011001		147
10110101100		147
10100101100		147
10010111010		147
10010111001		147
11110101001		146
01100110011		146
11000011000		145
10101101100		145
10000111100		145
00001111000		145
11100000101		144
11000100101		144
10111111011		144
10101111001		144
11111100000		143
11011001011		143
11001011110		143
11011100010		142
10110111011		141
10101111011		141
10100110011		141
00010111111		141
11101000011		140
11001010111		140
01100110001		140
01010111000		140
11011000010		139
01010101110		139
00101110001		139
11011000111		138
11010100011		138
11000010111		138
11101110000		137
11101000010		137
11100101000		137
11100100000		137
11100010111		137
11000101011		137
10110101111		137
10100111010		137
10100100100		137
11111011100		136
01110101111		136
11111100010		135
11001011000		135
10100110001		135
01111101110		135
01101101100		135
00100111000		135
11111110000		134
11011100100		134
10011100101		134
00000111110		134
11011110011		133
11000000101		133
10110100101		133
10010111101		133
11111011010		132
11101011101		132
11011011010		132
11010100101		132
11001100011		132
10011111001		132
11111010100		131
11011110010		131
11000100011		131
10110111001		131
10100101111		131
01111100010		131
01001000110		131
11111101011		130
11010011010		130
10001100100		130
10000110001		130
11111101001		129
11100011100		129
11010101010		129
11001101011		129
11010011000		128
11010010101		128
11001000110		128
01011000110		128
01001010110		128
01101000111		127
01111110011		126
01011100001		126
01000110000		126
11011011000		125
11000001011		125
10111100101		125
10110101101		125
01101101101		125
01011111000		125
00000111001		124
11110101011		123
11001010100		123
10011111100		123
01011111010		123
01011100100		123
10101110010		122
10010110011		122
01010100010		122
00110111111		122
10011101100		121
01101111101		121
01001111010		121
11110010110		120
01001101100		120
11010100010		119
10101101101		119
10001111011		119
11110100100		118
11101000111		118
10110111010		118
01101111010		118
01010110010		118
00101111011		118
10010111000		117
10001110010		117
01110000110		117
01101100110		117
01011101100		117
11111011111		116
11101011111		116
11010000101		116
10101100011		116
01100101110		116
01010110000		116
01000110010		116
11110100101		115
11101101010		115
11001010101		115
10111101100		115
11111010101		114
11110011010		114
11101010111		114
11100001011		114
11010110010		114
11001011100		114
10101111000		114
11110100010		113
11011100000		113
11101010101		112
10011101111		112
10010100100		112
11100000110		111
10101110000		111
10101011011		111
10011111011		111
10000111101		111
01110000111		111
11101011100		110
01111110010		110
01101101110		110
11110101010		109
11100010100		109
11100000111		109
11100000100		109
11010011011		109
11001110001		109
10001101111		109
11101011001		108
11101010100		108
11010100111		108
11011110000		107
11010110011		107
10011110010		107
01011000011		107
00011111000		107
11111110001		106
11101001010		106
11100100010		106
11011000101		106
11000000011		106
10011111010		106
11110000111		105
11011011110		105
11011010110		105
11001110000		105
11000101101		105
01100111000		105
11111100101		104
11110110010		104
11001001110		104
01111000110		104
00101111110		104
11111011011		103
11100111000		103
11100001111		103
11001101010		103
11010111000		102
11010010110		102
11000110001		102
10101111010		102
10001110000		102
11100011101		101
11110000010		100
10011110001		100
10001111010		100
10001101011		100
01111111011		100
01111101101		100
01101100001		100
00010111110		100
00001111011		100
11101100011		99
11010001011		99
11001001111		99
11001000001		99
11000110010		99
10111110011		99
11111000111		98
11101011011		98
11101001111		98
11011011001		98
11001110011		98
10101101111		98
10010101100		98
01110111000		98
01100101101		98
01100100001		98
01000010110		98
11110100110		97
11101100010		97
11010010100		97
10111010111		97
01110100010		97
11011100101		96
11010101011		96
10111111100		96
10111101110		96
11110100011		95
11101011110		95
11010000110		95
10011101110		95
11101001011		94
11100001110		94
11000011010		94
11111101000		93
11000000010		93
10110101110		93
10100111011		93
01111011111		93
11101110010		92
11100000011		92
11011010111		92
11011010101		92
11001110010		92
10100111100		92
01010100001		92
11111100100		91
10111101111		91
10011100100		91
01110010110		91
01010010110		91
11111000100		90
11011110001		90
11011010100		90
11001010110		90
11000100110		90
10110110001		90
11100110000		89
11011101100		89
11011001111		89
11010101101		89
11010101000		89
10101101011		89
10001100011		89
01110110010		89
01100100010		89
11111110010		88
11011000001		88
11010000011		88
11000010100		88
00101100111		88
11111001111		87
11110001111		87
11101101000		87
11010000001		87
11000101100		87
11000101010		87
11000000100		87
01010010101		87
11001011001		86
11000111100		86
11000110000		86
11000100111		86
10010111111		86
01110101101		86
00011100111		86
11111000001		85
11110111101		85
11101011010		85
11001100111		85
11000110011		85
00110111110		85
11101100100		84
10001011011		84
01000111010		84
00010111001		84
11110110011		83
10110111100		83
10001111100		83
00111111111		83
11111001011		82
11001011010		82
10110111101		82
11000111000		81
10100010111		81
01001011111		80
11101110001		79
11100100011		79
11011101011		79
01100110010		79
01011000000		79
01000100001		79
11111110011		78
11111010110		78
11111001010		78
11110111000		78
11010111011		78
11010101111		78
11001000101		78
11000100010		78
11000011001		78
11000001110		78
01100000110		78
11111000010		77
01001011011		77
11111000110		76
11101000001		76
11011111010		76
11011100110		76
10111000111		76
10100111101		76
10011110000		76
01101000110		76
11110011111		75
11110001110		75
00111111001		75
00100100111		75
11101010110		74
11100110001		74
11011111001		74
11000111011		74
10111011111		74
11110111001		73
11100101011		73
11001101100		73
11001100101		73
10110110010		73
10101011111		73
11110001001		72
11001100100		72
10111100100		72
10110111111		72
10100100011		72
10010110001		72
01110111011		72
11110100111		71
11110000100		71
11101100101		71
11100111001		71
11010100110		71
10111110010		71
10100101110		71
10010111110		71
01010011100		71
11000111101		70
01011101001		70
01011000101		70
00000111000		70
11110101101		69
11100110011		69
11100101001		69
11100000001		69
11010111111		69
11010101100		69
11001001010		69
11001000000		69
01100101100		69
01010111010		69
01010001111		69
01001000111		69
11101101101		68
11100100101		68
11011000100		68
11000111001		68
10101010111		68
10100110010		68
10011111101		68
01111111010		68
01101000101		68
01011101101		68
11111001101		67
11101001110		67
11010101110		67
11001001011		67
11000001010		67
01111100001		67
01010011101		67
11111100110		66
11110110001		66
11100100110		66
11100011011		66
11001111001		66
01011011111		66
00101111010		66
11100110010		65
11011111000		65
11011101010		65
11010110000		65
10111011011		65
10101101110		65
01010000101		65
01000101100		65
11111100111		64
11101001101		64
11100011010		64
11011111100		64
11010110001		64
11010000100		64
11000001101		64
10000010111		64
01000011111		64
11110010100		63
11100001101		63
11010111001		63
01101011001		63
01001011101		63
11110101000		62
11110001011		62
00010010111		62
00001100011		62
11110110000		61
11100101101		61
11100100111		61
11010001101		61
11010001001		61
11000101110		61
10100110000		61
01110101110		61
01000000100		61
11110011000		60
11100011001		60
11011101101		60
11010001110		60
11001111110		60
10110111110		60
10110011111		60
10101111100		60
10101011001		60
10001010111		60
01101100000		60
01101010101		60
01001100001		60
11100001001		59
01111000101		59
01100111010		59
01001000011		59
00100111011		59
00011100001		59
11111001110		58
11101101001		58
11101000100		58
11100101010		58
11000101000		58
11000000001		58
10101111101		58
10010000110		58
01100100000		58
11101110011		57
11101101011		57
11100101110		57
10100111111		57
10100010110		57
10000110000		57
01111101100		57
00110111000		57
11111111100		56
11101111100		56
11100111011		56
11010111010		56
11010000010		56
11001101101		56
10000000111		56
01011000001		56
01010101100		56
01001011001		56
00011100011		56
00000100110		56
11111111001		55
10001111101		55
01111011011		55
01110100001		55
01110000001		55
01001011110		55
11111111101		54
11110011001		54
11001111000		54
10100101011		54
10001111110		54
01010011001		54
01010010100		54
01001100000		54
11111111000		53
11101000110		53
11011000110		53
11010011001		53
11000111010		53
10111111101		53
10111110000		53
10011111000		53
01110000011		53
01101101011		53
01100101011		53
01001011000		53
01001000010		53
00001100111		53
11110101111		52
11100111101		52
11000001001		52
10111111111		52
10010010101		52
10010000111		52
01011100000		52
11110001010		51
11011111101		51
11001111101		51
10110011011		51
10110000110		51
10100011111		51
01101000001		51
01011010101		51
11101101111		50
10111111110		50
10001000011		50
01001101011		50
01001011100		50
00011110001		50
00010100111		50
11110111100		49
11101111000		49
11101101100		49
11100111100		49
11100101100		49
11011101110		49
11010111101		49
11001111100		49
11000111110		49
10011100011		49
10000011111		49
01001000001		49
11111101101		48
11101100111		48
11010111100		48
10101100010		48
10001100010		48
10000110010		48
01010100000		48
00000100111		48
11111000000		47
11100111111		47
11001111111		47
11001101111		47
10111010110		47
10100101001		47
10011111111		47
10011010111		47
10010100011		47
01111011101		47
01101101000		47
01101011011		47
01011010100		47
01000011110		47
01000000101		47
00110010111		47
00001110001		47
11101100110		46
10001101001		46
10000111110		46
10000100011		46
01110000101		46
01100000101		46
01011011110		46
01011011101		46
01010011111		46
01001010101		46
00111011101		46
00110111001		46
00010111000		46
11100111010		45
11000101111		45
10011010110		45
10000011101		45
10000010110		45
01101000011		45
01000010101		45
00110100111		45
11100111110		44
11011001101		44
10111011101		44
10110101011		44
10101011110		44
10011101011		44
10001111111		44
01110011111		44
01011101000		44
01001010100		44
01000001011		44
11110111111		43
11110111011		43
11000000000		43
10101100001		43
10100111110		43
10011000111		43
10001011101		43
01111011001		43
01110111010		43
01110011101		43
11101111011		42
11101000000		42
11011111111		42
11011100111		42
11010000000		42
10101000111		42
01111011110		42
01010101001		42
00111010111		42
00001111010		42
00001110011		42
11111101100		41
11110000000		41
11100101111		41
11011101111		41
10111100011		41
10111011001		41
10101101010		41
01110010101		41
01001000101		41
01000101011		41
00110101100		41
00101100001		41
11111101111		40
11110101110		40
10111011110		40
10010110000		40
10000111111		40
01101011110		40
11101111010		39
11100001010		39
11010111110		39
11000111111		39
10110100011		39
10110011101		39
10000101001		39
10000011011		39
01111011000		39
01110101100		39
01101011101		39
01011011001		39
01011001110		39
01000100000		39
01000011001		39
00111111000		39
00111100111		39
00101101101		39
11110101100		38
11100000010		38
11011001010		38
11011001001		38
11011000000		38
10110110000		38
10011100010		38
10001000111		38
01110001111		38
01101011111		38
01011001111		38
01010101011		38
00110111011		38
00100100100		38
00011110011		38
00011110010		38
11010001000		37
10101101001		37
10101010110		37
10100011110		37
10100000111		37
10011111110		37
10011011111		37
10001011100		37
10001001011		37
10000000110		37
01111000001		37
01101010100		37
01100101001		37
01010011110		37
01010000100		37
01000011101		37
00101110000		37
00101100011		37
00011111011		37
00010111011		37
00010000111		37
00001100110		37
11101111111		36
11010001010		36
10110010111		36
10110010110		36
10100101000		36
10010010111		36
10001000101		36
01111000100		36
01011001011		36
01011001010		36
01011001001		36
00110101101		36
00100101111		36
00000111010		36
11111111011		35
11111111010		35
11001111010		35
11001101110		35
10111000110		35
10110011110		35
10110000100		35
10101000110		35
10010110010		35
10010001011		35
10001100001		35
10000101011		35
01111000010		35
01011000010		35
01001101001		35
01001101000		35
00101110010		35
00101100110		35
00100110001		35
00100100110		35
00011100110		35
00011011100		35
00000110001		35
00000010101		35
11110111110		34
10010011110		34
01011011011		34
01001001111		34
01000011100		34
00111011011		34
00110000101		34
00101110011		34
00011011111		34
00011011101		34
00010111010		34
11101001100		33
11011001110		33
11001111011		33
11001100110		33
10111100001		33
10101000000		33
10011000110		33
10010100001		33
01111011010		33
01101001111		33
01011101010		33
00010100101		33
00001011011		33
11101111110		32
10111011010		32
10101111111		32
10011101001		32
10001100000		32
10001011001		32
01111101001		32
01111011100		32
01111000011		32
01110011110		32
01010000011		32
01001001100		32
00111110001		32
00111010110		32
00101000101		32
00100100101		32
00010010101		32
00001100001		32
11110111010		31
11101111101		31
11001001101		31
10111101001		31
10011011001		31
01110011011		31
01110011000		31
01101101001		31
01000000000		31
00010100000		31
00001101100		31
00001011111		31
00000100100		31
00000011111		31
11111101110		30
11101111001		30
11101101110		30
11001001100		30
10101111110		30
10101011010		30
10011011101		30
10010011111		30
10010011100		30
10000000101		30
10000000100		30
01110011100		30
01110001001		30
01001001011		30
00011111010		30
00011101100		30
00010100100		30
00001100101		30
00001011100		30
00000100011		30
00000010111		30
11111111111		29
11011111110		29
11011111011		29
10110000111		29
10110000011		29
10010101011		29
10001011111		29
10000011110		29
10000011001		29
01111101011		29
01100011110		29
01001011010		29
00111011100		29
00110000110		29
00101100101		29
00101000011		29
00100111010		29
00100010111		29
00011110000		29
00011010111		29
00001110010		29
00001000100		29
10110100000		28
10100100001		28
10010011101		28
01110101001		28
00111011001		28
00110110001		28
00110100101		28
00101011001		28
00101000111		28
00011101111		28
00010011110		28
00000101101		28
11111001001		27
11001001001		27
10111010101		27
10011011110		27
10000000010		27
01101001110		27
01101000010		27
01100010101		27
01011011000		27
01011000100		27
01010101010		27
01010001011		27
01000000010		27
00110101111		27
00101100100		27
00011000110		27
00011000011		27
00010101111		27
00001110000		27
00001011110		27
00001011001		27
00001010111		27
00000101100		27
00000011101		27
11111111110		26
11000001000		26
10111011100		26
10111000011		26
10110011100		26
10100000110		26
10011011100		26
10011011011		26
10011000010		26
01111010101		26
01111001001		26
01101000100		26
01100101000		26
01100011111		26
01100011100		26
01011101011		26
01011011100		26
01011011010		26
01010011000		26
01000010100		26
01000000011		26
01000000001		26
00111100110		26
00111000011		26
00110010101		26
00101101111		26
00100101100		26
00010101101		26
00010011001		26
00001000110		26
00001000010		26
00000000011		26
11110001000		25
11110000001		25
10110100010		25
10110100001		25
10101000101		25
10001010110		25
10000001011		25
01111100000		25
01110100000		25
01110011010		25
01010001000		25
01001001110		25
00111100100		25
00100010101		25
00011000111		25
00010110001		25
00001101101		25
00000000110		25
10111001111		24
10011100001		24
10011010101		24
10010001111		24
10001101000		24
10001011010		24
10000100001		24
10000010101		24
01110000100		24
01101101010		24
01101001011		24
01100011101		24
01100010100		24
01100000100		24
01010001001		24
01001001010		24
01000101001		24
01000011000		24
00111000101		24
00110100011		24
00101010111		24
00101010110		24
00101000001		24
00100000111		24
00011001011		24
00011000010		24
00010010110		24
00001100010		24
00000110011		24
11111001100		23
11110001101		23
11101001000		23
10111000101		23
10111000010		23
10110000101		23
10110000010		23
10101010101		23
10100011011		23
10011000001		23
10010100000		23
10010011011		23
10010000101		23
10001101010		23
10001011110		23
10001011000		23
10000011010		23
01111010100		23
01111001011		23
01110000010		23
01010000001		23
00111101111		23
00111010101		23
00111000111		23
00011100101		23
00011000100		23
00011000001		23
00010100110		23
00000011000		23
00000000111		23
10110010101		22
10101011101		22
10101001111		22
10101000011		22
10011011010		22
10011001111		22
10010010110		22
10010010100		22
10001000110		22
10000001000		22
01101000000		22
01100011011		22
01011001100		22
01010011011		22
01010001101		22
01010000000		22
00111110011		22
00110100010		22
00110010110		22
00101100010		22
00101011101		22
00011011110		22
00000100010		22
11011010001		21
10101011000		21
10101010100		21
10101000100		21
10100101010		21
10011000101		21
10010101001		21
10010100010		21
10010011001		21
10001001111		21
10001000010		21
10000011100		21
10000001010		21
01111001100		21
01111000000		21
01110101000		21
01100000011		21
01010101000		21
01001000000		21
01000001111		21
00111001101		21
00101101001		21
00101011000		21
00010100011		21
00010011000		21
00001000011		21
00000011110		21
10111011000		20
10111001001		20
10110011010		20
10100010101		20
10011010100		20
10010011010		20
10000101000		20
01110001101		20
01101011010		20
01100011000		20
01100001011		20
01100000001		20
01010001010		20
01000011011		20
01000011010		20
01000001010		20
00111110000		20
00111011111		20
00111011110		20
00110100110		20
00110000111		20
00001101111		20
00001101110		20
00000100101		20
00000100001		20
00000010100		20
11100000000		19
11001010011		19
10111101011		19
10111000001		19
10110001111		19
10101100000		19
10011101010		19
10011001000		19
10011000011		19
10010000011		19
10000011000		19
01111001111		19
01101011100		19
01100001111		19
01011001101		19
01001001101		19
00111100011		19
00101101100		19
00101000000		19
00010011011		19
00010000110		19
00001100000		19
00001001011		19
00000001001		19
00000000010		19
11111010000		18
11110001100		18
10111100010		18
10110101010		18
10110101001		18
10101101000		18
10100011101		18
10100000100		18
10010000100		18
10000100000		18
01110001010		18
01101011000		18
01100101010		18
01010011010		18
01010001110		18
01001101010		18
01000110110		18
00111100001		18
00110011001		18
00110000100		18
00101001011		18
00101001010		18
00011100010		18
00010101011		18
00010100001		18
00000011001		18
11111001000		17
11101010010		17
11100001100		17
10101000010		17
10100010100		17
10100001110		17
10100000001		17
10011001011		17
10001000100		17
10000101010		17
10000010100		17
01110101010		17
01110001110		17
01001000100		17
01000001110		17
01000001100		17
01000001001		17
00111111010		17
00111001111		17
00110100100		17
00110100001		17
00101011111		17
00100101110		17
00011101101		17
00011011001		17
00011010100		17
00011000101		17
00010101001		17
00010001011		17
00001101011		17
00000101111		17
00000100000		17
11111010011		16
11100001000		16
10101000001		16
10011100000		16
10010110100		16
10010001101		16
10010001001		16
10001010101		16
10001001010		16
10001000001		16
10000001101		16
01111101010		16
01110001100		16
01110001011		16
01000110111		16
01000101000		16
00111111011		16
00110101110		16
00110011000		16
00110001111		16
00101110100		16
00101101110		16
00101011110		16
00101011011		16
00100100001		16
00100000110		16
00011100100		16
00011010110		16
00011000000		16
00010101010		16
00001101001		16
00001011101		16
11110010000		15
11101001001		15
11010001100		15
10111101010		15
10111010100		15
10100100000		15
10100011100		15
10011001001		15
10011000000		15
10010001110		15
10001001110		15
10000100010		15
10000001111		15
10000001110		15
10000001001		15
01111001110		15
01111001101		15
01100011010		15
01100011001		15
01100001101		15
01100001010		15
00111100101		15
00111000110		15
00110001101		15
00110000011		15
00101101011		15
00101100000		15
00100011110		15
00100010100		15
00011011011		15
00011001111		15
00010110000		15
00010011100		15
00001100100		15
00001000111		15
00000110010		15
00000000101		15
11011001100		14
11011001000		14
10111001101		14
10110011001		14
10100011010		14
10100001111		14
10011001010		14
10001000000		14
01110101011		14
01101001010		14
01100001110		14
01000001101		14
00111000001		14
00110110010		14
00101011010		14
00100100011		14
00010011101		14
00001101000		14
00001001101		14
11001010010		13
10111001110		13
10110010100		13
10101001011		13
10100000011		13
10011101000		13
10010000010		13
10001001101		13
01110010100		13
01101010011		13
01100001100		13
01010001100		13
01001001000		13
00111101110		13
00110110011		13
00110011111		13
00110011110		13
00110011101		13
00110011011		13
00101000100		13
00100010110		13
00010110011		13
00010100010		13
00001011000		13
00001001010		13
00000110000		13
00000001011		13
11100010001		12
11001001000		12
11000001100		12
10111001011		12
10111000000		12
10011000100		12
10010001010		12
10000110100		12
01111001010		12
01110011001		12
01101001001		12
01001001001		12
00111100000		12
00111000010		12
00110111010		12
00110101010		12
00101011100		12
00101001110		12
00101001001		12
00101000010		12
00100011011		12
00100000011		12
00011011010		12
00010101110		12
00010101100		12
00010011111		12
00010001111		12
00010001001		12
00001010110		12
00000011011		12
00000010110		12
00000001110		12
00000001010		12
10111100000		11
10111001010		11
10101001010		11
10100011000		11
10100000101		11
10011001110		11
10001010010		11
10001001100		11
01110000000		11
01000101010		11
00111100010		11
00111011010		11
00110110000		11
00110101011		11
00101010101		11
00101000110		11
00100101101		11
00100101001		11
00100011101		11
00100011001		11
00100000101		11
00100000010		11
00011001101		11
00001010100		11
00001000101		11
00000101011		11
00000001111		11
10111101000		10
10111001100		10
10110101000		10
10110001100		10
10101011100		10
10100100010		10
10100001010		10
10011011000		10
10010101010		10
10010001000		10
10001010100		10
01100001001		10
00111010100		10
00111000000		10
00101101000		10
00101001111		10
00100110011		10
00100101011		10
00100101000		10
00100100000		10
00100011100		10
00100001111		10
00011101110		10
00011101011		10
00011101001		10
00011100000		10
00011011000		10
00010110010		10
00010010100		10
00010001110		10
00001001111		10
00001001110		10
00001001000		10
00000101110		10
11000010001		9
10111000100		9
10110011000		9
10110001000		9
10110000001		9
10101001110		9
10100110111		9
10100011001		9
10000110101		9
01101001000		9
01011001000		9
01010000010		9
00111110010		9
00111101101		9
00111101001		9
00111001110		9
00111001001		9
00111001000		9
00110001110		9
00110001000		9
00100011111		9
00011001001		9
00010011010		9
00010000100		9
00001011010		9
00001001100		9
00000101010		9
00000011100		9
10101001001		8
10100001011		8
10011001101		8
10010011000		8
10010000001		8
10001110101		8
10001001001		8
10000000011		8
10000000001		8
01111101000		8
01110110100		8
01100000000		8
01011110111		8
01001010011		8
00111101011		8
00110100000		8
00100110000		8
00100101010		8
00100100010		8
00011101000		8
00010001100		8
00010000010		8
00010000000		8
00001101010		8
00001010101		8
00000101001		8
11110010011		7
10110001110		7
10101110111		7
10100001101		7
10100001001		7
10100000000		7
10011010011		7
10011001100		7
10010101000		7
10000001100		7
01101001101		7
01100001000		7
00111101000		7
00111011000		7
00110101000		7
00110011100		7
00110010100		7
00110000001		7
00101001000		7
00100011010		7
00011010101		7
00011001100		7
00010101000		7
00010000101		7
00010000011		7
00001000000		7
10110001001		6
10110000000		6
10101001100		6
10010000000		6
10001001000		6
00110101001		6
00110011010		6
00110001011		6
00110001001		6
00110000010		6
00110000000		6
00101101010		6
00101001101		6
00100110010		6
00100001101		6
00100001100		6
00100001011		6
00100000001		6
00011101010		6
00011001110		6
00010000001		6
00000101000		6
00000001101		6
00000001100		6
10111001000		5
10110001101		5
10011110110		5
01110001000		5
01100000010		5
01001110111		5
00111101100		5
00111101010		5
00111001010		5
00111000100		5
00110001100		5
00101001100		5
00100011000		5
00100001110		5
00011001010		5
00000011010		5
00000000001		5
10110001011		4
10101001101		4
10100110100		4
10100001100		4
10100001000		4
01111010010		4
01111001000		4
01110110101		4
01100110100		4
01010110101		4
01000001000		4
00111001011		4
00101010100		4
00100001010		4
00100001001		4
00100000100		4
00011001000		4
00001000001		4
00000000000		4
11111010001		3
11101010011		3
11010110110		3
11000110111		3
10110001010		3
10101110101		3
10100000010		3
10001110100		3
10001010011		3
10000000000		3
01101110111		3
01100110101		3
01001010010		3
00100000000		3
00001001001		3
00000001000		3
00000000100		3
11111010010		2
11110110110		2
11110010010		2
11101110100		2
11101010000		2
11011010010		2
11011010000		2
11000010010		2
10101110100		2
10101010010		2
10101001000		2
10100010001		2
10010001100		2
10001110111		2
01111010011		2
01111010001		2
01111010000		2
01101001100		2
01100010001		2
01011010011		2
01011010001		2
01010110100		2
01001110110		2
00110001010		2
00101110101		2
00100110101		2
00010001101		2
00010001010		2
11110010001		1
11101110111		1
11101110110		1
11100010011		1
11100010000		1
11011110111		1
11011110101		1
11011010011		1
11010110101		1
11010010010		1
11010010001		1
11010010000		1
11001110101		1
11000110101		1
11000110100		1
11000010011		1
10111010000		1
10110110111		1
10101110110		1
10101010011		1
10100110110		1
10011110111		1
10010110101		1
10000110111		1
10000110110		1
10000010010		1
10000010001		1
01111110111		1
01111110100		1
01110010000		1
01101110110		1
01101110100		1
01100110111		1
01100010010		1
01100010000		1
01011110110		1
01011110101		1
01010110111		1
01010010000		1
01001110101		1
01001110100		1
01000110101		1
01000110100		1
01000010010		1
01000010001		1
00111110101		1
00111110100		1
00111010011		1
00111010001		1
00111001100		1
00101110111		1
00101010011		1
00101010010		1
00100110111		1
00100010010		1
00011110101		1
00011010010		1
00010010001		1
00010001000		1
00001110101		1
00001010011		1
00001010010		1
00000110101		1
00000010011		1
