00010100100		2055
00000100100		1883
01001011000		1825
01010011100		1773
00010011101		1713
00100011100		1649
00001011100		1647
00011100000		1632
00000011111		1616
00001100001		1560
00000100010		1555
01011000000		1550
00010011100		1524
00000011101		1513
00011100001		1502
00011011010		1498
00100011110		1480
00001011101		1467
00011011011		1454
00010010101		1446
00011011101		1437
00010100000		1437
00010100011		1428
00101011101		1423
01011011010		1416
00000010100		1412
00111011011		1403
01010011101		1399
01011000001		1394
00011100010		1394
00000011110		1393
00101011100		1390
00011011100		1388
00111100011		1386
00001100000		1386
00101011011		1377
01111011011		1375
00101100010		1365
00011101000		1354
00111011100		1342
00010100101		1336
00001101011		1334
00001100011		1333
00010010111		1330
00001011000		1320
00010101010		1312
00010011110		1308
00000000110		1306
00001000011		1295
00001000100		1289
00011100011		1284
00101000011		1283
00100100100		1282
01010000000		1271
00000011010		1270
00000010101		1270
00001100010		1258
01001000000		1252
00110100001		1252
00011000000		1250
00110011011		1244
00111100100		1243
00000000101		1241
00000011100		1236
00100000111		1234
01011101000		1225
00010000111		1222
00110011101		1220
01000011100		1217
01000011110		1199
00010010100		1198
01010010100		1197
00011011000		1196
00000101010		1194
00110011100		1189
01010010101		1188
00011000010		1188
00000000111		1180
00111000000		1178
00111011001		1174
00001011011		1172
00100000100		1170
00100010111		1151
01000011111		1148
00001010101		1145
00011011001		1141
00001011110		1141
00001000010		1139
00110010111		1135
00101100000		1133
00010000011		1133
01010011111		1130
01010011011		1127
00110101101		1126
01000001011		1125
00001010111		1121
01001011010		1118
00011000011		1118
01111011000		1117
01001101000		1117
00110100010		1117
00010010110		1117
00101000010		1116
00010101011		1116
01100011100		1115
00111101011		1114
00001011001		1113
01011011000		1110
00001100100		1109
00000010111		1109
00010100001		1107
00101100100		1103
00000011000		1103
01001011011		1102
00010000000		1102
01011011100		1101
01001011100		1101
00001011111		1098
01000000101		1097
00000100101		1097
01001011101		1093
00111011010		1093
00100011011		1093
00001000000		1093
01011011011		1086
00101101011		1084
00101000111		1083
01000011101		1081
00010101100		1079
00000100000		1079
00110101011		1073
00001000101		1071
01101000001		1070
01011011001		1070
00110100101		1068
01001011001		1064
00010011111		1062
01001000001		1060
00010011010		1059
01110011100		1058
00111011111		1057
00011101010		1057
00110000100		1054
01110011101		1052
00111000001		1052
00010000100		1050
00101000100		1048
00100100101		1047
01010011110		1046
00101000000		1043
00111011000		1039
00011010100		1039
01110000100		1036
00000011001		1035
00101000101		1032
01011000100		1025
00001100101		1025
01000011001		1024
01010101000		1023
00100011111		1022
00010011000		1020
00000101011		1020
01011001011		1011
00011101011		1009
00110011110		1005
00100000101		1002
00000101000		999
00000000011		999
00001000001		998
01100010101		994
01010000100		994
00001011010		990
00011000100		989
00111000011		987
00010011001		987
00111100001		981
00110000101		980
01111011010		976
01111011100		975
00000000100		975
00000100001		971
00101100011		967
00011011111		963
01111011001		961
00001101000		961
01101000000		960
00101011010		960
00011000101		955
00100010100		954
00000100011		954
00110101010		953
00010000101		951
00001001000		951
00100011101		950
00011000001		949
01010011001		943
01110011110		940
01011100000		939
00011011110		937
00010100010		937
00101010111		935
01011011111		934
00111000010		933
00110010110		932
00010000110		932
01000000100		930
00100011010		930
00111100000		929
00011001011		926
01101011011		924
01011011110		924
00111000101		924
00000000000		923
00001010100		921
00111101010		917
10000010100		908
00000011011		908
10001000000		907
00000101101		905
00000101100		904
00101011111		902
00111011101		901
00100000011		901
00010000010		901
00100010101		899
00010110010		898
00100101000		896
00111010100		894
01100000101		892
00100000110		888
00001000111		888
00111101000		886
00011100101		881
00110010100		880
01100011000		879
01101011100		878
01100011011		872
00100101110		870
00110100000		869
00111100010		868
00110011010		866
00010001011		866
00111011110		865
00101011110		865
00110100011		863
00000000001		860
00110000110		859
00100101100		857
01111011101		856
00111010111		856
00101010101		854
10001000011		852
00110101111		851
00011010101		850
01010000101		846
00010011011		846
01011011101		845
00100100000		845
00000101001		845
01000101000		843
00110101100		842
00000000010		842
00101011000		841
00101101010		840
00101011001		839
00011010111		838
01111000001		833
00101000001		833
00001000110		832
01011101010		831
00000100110		831
01010101010		828
00000001001		827
00101100001		825
00100010110		824
01010001011		821
00100101011		821
00001101100		818
10001011100		817
01110101000		817
00101101000		817
01100010100		816
00110011111		813
00110001111		812
01010001000		810
00011010110		810
00010001111		810
10010010101		807
00010001101		805
10110100000		804
01000010101		803
00110010101		801
00010101001		800
00110000111		798
10001011000		797
00000001101		797
01010001010		795
01011001000		789
01000001010		788
01011001001		787
01011000101		787
10001000010		786
10001000101		785
01000011010		785
01110000101		780
01101011001		780
00110000001		778
00001001011		778
00100100110		777
10011000001		773
01011010100		773
00111000111		771
00001001100		771
00000101110		770
00000001000		770
00110100100		769
00111010101		766
00110101000		765
00010101000		765
10011100000		764
01110010101		764
01101101000		764
01100000001		763
00001001010		763
00111100101		762
10010011101		761
01100011010		761
00011001100		761
01010100000		760
00101100101		760
00010100110		760
01011001010		759
00100001111		757
00001010110		757
00100100010		753
00010110000		752
00000001111		751
10001010101		750
01001011111		750
10010100001		748
10011011100		747
01101011010		747
00000001011		741
00110011000		739
00001001001		737
10000010101		736
01111000010		735
01001000011		735
01001000010		734
00111001011		734
10001000001		733
00101010100		733
10011000010		732
10000100000		732
00011000111		731
01110010100		730
00011100110		730
10111000000		729
10001100000		728
10010011100		727
01010000001		727
00010101110		727
01000001101		726
00101001001		726
01111001010		724
01100001011		724
00000010110		724
00100100001		723
00111000110		722
00011101001		722
00000001110		721
00010001010		719
00111101100		718
10000000101		717
00110001011		716
00100100011		715
00100001010		714
01110000001		713
00011101100		712
00011101110		711
00001101010		711
00001001111		710
01111101000		707
01001001000		703
10110000011		702
01011000010		701
01010011000		701
01110011111		700
10010000111		699
01101011101		697
01000010100		697
00010001001		696
01111011111		695
01100011110		695
01011101001		694
01000000000		694
10010000101		693
00100101111		692
01000011000		691
00010101111		691
01011001100		689
10000011100		686
00111101111		686
00100011001		685
10010010100		684
00000001010		684
10000001011		682
10010000010		680
01010001111		680
01110101010		679
00110101110		678
00110100111		678
00101001010		678
10111100000		677
10010001011		676
01010001110		675
10101000100		674
00011101111		674
01111101001		673
01001000100		673
00111110011		672
00110000010		672
00101000110		672
01010011010		669
01111000101		666
00010100111		665
00001101001		665
00100001100		664
01001010101		663
00011001101		663
01111101011		662
01100000100		662
10110011100		661
01010000011		660
00100001110		660
10110000010		659
00011100100		659
10010100000		658
01101011000		657
00011110011		654
10000100010		652
01001001011		652
00101001011		652
00010001000		652
10010000100		651
00100000001		650
01111001101		649
00100101010		649
00111001100		648
10111000001		642
10100010100		642
01111010101		642
01111000000		641
10001010100		640
00100001011		639
10011100010		638
10001000100		634
00111110010		633
01010001101		632
01001011110		632
01001001100		632
10000000010		630
00111101101		630
00111001001		627
00001001101		624
01001000101		623
00101001101		623
01011000011		622
00110001110		621
00110001000		619
00110000011		619
00001110010		619
10010011001		618
00111010110		617
00011101101		616
00010001110		616
01111101010		614
01101000011		614
00100001101		614
10010000011		613
00111001101		613
10011000100		612
00011110010		611
00110100110		608
00101001111		608
10011000101		607
10010000000		607
01101000100		607
00011001000		607
00100001000		606
00010101101		606
01000011011		605
01111100000		604
00011001001		604
01011001110		603
01010001001		603
00000001100		603
10100010101		601
01110001010		601
01010101001		601
01000000011		601
01010001100		600
01000001110		598
10001001011		597
10000001100		597
01100001100		597
01000001100		597
00110000000		595
10100000100		593
01100011101		593
01010000010		591
00010001100		590
10111000101		589
01100000000		589
00011001010		589
01001010100		588
01000001001		588
10110011101		587
01111001100		587
00001101101		586
10000000100		585
00110011001		585
10101100000		584
10101000011		584
01110001011		582
01111011110		580
01110011001		580
00001101110		579
10111000010		578
10101010100		577
10000000000		577
10110000100		575
10101000010		575
10011010100		575
01001001101		575
01001001010		575
01000001111		575
01100001010		574
01101010101		573
10010011000		572
00011000110		571
10011011101		570
00100000010		566
01110001100		565
10101011100		564
10001001010		564
01111010100		563
00011001111		563
01010100001		562
01111000100		560
00111001010		560
10110010101		559
01110001101		559
01101001011		559
10011000000		558
10111010100		557
01001100000		557
10011011001		556
10001001000		556
01100101000		556
10110000101		555
01000000010		553
01111001011		552
00111001110		552
01000001000		549
01001001001		547
10001011101		545
10000011101		545
01011001101		545
00000100111		545
10011001000		544
10000001101		543
00010000001		542
01100011001		541
01111000011		538
01110000000		538
01101001000		538
00101001110		538
10100011100		537
10001100010		537
01010101011		537
00111000100		536
01001101010		532
00111001111		531
00000110011		528
00110101001		527
10010011010		526
01110001110		526
01011100001		526
01011001111		525
00100000000		525
10011011000		522
10001001101		522
10101000000		521
00100001001		521
01101001100		520
01011010101		519
10000011111		517
00110001101		516
01101011110		515
01100011111		515
00100011000		515
01101000010		514
10000011110		513
00000110010		511
10000001110		509
10011100001		508
00010110011		508
00101101111		507
00000101111		506
00101001000		505
10100100000		504
00100101101		504
10100000001		503
01100001101		501
00001001110		501
00110001001		500
10100000101		499
10011001011		499
00111110000		498
00000110000		497
01101010100		496
10111011101		493
01110000010		493
01101000101		493
00111100110		493
10101000101		492
10000000011		492
10000001010		491
01110011000		491
10010000110		488
01101100000		488
10010011110		487
01110100000		487
10001011001		486
00001100110		486
01110001001		485
00111101001		485
00101101101		485
01100000011		484
00101010110		484
01110000011		483
01100000010		483
00110001100		483
00001101111		483
01110101011		482
00100100111		481
10000001001		480
10001100001		479
10011010101		478
01110011011		478
01011101011		475
01111001001		473
00110110010		473
00101001100		472
01001001111		471
10011000011		468
10000101000		468
10111000011		466
10111010101		463
10110000001		463
00101101100		462
00011100111		462
00111100111		461
10100011110		459
01110001111		459
10000000110		457
01101001101		457
10001001001		455
01000000001		454
01101001001		452
01100100000		451
10001001100		450
10000001000		450
00110110011		449
00101101110		449
00010111010		449
10101000001		448
10010011111		447
10000011000		444
01110011010		443
10110000000		442
00111001000		442
10111100001		441
10000011001		441
10111000100		440
01111001110		440
10011011010		439
01101011111		439
10101010101		438
10010100010		438
10000001111		438
01100001110		438
01000101010		436
10000010110		435
00001110011		433
10001001111		431
01111001111		431
10011001001		429
10010001010		428
01000100000		426
00101110010		425
10011100011		423
01100101001		422
01100001000		421
00011110000		421
10010011011		417
10000000111		416
10011011110		415
01001101001		415
10110001000		414
10001001110		413
10010001111		412
10101011000		411
01100001001		410
10000000001		406
00110001010		406
10001011011		405
00011001110		405
10011001101		404
10011101000		403
10110010100		401
10000010111		400
10011000111		397
01101001010		397
10111011100		396
00101101001		396
10010100011		394
01110001000		394
01001100001		394
01100001111		390
10100000011		388
01100101010		388
10110011000		387
10010001110		387
10011011011		385
10000011010		385
10010001101		384
01101101011		384
10011001010		382
10010101000		382
10100000010		381
10010000001		381
01010000111		381
10110100010		379
00111101110		379
00100101001		379
10100001100		378
10111011000		375
01110101001		373
10011001111		371
10110001100		370
10100001011		370
10001101000		370
10001011010		370
10001011111		369
10000100001		368
00110110000		368
10111011010		367
10111011001		367
10010001000		367
10001011110		367
10010010110		365
01000101001		364
00101100110		359
01101101010		357
10100001010		356
10110101000		355
00100110010		351
10010101001		350
10110011111		349
01011100010		349
10101011101		344
10100011101		344
10101001010		342
10010001001		337
10011101001		335
10111001100		334
10110011110		334
10010010111		334
01010101100		334
01001101011		334
01111001000		332
01101001111		332
10000011011		328
01101101001		328
10010001100		327
10111001011		325
10110001011		325
01111100001		323
10101001100		321
01001100010		321
00100110011		321
10110001111		320
10001000111		319
10011011111		318
10110100001		317
10100001000		316
10101001011		315
01000100001		313
10100011111		312
10001010111		312
00010110001		311
01100101011		310
00000110001		309
10011010111		308
10111001101		306
10101001101		305
10011001100		305
10001100011		305
01010000110		304
10100001001		303
10011101010		303
10111101000		301
01010100010		301
10101011001		300
10010101010		300
10101011110		298
10100000000		298
01110100001		298
10110001001		296
10100001101		293
01000101011		293
10100100010		292
10101100010		291
00001100111		291
10111001010		289
10111001001		289
00101110011		289
10111011011		288
10100001111		287
10110001101		286
01001001110		284
10110000111		283
01010100101		283
10011010110		282
10110011010		281
10100011000		280
10101100001		278
01101001110		277
10101101000		276
10110100011		275
10100001110		275
01010100011		275
10011001110		274
00101100111		274
10010100100		273
10001101001		272
10101001001		271
10110001010		268
00010111011		268
10111100010		267
10101001000		265
10011000110		265
10001010110		265
10100010110		262
01000100100		260
10111001000		258
10100000111		258
01100100001		258
10111100011		256
10110011001		255
11111000000		254
01010100100		251
01000101100		248
01010101101		247
10110001110		246
00001110000		245
10000101001		243
10111000111		242
11011000000		241
10111011110		240
10110000110		240
10000100011		239
10100101000		235
01011000111		235
01010010111		235
00011111010		234
10111011111		232
10100011001		231
00100111010		231
10111101001		230
01000100010		230
11001000000		229
10110010110		229
10100100001		229
01000000111		229
00100110000		229
10110101010		225
01000010111		225
10101011011		224
10000101010		224
10001101011		223
01010010110		223
00111110001		222
01000000110		221
01110000110		220
10100011011		218
01100101100		218
01011010110		218
01110101101		217
01100010110		216
10110101011		214
10110010111		212
10111001111		211
01111010110		211
10100010111		208
10100011010		207
10010101011		207
10101001111		206
01111000111		206
10101011111		205
01110000111		205
10111001110		204
10100000110		202
10001101010		202
10101011010		201
10110101001		200
01011101100		200
10111101010		198
01001100011		198
10010110010		197
11010000000		196
10111101011		196
10001000110		196
01011100011		196
10000100100		195
10011101011		194
01010101110		194
00000111010		194
10110011011		193
01001101100		193
01110101100		190
00110110001		190
10101000111		189
01111100100		189
01101100001		189
01100000111		187
01011100100		187
00000111011		187
10010100101		186
11000100000		185
01110100010		185
01000100101		184
10101010111		183
01000101101		183
10111010111		181
01010110010		181
10000101011		177
00101110001		177
11101000000		176
10011110010		176
00011111011		176
01101100010		174
01110100011		173
01100100100		173
01111000110		172
00010111110		172
10101001110		170
00100110001		169
01001010111		168
10101000110		167
01110100101		167
10101100011		166
01000010110		165
01011101101		164
00101110000		164
01011000110		162
01011010111		161
10100100011		160
11001000001		159
01111101100		159
01001100100		158
00111111011		157
01100000110		156
10100101010		155
01111100011		155
01100010111		155
01111100101		154
00111111010		154
11010001000		153
01111010111		153
01110111010		153
00011110001		153
11110000000		152
11101000001		152
01001000110		152
10001100100		151
01111100010		151
11001001000		149
10111000110		149
10101010110		149
01001010110		149
11111000001		148
01000100011		148
01110010111		147
00110111010		147
10111010110		146
10000100101		146
01010101111		146
01101000111		145
01100100101		145
01110010110		143
01111101101		142
01001000111		142
01001100101		141
10101100100		137
10011100101		134
11011001000		132
11010000100		132
10100100100		132
10101101010		131
01001101101		131
11011000001		130
10011100100		130
01010111010		130
10010110000		129
11010001100		127
01000101110		127
10101101011		126
10011110000		126
01101100011		126
01011100101		126
00011111111		126
10110100100		125
10101101001		125
10000110000		125
01110100100		125
01011101110		123
10111110010		121
00001110001		119
10010110011		118
01100101101		118
01011111010		117
11110001000		116
00010111111		116
10111100100		115
10100101011		115
10100101001		114
10010100110		113
10000110010		113
01111101110		113
01100100011		113
00000111110		113
10110110010		112
01110100110		112
01101100100		112
01011101111		112
01101010111		111
11010000101		110
01101101100		110
01100100010		108
11111001000		107
11000000000		107
10010101100		107
01110101110		107
00110111111		107
01110101111		105
00000111111		105
11000000001		104
11110001100		103
10000100110		103
01010110000		103
00010111000		103
10100100101		102
01100101111		102
00101111010		102
11001000101		101
10111110000		101
10001010000		101
00110111011		101
01111110010		100
01000111010		100
10111100101		97
01101000110		97
00001111010		97
01110100111		96
01010100110		96
11000000100		95
01001101110		95
11010000001		94
10110100111		94
01010110011		93
10011110011		92
10001100101		92
01111101111		92
11100001100		91
11100000001		91
11011001100		90
10110100101		90
11000001000		89
00011111110		89
00011111101		89
01101100101		88
01100101110		88
10010100111		87
10001110010		86
00110111000		86
10101100101		85
01011110010		85
10001110000		84
00100111011		84
01101101110		83
01011110000		83
01000100110		83
00111111110		83
11110000001		82
10110101100		81
10011101101		81
10011101100		81
01000111111		81
11110010101		80
11100000000		80
11011000101		80
10010101101		80
01101101101		80
01011111011		80
01011110011		80
11001001100		78
10100101100		78
11011001001		77
11010001001		77
10110110011		77
01110110011		77
11101001000		76
01111110011		76
00110111110		76
10000101101		75
01001110010		75
01000110010		75
11111001101		74
10111101100		74
01000100111		74
10110101101		73
01011100110		73
01000110000		73
10011100110		72
01111100110		72
01101010110		72
01100100110		72
01010100111		72
11110001001		71
11001100001		71
11001000100		71
01111110000		70
01101110010		70
01010111011		70
11011000100		69
10101110010		69
11111001100		68
11100001000		68
11000100001		68
10100100110		68
10010101110		68
01000101111		68
10000101110		67
01111100111		67
11001001101		66
10110100110		66
00010010000		66
11111000100		65
11011010101		65
11000001100		65
10010101111		65
10000101100		65
00001111101		65
10110110000		64
01100111011		64
01100111010		64
11110011100		63
11101001100		63
11010010100		63
10000100111		63
01110110010		63
01101101111		63
01011100111		63
00000111001		63
11001101110		62
11000011001		62
11000001001		62
10001010011		62
10011101111		61
01010111000		61
10001100110		60
00001111011		60
11110000100		59
11011000011		59
10110101111		59
10001101100		59
01001110011		59
10100101111		58
01110110000		58
00011111001		58
00010010001		58
11111000101		57
11001100011		57
11001000111		57
11000001101		57
10110101110		57
10011100111		57
10001101110		57
01001100110		57
00101111111		57
11111101000		56
11110010100		56
11011001101		56
11011001011		56
10111110011		56
01101100110		56
00010111001		56
11111001001		55
10100101110		55
10010110001		55
01001101111		55
10111101101		54
01000111011		54
01000110011		54
10100110010		53
11101010100		52
11010011110		52
11000000101		52
10100101101		52
10001110011		52
10001101101		52
01111111010		52
01101110011		52
11010101011		51
11001001001		51
10111100111		51
10011101110		51
01100110011		51
01100100111		51
00000111000		51
11010011111		50
11000010100		50
10101110000		50
11010011100		49
11010001011		49
10101101111		49
01001100111		49
00111010011		49
11111010100		48
10111110001		48
10111101111		48
01101010000		48
01100110010		48
01001110001		48
01001110000		48
01000111000		48
11100011100		47
01101100111		47
01001111100		47
01000110001		47
11110001101		46
11001010100		46
10100100111		46
10010111010		46
01010110001		46
00111111111		46
00001111000		46
10111100110		45
10100110011		45
10011110001		45
10010010001		45
10000110001		45
01101010011		45
00101111011		45
00100010011		45
11110011110		44
11101000101		44
11010011011		44
11010010101		44
11010001101		44
11000010101		44
11100001001		43
00001010010		43
11000001110		42
01011110001		42
11111010101		41
11101011100		41
11100001011		41
11011011101		41
11010001010		41
10101101101		41
10101101100		41
01011111110		41
11101011001		40
11100011101		40
11000011100		40
10001100111		40
00011010000		40
11101001101		39
11101001010		39
11100001101		39
11100000101		39
11100000100		39
11011010100		39
10100110000		39
00100111111		39
00100111000		39
11100001010		38
11001011111		38
11000100110		38
01011111001		38
01011111000		38
00011111000		38
11110000010		37
11001000011		37
10100111110		37
10001101111		37
10000110011		37
11001101000		36
11000000110		36
10001010010		36
01110111011		36
01011111101		36
01000010010		36
10101100110		35
01101110000		35
01100110000		35
01100010001		35
01000111001		35
00010010011		35
00001111110		35
11010011010		34
11010001111		34
10111101110		34
10000101111		34
01001010011		34
11011101000		33
11001011000		33
11001001010		33
11000001111		33
10101110011		33
00101111001		33
00100111110		33
00100010000		33
11111011100		32
11110011101		32
11010011001		32
11010000111		32
11000110011		32
01110111110		32
11100011111		31
11011011010		31
11011010110		31
11010000010		31
11001010111		31
11000011000		31
11101001001		30
11001100000		30
11111000010		29
11110001011		29
11101000011		29
11100010101		29
11011011100		29
10101101110		29
01001010010		29
11111100010		28
11111000011		28
11010100011		28
11001100010		28
11000011110		28
11000001011		28
10110110001		28
10100010000		28
01100110001		28
01010111110		28
00111111000		28
00110111101		28
00101111110		28
00001111111		28
11100101000		27
11100011110		27
11011011011		27
11011011000		27
11010000110		27
11001011101		27
11001010101		27
10101110001		27
01111111011		27
00101111101		27
00001111001		27
11110001110		26
11000101000		26
11000011011		26
10001110001		26
01111110001		26
01011111100		26
00111010000		26
11111011001		25
11100010111		25
11011100011		25
11000011111		25
11000000111		25
10101100111		25
01000010000		25
00111111001		25
00101111000		25
11111011110		24
11111001110		24
11111001010		24
11100000010		24
11011100000		24
11011011001		24
11010101010		24
11010100100		24
11001001111		24
11001001011		24
00010111101		24
00000010001		24
11111011010		23
11110000101		23
11110000011		23
11101101000		23
11101011000		23
11101001011		23
11011001010		23
11011000010		23
11001001110		23
10110111010		23
10011111010		23
10001111010		23
01111010011		23
01010111001		23
00101110101		23
00011111100		23
00011010010		23
11111000111		22
11100001110		22
11011100001		22
11010101000		22
11010100010		22
11010100000		22
11010000011		22
11001011100		22
11000100100		22
11000011101		22
11000001010		22
10001111011		22
01110111000		22
01101111010		22
00111111101		22
11110100001		21
11110010110		21
11110001010		21
11101011011		21
11101000100		21
11100001111		21
11100000011		21
11010001110		21
11001011110		21
11001000010		21
10111111010		21
10100111010		21
10010111011		21
10001111001		21
01100010010		21
00100111001		21
00000010011		21
11111101001		20
11111100100		20
11111100000		20
11111001011		20
11111000110		20
11100010100		20
11011100010		20
11010110001		20
11010100001		20
11001101010		20
11001011011		20
11000000011		20
10111010000		20
10000111011		20
01110111111		20
01001111010		20
00001111100		20
11110011010		19
11101100000		19
11101011101		19
11100011010		19
11011011110		19
11010011101		19
11010010111		19
11001011010		19
11000101010		19
11000100010		19
01011111111		19
00101010010		19
11111101111		18
11111011000		18
11110101000		18
11110011111		18
11110001111		18
11101100011		18
11100000111		18
11011010001		18
11011001110		18
11011000110		18
11010101111		18
11010101001		18
11010100101		18
11001011001		18
11000011010		18
10001111100		18
10000111101		18
01111111000		18
01110111001		18
01110110001		18
01101110001		18
00100111100		18
11111100001		17
11110101011		17
11110000111		17
11101001110		17
11100011011		17
11011101101		17
11011011111		17
11010011000		17
11001101011		17
11000000010		17
10110111000		17
00110111100		17
00010010010		17
00001010011		17
11111100101		16
11111011111		16
11111010110		16
11111001111		16
11101100100		16
11101100010		16
11100101010		16
11011110011		16
11011000111		16
11001110001		16
11001010110		16
11000100101		16
10110111110		16
10110010001		16
10100110001		16
10001111000		16
01100111110		16
01000111110		16
00110111001		16
00010111100		16
00000111100		16
11111010111		15
11110101101		15
11110100000		15
11110011001		15
11110011000		15
11101101010		15
11101011111		15
11101010101		15
11011101011		15
11011101010		15
11011101001		15
11011010111		15
11001000110		15
11000101100		15
11000010110		15
10110111111		15
10101111010		15
10010111110		15
01111111111		15
01110111100		15
01101010010		15
01001111000		15
00001010000		15
00000010010		15
11111100011		14
11111011011		14
11110101010		14
11110100010		14
11101000010		14
11100101001		14
11100100001		14
11011100101		14
11011001111		14
11010110010		14
11001110010		14
11001100100		14
11000101001		14
11000100111		14
10111111011		14
10000111010		14
10000111000		14
01010111111		14
01001010000		14
11110010111		13
11101101011		13
11101100110		13
11101100001		13
11100100110		13
11100010110		13
11011111100		13
11011100110		13
11010101100		13
11010010110		13
11001101111		13
10100111011		13
10100111001		13
10001010001		13
01111111001		13
01101111011		13
01100010011		13
01011010001		13
01010010010		13
00100111101		13
11111101010		12
11110101001		12
11110011011		12
11101000110		12
11100101101		12
11100101011		12
11100100100		12
11011100100		12
11010101101		12
11010100110		12
10110111011		12
10100111111		12
10011111011		12
10010010000		12
10000111111		12
01111010010		12
01100111000		12
01011010000		12
01010111100		12
00111111100		12
00100010001		12
11111101110		11
11111100110		11
11110110000		11
11110100011		11
11110000110		11
11101000111		11
11100101110		11
11100011001		11
11011101100		11
11010110000		11
11001101001		11
11000010111		11
10111111001		11
10111111000		11
10101111011		11
10010111111		11
10000111001		11
01111111110		11
01101111111		11
01010111101		11
01000111101		11
11111011101		10
11110100101		10
11101011010		10
11100101111		10
11100100000		10
11010110011		10
11010100111		10
11000101011		10
10111111101		10
10011111110		10
10001111111		10
10000111110		10
01101111101		10
01001111111		10
01001111011		10
01000010011		10
00011010001		10
00000111101		10
11111110010		9
11110101110		9
11110101100		9
11101110000		9
11101010111		9
11100101100		9
11100000110		9
11011111101		9
11011110010		9
11010111111		9
11001101100		9
11001100101		9
11000100011		9
10011111000		9
10010111100		9
10010111001		9
10001111101		9
01110111101		9
01100111001		9
01100010000		9
01001111110		9
01000111100		9
00111010010		9
00101010000		9
00100010010		9
00000010000		9
11111101011		8
11110100111		8
11101110011		8
11101110010		8
11101011110		8
11100110010		8
11100100101		8
11100100011		8
11100011000		8
11011101110		8
11010101110		8
11001111111		8
11001111001		8
11000111001		8
11000101110		8
11000101101		8
10110111001		8
10100111101		8
10100111000		8
10011111001		8
10010111000		8
01110010000		8
01101111100		8
01101111000		8
01100111111		8
01010010001		8
01001111101		8
01001111001		8
00101111100		8
11111111111		7
11111111110		7
11110110011		7
11110110001		7
11101100101		7
11101001111		7
11100100010		7
11000110010		7
11000110001		7
11000110000		7
10111111111		7
10101010011		7
10101010010		7
10100111100		7
10011111101		7
10010111101		7
10001111110		7
01111111101		7
01111111100		7
01010010011		7
00001010001		7
11111110000		6
11111101100		6
11111100111		6
11110101111		6
11110100100		6
11100100111		6
11011100111		6
11001100111		6
11000111011		6
11000111000		6
11000101111		6
11000010001		6
10101111100		6
10100010001		6
10011111111		6
10011111100		6
10000010000		6
01111010001		6
01011010010		6
00110010011		6
00101010011		6
11111111010		5
11111110001		5
11110111111		5
11110111011		5
11110100110		5
11101111100		5
11101101111		5
11101101101		5
11101101001		5
11101010110		5
11100110011		5
11100110000		5
11011111000		5
11010111101		5
11001111000		5
11001110011		5
11001110000		5
11001101101		5
10110111101		5
10110111100		5
10110010000		5
10011010010		5
10011010000		5
10010010011		5
10000111100		5
01101010001		5
01100111101		5
01010010000		5
00110010001		5
00000110110		5
11111111011		4
11111110011		4
11111101101		4
11110111101		4
11110111010		4
11110111001		4
11110110010		4
11101111101		4
11101111000		4
11101100111		4
11100111011		4
11011111111		4
11011111110		4
11011111011		4
11011110000		4
11011010000		4
11010111001		4
11001111101		4
11001100110		4
10111010010		4
10101111111		4
10101111000		4
10101010000		4
10011010001		4
10000010011		4
10000010010		4
01101111001		4
01100111100		4
00111110100		4
00111010001		4
00011010011		4
11111111100		3
11111010000		3
11110111110		3
11110010000		3
11101111111		3
11101111010		3
11101110001		3
11100111101		3
11100111010		3
11100111000		3
11100110001		3
11100010000		3
11011110001		3
11010111110		3
11010111100		3
11010111010		3
11001111110		3
11001111011		3
11001111010		3
11001010010		3
11000111110		3
11000111101		3
11000111100		3
11000111010		3
10111111100		3
10101111110		3
10101010001		3
10100010011		3
10100010010		3
01111010000		3
01110010001		3
01001010001		3
01000010001		3
00110110111		3
00110010000		3
00101110100		3
11111111101		2
11111111001		2
11111111000		2
11110111100		2
11110111000		2
11110010011		2
11101111110		2
11101111001		2
11101101110		2
11101101100		2
11100111111		2
11100111110		2
11100111100		2
11011111010		2
11011101111		2
11010111011		2
11010111000		2
11010010010		2
11000111111		2
10111010001		2
10101111001		2
10011010011		2
10010010010		2
01011010011		2
01010110100		2
01001110101		2
00101010001		2
00011110101		2
00000110111		2
11110010001		1
11101111011		1
11101110101		1
11101010011		1
11101010010		1
11100111001		1
11100010001		1
11011111001		1
11011010011		1
11001010000		1
11000010000		1
10111111110		1
10111110101		1
10110010010		1
10101110101		1
10101110100		1
10100110111		1
10011110110		1
10011110101		1
10010110100		1
10000110101		1
10000010001		1
01111110100		1
01110010011		1
01110010010		1
01101111110		1
01011110101		1
01000110111		1
00111110111		1
00111110110		1
00111110101		1
00110010010		1
00101110111		1
00101110110		1
00100110111		1
00100110101		1
00011110110		1
00011110100		1
00010110111		1
00010110101		1
00001110100		1
00000110101		1
00000110100		1
