01001011101		753
01000111100		751
00011011100		747
01000011111		701
01011001111		690
01011000000		689
01001001100		684
01010110000		679
01010100011		606
00000001011		606
01010000111		594
00000001000		576
01011111100		557
10000011101		533
01011000001		531
11110011110		526
01011111101		509
01111111101		506
00000010111		501
01000001010		491
10111011111		484
00111111110		481
00010011010		481
10001111111		480
01100111111		476
01011110011		474
00010010111		474
01011100000		472
01010001111		472
01011011111		467
01001110011		467
01000100100		466
00011011111		461
00000001010		458
10011011101		456
10001010100		456
01001100000		455
01000001011		450
00011011101		450
01000001111		447
00000001101		447
01010001010		446
11000001011		442
11011011101		441
11000001100		440
00111011100		440
00000100100		431
11110011101		427
01010011111		427
01010111111		426
01110011100		421
01010011101		418
11101110001		416
01010110001		416
01111100011		411
01110101011		411
11001011011		409
11000001101		409
01011011101		408
01000111101		408
10011100011		407
01110101001		407
00000111011		406
01001111100		405
11011011111		404
11010011111		404
01010111101		404
00110011110		402
10010100111		400
11011110011		399
01111011101		397
01101010110		396
01011001110		395
01011001100		395
00111101011		395
10011001111		394
10000100100		394
10000010100		393
11111011110		392
01110000110		392
11010011110		391
01010010100		391
01110000111		390
00100001111		390
01010010111		386
00000101101		386
11010010111		384
00110000101		384
00100111100		382
10011111111		381
01001100101		381
00000100000		380
10000100110		379
10000100010		379
01110011101		379
11101111100		378
10000011000		378
01100010101		378
01000101101		378
10111011101		377
10101100011		375
11101111101		374
00000011000		374
10110100001		373
01010000100		373
01000011101		373
01011010111		372
00111110001		372
10001001100		371
00000111001		370
11111011101		369
01100001111		369
10101110011		368
00001011011		368
11011011110		367
01001111011		367
00001001010		367
11001100111		366
01000100101		366
01111011000		365
10010110010		364
10001110011		364
00010001101		364
11001110000		362
00000011101		362
01001010110		361
01000001101		361
01000010111		360
01010011110		359
01001110001		359
10000011010		358
00111000000		358
01011011100		357
11000111110		356
01011100101		356
01010100110		356
11011101001		355
01001011111		354
11111011100		353
11100110011		353
10100110011		353
01011100011		353
00011010111		352
11001011101		351
10000110001		351
01000100011		351
10100111100		350
01010100101		350
00100001100		349
00000100011		348
11001010100		347
11001001111		346
00101011101		346
10100100101		345
10010000111		345
10010100001		344
01010100010		344
10000111100		343
10000001101		342
01010011000		342
01010010101		342
01010000110		342
00111011111		342
11001110001		341
11111110001		340
01011000111		340
00000100010		340
01011011110		339
11000111111		338
10011100110		337
00001001001		337
11001011110		336
10000001100		336
01010101101		336
01000100010		336
00111011110		336
01111100010		335
01011100010		335
10000001111		334
01001001111		334
00010000011		334
11010100011		332
10010011101		332
00000100001		332
01100011001		331
01000011110		331
11011011100		330
11011010111		330
10101011111		328
01110011011		328
10011000000		327
01011101010		327
00001110010		327
11100011111		326
01101100110		326
00111100011		326
11111111111		325
10001100010		325
01011100100		325
01001001101		325
11111100110		324
01110000001		324
10111110001		323
10011011100		323
10001011111		323
10000011100		323
10011100111		322
00111000111		322
10011110011		321
01011000010		321
01000100111		321
00010111101		320
00010011011		320
10001100111		319
01011010100		319
00101000011		319
11110110000		317
11110011111		317
10110011101		317
10101001100		317
01110100101		317
01010011100		317
11010110001		316
11000000011		315
10001100011		315
01010101100		315
11100001101		314
01110111101		314
00011010100		314
10110100011		313
01100001100		313
11010011100		312
10110001111		312
01001100110		311
00010111111		311
11011011011		310
11000111001		310
01111100110		310
00001110011		310
00000001111		310
11100111101		309
11001111110		309
01011111111		309
01001100100		309
11001010110		308
01010011011		308
11101111001		307
10100001110		307
01101101011		307
01011001011		307
01000000011		307
00101100011		307
00101001001		307
00000111100		307
00000000000		307
10111000000		306
01111011111		306
10101110001		305
10010111101		305
10000100111		305
01110111010		305
01000000010		305
10011100101		304
10010111100		304
01101110000		304
01010111010		304
00001010100		304
11001110011		302
10011100010		302
01111001010		302
01110001100		302
01011011010		302
00001011101		302
00001001111		302
00001001000		302
10000001110		301
01010100111		301
11110110001		300
10100111111		300
01011000100		300
00111110011		300
10011000011		299
01101011011		299
01010111011		299
01001001000		299
11000000100		298
10000011110		298
01000011010		298
00000010101		298
01000011100		297
11000010100		296
10110011110		296
11000101100		295
10010110000		295
10001001111		295
00100111101		295
00011001100		295
11011000010		294
11010111101		294
10100111101		294
00010100100		294
11101110010		293
01010110011		293
00111011011		293
11010110000		292
10110111000		292
10100011100		292
10001011101		292
01110100100		292
10101011011		291
01011001010		291
00011111001		291
00000101010		291
10001101011		290
10000001011		290
11110111101		289
11100100101		289
10111001100		289
01010100100		289
00110001111		289
00110001101		289
10000000110		288
01001101011		288
00111000110		288
00101010111		288
00000111010		288
10011111100		287
00111001001		287
11010000011		286
10101011101		286
10001001101		286
01111011001		286
01010111001		286
00011100000		286
11110011100		285
11001011111		285
11000011011		285
01111100101		285
01111011110		285
01110111100		285
00111001101		285
00100011101		285
11010011101		284
10100100000		284
10011100001		284
01111001111		284
01101010111		284
00101100110		284
00101010110		284
00010111100		284
00001010110		284
11100001100		283
11011111010		283
10011110010		283
01011110010		282
00110100101		282
11111111100		281
11111001101		281
11011100110		281
10001111101		281
01011010110		281
01010100000		281
00101011100		281
00010010110		281
11010100101		280
10000100001		280
01000001110		280
11101110011		279
10011010110		279
01101101110		279
11010010100		278
10000111101		278
01000001000		278
00101110010		278
00000011100		278
10010110011		277
10010010111		277
10001111110		277
00001111111		277
00000001100		277
10100001011		276
10010011111		276
01110100011		276
01110010110		276
01100001011		276
00101011001		276
11011111111		275
01010111100		275
00010111110		275
11101100110		274
11010001011		274
01110100010		274
11010000110		273
11000001111		273
10000100101		273
01001011010		273
01001011001		273
10100100100		272
01111001101		272
01111000000		272
01010001100		272
01000111011		272
00111111000		272
11110000110		271
11010110011		271
11010000111		271
10001101101		271
01110011110		271
00000011011		271
10111111110		270
10111111000		270
00100100011		270
00000111111		270
11001111111		269
10100010101		269
01111011011		269
01110010101		269
01100011100		269
01011100001		269
01001100111		269
00110001100		269
00101111011		269
00010011100		269
00001011111		269
00000001110		269
11101011001		268
00010001111		268
11000001010		267
10101111010		267
11110011010		266
01110001111		266
01011001101		266
01000011011		266
11110001100		265
11010111111		265
10101100001		265
10100001100		265
11001000001		264
10001110001		264
00100100100		264
00011111110		264
00011010101		264
11100001110		263
10001110000		263
10001101010		263
10000010111		263
01101111010		263
01010101011		263
01001011100		263
11000100110		262
10111111101		262
01000011000		262
00111011101		262
00101011011		262
00100100111		262
11111111110		261
11111111101		261
11111110000		261
11001101001		261
10011001011		261
10011000010		261
10010111111		261
01010100001		261
00000011110		261
11010101101		260
01010011001		260
00000011010		260
11001100001		259
10100111010		258
00010000111		258
00000110001		258
11110100111		257
11000110011		257
10011101011		257
01011011011		257
00110000100		257
11010100000		256
11010011010		256
10100011101		256
11110101101		255
11101000101		255
11011111011		255
11010100010		255
10111111111		255
10101001001		255
10001000010		255
01011011000		255
01011010101		255
00011111111		255
00011100011		255
00001100011		255
00001011110		255
00000000001		255
10000001010		254
11110000111		253
11010011011		253
11001000000		253
10001010101		253
01101011001		253
01011111011		253
10111011110		252
01111101011		252
01111011100		252
01100101111		252
01001011000		252
11010001010		251
01111110000		251
01110111111		251
01101110011		251
01001001110		251
00001111001		251
00001011100		251
00000011111		251
11101110000		250
10100100111		250
00111001100		250
00011011110		250
00011010110		250
11101100101		249
11101001101		249
11010111001		249
10111000100		249
10110100010		249
10100111011		249
01110001011		249
01100101101		249
01000111110		249
00110111101		249
11011100111		248
10101000101		248
10000010110		248
01001111101		248
00101111010		248
00011111000		248
00011001101		248
00000001001		248
01001000001		247
11110100100		246
10101010111		246
01100100111		246
01011000110		246
00110111100		246
00101110011		246
00101000001		246
00011001011		246
11011000000		245
11000101001		245
10101111111		245
10000001000		245
01110110010		245
00110011011		245
00110011000		245
11000011101		244
10110001100		244
10001001010		244
01110011000		244
00101101101		244
00100111010		244
11111000000		243
11110001000		243
11011000101		243
11000110010		243
10101110010		243
10011011000		243
01001100010		243
00010110010		243
00010110000		243
10111101010		242
10111000001		242
10001011100		242
01010001110		242
01000100000		242
01000000101		242
11010100111		241
10111100011		241
10100100110		241
01010110010		241
01000011001		241
00111100100		241
11101011011		240
11101011000		240
11010000101		240
11001001100		240
10100010100		240
10001011110		240
10000011001		240
01111010111		240
01101100011		240
01100001110		240
00100111011		240
00000111101		240
00000110011		240
11110001110		239
11000100011		239
11000011111		239
10111100110		239
10001011011		239
11100011001		238
10100011111		238
10001110010		238
01110011111		238
01110000011		238
01101001110		238
01011100110		238
01010001011		238
01001001011		238
00011110000		238
11101011110		237
10011010100		237
10010010101		237
10001011000		237
01001000010		237
00011110010		237
00011101011		237
00000111110		237
11100001111		236
10110001101		236
10101110000		236
10010100101		236
01110001101		236
00111100110		236
00101000100		236
00000100101		236
00000010100		236
11010010101		235
11010000100		235
10010100100		235
01101110001		235
01100111001		235
01011101110		235
00110001001		235
11000001110		234
01000110010		234
10101011010		233
01111001100		233
01100111100		233
01100001010		233
01001100011		233
00111000101		233
00001000010		233
00000000011		233
11111010110		232
11101011101		232
10111111100		232
10110100111		232
10010001010		232
00010001100		232
00010000101		232
00000101000		232
11001000101		231
11000010101		231
10110111111		231
01100111101		231
01010001001		231
00100100101		231
00011110011		231
00000000110		231
10011010111		230
01111001110		230
01111000110		230
11011000001		229
10110111110		229
10110000010		229
10010001100		229
01100011110		229
01001011011		229
00001100101		229
00001011001		229
11000011100		228
11000001000		228
10011011011		228
10001000011		228
01011101100		228
00010100110		228
11110010100		227
10000111001		227
01111111100		227
01100111011		227
01010111000		227
01000001100		227
00110110011		227
00100100001		227
00010000110		227
11110001001		226
01101011111		226
00111110000		226
00001010101		226
11000011110		225
10110011100		225
10001111100		225
01101001010		225
01001111111		225
00111100111		225
00110010101		225
00100000001		225
00011111100		225
11110011011		224
11100011000		224
11000110001		224
10100000001		224
00100001010		224
11011111100		223
11001100011		223
10101100110		223
00111111100		223
00100111111		223
11001100000		222
10101001101		222
10100100011		222
10011111101		222
10001001011		222
01101111110		222
01100111110		222
00111011001		222
00101101111		222
00100001001		222
11101011111		221
11011101000		221
10110001110		221
01011111000		221
01011101011		221
00110100111		221
00100100010		221
00011000001		221
00001001100		221
11110111000		220
11110101011		220
11101100100		220
11100011110		220
10010011001		220
10010001101		220
10001111000		220
10000011111		220
01111000010		220
00111011010		220
11100011100		219
11010001101		219
11000111100		219
11000000110		219
10111111010		219
01101111111		219
01001000000		219
11011000011		218
10111000101		218
01111110011		218
01000111001		218
11110000010		217
11101010111		217
11100100011		217
11100001011		217
11011111000		217
10101011001		217
10010011100		217
01100000110		217
00111000011		217
00110011101		217
00110010100		217
00101000000		217
00011100010		217
11011001011		216
10011100000		216
00111000010		216
00110001010		216
00100110000		216
00100001110		216
00011011010		216
00010011001		216
00000100111		216
11100111111		215
11100111010		215
11001111011		215
10110011000		215
10010001110		215
10000011011		215
01110111011		215
01101001000		215
00110011001		215
00000100110		215
11111111010		214
10111111011		214
01101111101		214
01001000011		214
01000101100		214
00111101100		214
00110100001		214
00011000110		214
00011000010		214
00010101110		214
11011111110		213
11000100100		213
10110111010		213
10101111100		213
10000111011		213
01100100101		213
01001001001		213
00101110000		213
00011100111		213
11111110011		212
11110111111		212
10111100111		212
10001111001		212
10000000111		212
01110111110		212
00110010110		212
00001010111		212
10110000011		211
10000100000		211
01001011110		211
00001000011		211
00000101100		211
11111011111		210
11100010111		210
11010110010		210
10111000111		210
10110001011		210
10100000110		210
10000101100		210
01111100111		210
01010101000		210
01001110010		210
00011001111		210
00010101111		210
11111100011		209
11111000111		209
11010100110		209
11010011001		209
01110010111		209
01101011110		209
01100110000		209
01001101111		209
00110001000		209
00101100100		209
00010100011		209
11011001001		208
11001000011		208
10011011001		208
10011010101		208
01111110001		208
01111011010		208
01110001110		208
01101011010		208
00111001111		208
00110111010		208
00110001110		208
00011000111		208
00011000100		208
11101000000		207
11011000100		207
10101011110		207
01111000111		207
00110010111		207
00011000000		207
11111100111		206
11100001001		206
11000100111		206
11000011010		206
10101011100		206
10011111010		206
10011001100		206
00010101101		206
00001011000		206
10111111001		205
10100101111		205
10001101110		205
01000110000		205
01000000100		205
00110100010		205
11111100101		204
11110111100		204
11100111100		204
11000100001		204
10001101100		204
10001011010		204
10001001110		204
01111001011		204
01101011000		204
01011111010		204
01001111010		204
00101110001		204
00011100001		204
11111111011		203
11110100001		203
11001111101		203
10110100101		203
10011111110		203
10011000111		203
10000111110		203
01111010110		203
01110101010		203
01100011111		203
01100010100		203
10110101011		202
10000100011		202
01000111010		202
00101011111		202
00100011110		202
10111011001		201
10011000001		201
10000000010		201
01101100111		201
01010101111		201
00010011101		201
00001110001		201
11110010110		200
11000111000		200
01110111001		200
01011101001		200
01011000101		200
01000100110		200
01000010100		200
00111000001		200
00101011010		200
00100001011		200
11111011011		199
11110111110		199
11110001111		199
11011110010		199
11011100011		199
11001100101		199
10111001110		199
10101011000		199
10000110000		199
01111111011		199
01111111001		199
01101011101		199
01001110000		199
00100011100		199
00010111010		199
00001001110		199
11101001010		198
11100011101		198
11001011010		198
10111010111		198
10101100111		198
10100100001		198
01100110011		198
01011011001		198
01010000101		198
01000100001		198
00110000111		198
11111010100		197
10010001011		197
01010101001		197
00111111101		197
00110100110		197
00100010101		197
00011100110		197
00000101001		197
11101001111		196
10110101101		196
10110011111		196
10001100110		196
10001000111		196
10000101000		196
01001000110		196
00010010100		196
11110111011		195
11101001100		195
11010111011		195
11010001110		195
10100011011		195
10100001010		195
10011001000		195
00001001101		195
11110111001		194
11000000111		194
10111110010		194
10101010100		194
10100001101		194
10100000111		194
10011101001		194
01111100000		194
00100100110		194
00001111110		194
11111000101		193
11100100100		193
10001011001		193
10001000100		193
01000001001		193
00111100000		193
10111000110		192
10010011011		192
00011001010		192
00010011111		192
00001101011		192
00000101011		192
11011111101		191
11010111000		191
10111011100		191
10101001111		191
10100001001		191
10010011110		191
10000101111		191
01011000011		191
01001100001		191
00110100011		191
00101100010		191
11010100100		190
11010001000		190
11001111010		190
11001011100		190
11001001101		190
10110111100		190
10110010101		190
01111101111		190
01110000101		190
01100010111		190
01010001101		190
01001000111		190
01000000111		190
10111101100		189
10111100010		189
10111001010		189
10011100100		189
10010101110		189
01101001001		189
01100100011		189
01011110001		189
01011100111		189
01001101000		189
00110011100		189
00110000110		189
11101101000		188
11101001110		188
11011011010		188
11000000000		188
10110100110		188
01111111010		188
01100011010		188
01010011010		188
00011101001		188
10111011010		187
10000111000		187
01110100111		187
01100000111		187
00011100101		187
00010101010		187
11111001110		186
11001100010		186
11000010110		186
01110011010		186
01001111110		186
00100101110		186
00100011001		186
00010100000		186
11010100001		185
11000111010		185
10011011010		185
10011001110		185
10010101010		185
10010101001		185
01110101000		185
01101001100		185
01100101011		185
01100001101		185
01011001001		185
00000000101		185
11000000001		184
10110111101		184
10100001111		184
10011001101		184
10010101011		184
00101011000		184
00100001000		184
00010001010		184
00010000100		184
00001101000		184
11110100110		183
10111001101		183
10110001001		183
10110001000		183
10101000000		183
10100100010		183
10011001001		183
10010001000		183
10001100000		183
10001001000		183
10000000000		183
01111111110		183
00111100010		183
00100011111		183
00001111101		183
00001110000		183
00000111000		183
11111101011		182
11100010101		182
11011001110		182
11010001100		182
11001001010		182
11000101111		182
11000100010		182
00110111000		182
00110101011		182
11111000011		181
11100111110		181
10110101010		181
10001010110		181
10001000101		181
01111100100		181
01000111000		181
00100110011		181
00000000111		181
00000000100		181
11110110010		180
11101101010		180
11010111100		180
10111010100		180
10101001110		180
10010111010		180
10010000100		180
00111001010		180
00110000011		180
00110000010		180
00101011110		180
00101001111		180
00100101111		180
00010011000		180
11111001010		179
11100010110		179
11100000000		179
11011001111		179
11011001101		179
11010010110		179
10101010110		179
10011101100		179
10011000100		179
10010010100		179
10010001111		179
10000000101		179
01100011101		179
01001111001		179
01000111111		179
01000101011		179
11111010101		178
11011010100		178
11001010010		178
10111011000		178
10010100010		178
10010011010		178
10000000011		178
01010111110		178
01000110001		178
01000101000		178
00111010101		178
00101001101		178
00100110001		178
00011101110		178
10101100100		177
10010111000		177
10000010101		177
01011110000		177
01001101010		177
00101100001		177
11001001110		176
10111100000		176
10111000011		176
10110100000		176
10110000110		176
10101111101		176
01010000000		176
01000101001		176
00000011001		176
11111100000		175
11001111001		175
11001110010		175
11001001011		175
11000111101		175
10110111011		175
10110111001		175
10110100100		175
10000111010		175
01110011001		175
00101000010		175
00010011110		175
00001000101		175
11111001100		174
10010111011		174
01111000001		174
01101010100		174
00110001011		174
00100011011		174
11101010100		173
11010001111		173
11000101101		173
11000000010		173
10101100000		173
10011101010		173
10010000110		173
01101110010		173
01010000010		173
00110011010		173
00101101100		173
00100111001		173
11111001111		172
11101010101		172
11000101010		172
10111101011		172
10101000011		172
10010000000		172
10001100101		172
10001100001		172
10000110011		172
01111111111		172
01110000100		172
01010101110		172
11010001001		171
11001001000		171
11000100000		171
10111011011		171
10111001111		171
10110000100		171
10100011110		171
10010100011		171
10010011000		171
01110110011		171
01100011000		171
00100110010		171
00010101011		171
11011101011		170
11011101010		170
11001101011		170
10110101100		170
10101001011		170
10010000010		170
01011111001		170
00101101110		170
00010010101		170
11101100011		169
11101001011		169
11001010101		169
11001000010		169
10101111001		169
10001001001		169
01110111000		169
01000010110		169
01000000110		169
00101100101		169
00010100010		169
11111101010		168
11111101001		168
11101111000		168
11101100000		168
11011110001		168
01000000001		168
00110100100		168
00100001101		168
00000101110		168
11111011010		167
11011100010		167
11000101110		167
10111100100		167
10110110011		167
10010001001		167
01110000010		167
01101000000		167
01010000001		167
00110110010		167
00101001010		167
00100011000		167
00010101100		167
00010001011		167
11010000001		166
10111101001		166
10110011010		166
10000101001		166
01101101100		166
01101001011		166
01100100100		166
00101001000		166
00101000110		166
11100010100		165
01000110011		165
00101010010		165
00001100001		165
11110110011		164
11110100101		164
11010101100		164
11000001001		164
10111100101		164
10101101000		164
01001101100		164
01001010111		164
00101010100		164
00100101100		164
00010001110		164
00001011010		164
11101010110		163
11100000101		163
10010000101		163
01111001001		163
01001001010		163
11111000100		162
11101101111		162
10011000110		162
01111110010		162
01111000011		162
01110101101		162
01100010110		162
01011101000		162
01011001000		162
01010010110		162
01001010100		162
00011111101		162
11110101000		161
11001100110		161
11000111011		161
11000000101		161
10101101100		161
10010101111		161
01101011100		161
01101001111		161
01100001000		161
01000010101		161
00110110000		161
00110101101		161
00100000110		161
00011101000		161
11100101110		160
11100000001		160
10111101000		160
10111100001		160
10011111011		160
01101001101		160
01100011011		160
01010000011		160
00111101101		160
00111011000		160
00111010111		160
00111001011		160
00011101100		160
00010001001		160
11111011000		159
11101000100		159
11010101011		159
10011101101		159
01110100110		159
00011101010		159
00011011000		159
00010000010		159
11111100010		158
11111000001		158
11011100100		158
11011001100		158
10001010111		158
10000001001		158
01101111100		158
01100101001		158
01000101110		158
11011111001		157
10111001001		157
10110000001		157
10011011110		157
01111101000		157
01101100010		157
00011111011		157
00011001001		157
11111111000		156
11111011001		156
11111010111		156
11110000000		156
11011100001		156
11011010110		156
11001000100		156
10111110011		156
10011011111		156
10010110001		156
10010100000		156
01110101100		156
01110010100		156
01010101010		156
00100010100		156
00100000100		156
11111101101		155
11111001011		155
11101101101		155
10101100010		155
01001101101		155
00101001100		155
00101000101		155
00011110001		155
00001111100		155
00001001011		155
11111110010		154
11110001101		154
11010111010		154
11000100101		154
10110110000		154
10000101110		154
01001000101		154
00101101000		154
11110100010		153
11100111011		153
11100001000		153
11001000110		153
00010110001		153
00101100111		152
00001100010		152
00000110000		152
00000010110		152
11011110000		151
11000101000		151
11000010111		151
10111110000		151
10111000010		151
10100010111		151
01101000100		151
01000101010		151
00101111000		151
00101010101		151
11110100011		150
11101111010		150
11011101100		150
11011001010		150
11010101001		150
10111001011		150
10110011001		150
10101101011		150
01111111000		150
01111101010		150
00110101001		150
00101100000		150
00101001110		150
00001000100		150
10111101101		149
10110000111		149
10010101101		149
10010100110		149
10001000000		149
01100100110		149
01011101111		149
00101111001		149
00011011011		149
00000000010		149
11101001000		148
01100111010		148
00100011010		148
00011000011		148
00010111011		148
00010110011		148
00010100111		148
00001100111		148
10100110010		147
01111010100		146
00101111101		146
11111001000		145
11101011100		145
11100000010		145
01110001001		145
01010001000		145
01000000000		145
00111111111		145
00111000100		145
10110001010		144
10101001010		144
10100011001		144
10010111110		144
01110001010		144
01101000110		144
00111110010		144
00101101011		144
11111101111		143
11100110001		143
11100100010		143
11100000111		143
11000011000		143
10110101000		143
10010101000		143
01101000011		143
00111001000		143
00110111110		143
00010100101		143
11110101111		142
11101111011		142
11100111001		142
11100101101		142
01110100001		142
00011001110		142
00011001000		142
10101010101		141
10101001000		141
10010111001		141
01101101101		141
11110010101		140
11101100001		140
11100000110		140
11100000100		140
10110000000		140
10101101001		140
10001000001		140
01101010101		140
00111100101		140
00011101101		140
11001111000		139
11000101011		139
10100110000		139
01111001000		139
01110000000		139
01101101111		139
00100000111		139
00011011001		139
00001101101		139
00001101001		139
11110010111		138
10101000111		138
10000110010		138
01111101100		138
01011111110		138
00101001011		138
11101101110		137
10101000100		137
10100011000		137
10100001000		137
10011110001		137
01011101101		137
00110111111		137
00100101101		137
11101100010		136
11101001001		136
11101000001		136
11011100101		136
11011000110		136
10111010101		136
10010010110		136
10000111111		136
01111000101		136
11111111001		135
11111101000		135
11110000100		135
11101101011		135
10100101011		135
10000101010		135
01111101001		135
01110101111		135
00111100001		135
00101111111		135
00001111010		135
11011000111		134
10101111110		134
10100111110		134
01100101110		134
01100100000		134
01000101111		134
00100010110		134
00001000110		134
11101101100		133
11101011010		133
11001010111		133
10110101111		133
01101101000		133
11010101111		132
00110100000		132
00101111100		132
11011100000		131
11011011000		131
10100101101		131
10011001010		131
10011000101		131
01101000101		131
00110011111		131
00100111110		131
00001111011		131
00001100110		131
11111000110		130
11110111010		130
11001111100		130
10101111011		130
10001111010		130
01101000010		130
00110111001		130
00011111010		130
00001100000		130
10100101110		129
10011110000		129
10011101111		129
11101000011		128
01001111000		128
01001101001		128
00111010100		128
00001101010		128
10110010110		127
10100101010		127
10001101111		127
10001100100		127
01100100010		127
01001010101		127
00010111001		127
00001101100		127
00001000111		127
11110000101		126
11101100111		126
11100001010		126
11010111110		126
11001001001		126
10100101100		126
10000101101		126
01101111011		126
00110101110		126
00110101100		126
11001101101		125
10110000101		125
10101101111		125
10100000100		125
10011111000		125
10011101110		125
10001111011		125
01101000001		125
11110000011		124
10110110010		124
01111010101		124
01101100001		124
01100000100		124
01100000001		124
00110101111		124
11110100000		123
11011011001		123
11010010001		123
10100101001		123
00111101000		123
00100000101		123
11100101100		122
11001100100		122
10101101110		122
10010000011		122
01100110001		122
11100110000		121
10101111000		121
10000000100		121
00111101001		121
00010000000		121
11100101111		120
11010011000		120
01100100001		120
01100000000		120
00010100001		120
10111010110		119
10100000010		119
00111111001		119
11000110000		118
10100000000		118
01101000111		118
01100101010		118
00111010110		118
00111001110		118
00101111110		118
11110101110		117
11011101110		117
01110101110		117
01101100100		117
01100001001		117
00110000001		117
00000101111		117
11111100001		116
11110101100		116
11110001010		116
01101101010		116
11111101100		115
11100111000		115
11001101111		115
01110100000		115
00111101010		115
00011100100		115
11110001011		114
10110101001		114
10101100101		114
10100010110		114
01110001000		114
11100000011		113
11010000010		113
10111001000		113
10110010100		113
10000101011		113
01110110000		113
01101100101		113
00011101111		113
00001101110		113
11111100100		112
11000011001		112
01111100001		112
00111101111		112
00010101000		112
00001100100		112
11100100111		111
10100101000		111
01101100000		111
00100111000		111
11001101100		110
10111101111		110
10101000001		110
01100111000		110
01100000010		110
00100010111		110
00011000101		110
10110010111		109
01100101100		109
00100000000		109
11001011000		108
00000110010		108
11101111110		107
01100000101		107
00110101010		107
11101111111		106
11100101000		106
11011010101		106
11001101000		106
10000000001		106
00110111011		106
11011001000		105
00100100000		105
00001000001		105
11100100110		104
11001011001		104
10111101110		104
10101101010		104
10010101100		104
00101000111		104
11101000010		103
11100011011		103
10101101101		103
10101000110		103
10011101000		103
00010101001		103
11110101010		102
00111111011		102
11011101111		101
11010101110		101
11001000111		101
11101000111		100
11100100001		100
11010000000		100
01101101001		100
01001000100		100
11100100000		99
01100110010		99
01100000011		99
10110101110		98
10100111001		98
01111000100		98
01100101000		98
10001101001		97
10001000110		97
00110000000		97
00001101111		97
00101101001		95
11110011001		94
11110000001		94
11010101010		94
11001101110		94
10100011010		94
00010010001		94
11100101001		93
00010111000		93
00010001000		93
10110011011		92
11100110010		91
01111101101		91
00100101001		91
10100000101		89
10001101000		89
11111000010		88
01001101110		88
00001111000		88
00100000010		87
10100000011		86
01110110001		86
00111111010		86
00100101011		86
11110101001		85
00110110001		85
11011101101		84
11001101010		84
10011111001		84
10010010001		84
11100011010		83
10110110001		83
00101101010		82
00001000000		82
11110011000		81
00010000001		81
11010101000		80
10101000010		80
10100110001		80
01101111001		80
00111101110		80
11101000110		79
10100111000		79
00110101000		78
11101101001		77
10010000001		77
10001010000		76
00110010011		75
11100101010		74
00100101010		74
11111001001		72
00100000011		72
00100101000		69
11100101011		67
10000010001		67
10110010000		66
01101111000		66
01111101110		64
11000010011		63
01101010011		62
11111101110		59
01100010001		59
11101010001		54
11101010011		50
01001010011		46
11001010011		37
00100010010		37
00100010000		35
01101010010		33
01001010010		33
00011010010		32
10100010000		29
11101010010		25
10101010010		25
10001010011		25
01010010001		25
00101010011		24
01000010010		22
10111010001		21
01010010010		20
01000110111		20
00001010011		20
10001010010		19
10000110101		19
00001010010		19
11011010001		18
01111010010		18
00010010000		17
11100010000		16
10111010000		16
10101010001		15
01001110111		15
10001010001		14
00000010001		14
10110010001		13
01011110111		13
11100110101		12
11000010001		12
10101010011		12
10011010001		12
10010010000		12
01011010001		12
01000010011		12
01000010001		12
00100010001		12
00000010011		12
11101010000		11
11010010000		11
01111010011		11
00110010010		11
11100110100		10
10101010000		10
10100010001		10
10000010000		10
01011010010		10
00011010011		10
11100010010		9
11100010001		9
10111010011		9
10100110111		8
10011010011		8
10010010010		8
10000010011		8
01111010000		8
01101010001		8
11100110111		7
11100010011		7
01110010000		7
00111010010		7
00101010001		7
00001010000		7
11111010000		6
11110010011		6
11110010001		6
11001010001		6
11000010010		6
10110010011		6
01110010001		6
01001010000		6
00111110100		6
00100110111		6
11111010001		5
11011010011		5
11011010010		5
11010110100		5
10110010010		5
10010110100		5
01110010011		5
01100110101		5
01100010000		5
01011010011		5
01011010000		5
01010010011		5
01010010000		5
00100010011		5
00011010001		5
00010010010		5
11111010010		4
11001010000		4
10111110111		4
10100110100		4
10011110110		4
10011010010		4
01111110111		4
01100110100		4
01100010011		4
01010110110		4
01010110101		4
01001010001		4
01000110101		4
00111010001		4
00110110111		4
00110010000		4
00101010000		4
00001010001		4
00000110101		4
11111110101		3
11110010010		3
11110010000		3
11100110110		3
11011010000		3
10110110111		3
10100110101		3
10100010011		3
10000110100		3
10000010010		3
01111010001		3
01101010000		3
01100110110		3
01001110101		3
01000010000		3
00111010011		3
00111010000		3
00110010001		3
00101110111		3
00100110101		3
00011010000		3
00000010000		3
11101110101		2
11011110110		2
11011110100		2
11001110111		2
11000110100		2
11000010000		2
10111110100		2
10111010010		2
10101110111		2
10101110101		2
10100110110		2
10100010010		2
10011110111		2
10011110101		2
10011010000		2
10010110110		2
10001110111		2
01110110110		2
01110010010		2
01100110111		2
01100010010		2
01011110110		2
01010110111		2
01000110110		2
00111110111		2
00110110101		2
00101110110		2
00011110110		2
00011110101		2
00000110111		2
00000110100		2
00000010010		2
11111110111		1
11111110110		1
11110110101		1
11110110100		1
11101110111		1
11011110111		1
11011110101		1
11010110110		1
11010110101		1
11010010011		1
11001110110		1
11001110100		1
10111110110		1
10110110110		1
10110110100		1
10010110111		1
10010110101		1
10010010011		1
10001110100		1
01111110110		1
01110110111		1
01110110101		1
01101110111		1
01101110110		1
01101110101		1
01010110100		1
01001110110		1
01001110100		1
01000110100		1
00111110110		1
00111110101		1
00100110100		1
00011110100		1
00010110111		1
00010010011		1
00001110111		1
00000110110		1
