01011111010		893
01110111010		846
01010111111		806
01010011100		758
01010111010		757
01011110011		727
01011110010		706
01110111110		693
01000011110		691
10111111000		682
01010110011		678
01010011110		670
01001011000		661
01010111011		653
01010011111		651
01010001111		631
10011110010		629
01011011111		624
01111011011		621
01110111111		619
11110111011		618
01000011111		614
01111111010		613
11110001100		608
01011001011		602
01110011110		599
01010110010		595
01110001100		580
01000110010		574
01001111011		572
01100011100		571
01000001011		571
01010010100		567
01010111000		563
01010011101		562
01011100010		555
01011001100		554
00110011100		549
01010111101		545
01010001010		545
01000011100		544
01010100011		543
01011011010		542
11000111110		538
01001011010		534
00011001100		525
01010001110		523
01110011100		522
11111011110		521
01010001101		519
01011111011		517
01010111100		517
01011011100		516
01110110010		515
01001111110		515
01011111100		514
00110111111		509
10101011100		507
01001011110		506
01010111110		504
01110111011		503
11011011111		502
10000111100		500
10010111111		499
01000001010		499
01011000000		497
11011011011		494
01101110011		494
01001110010		494
01111111100		487
00000111100		487
01100001110		486
10010011010		485
11110011110		482
10100111010		481
00010111010		481
01111011100		480
01010101100		479
10000111110		478
01100001100		478
01001110011		477
11111111010		475
01011011001		475
01101011011		474
01011111111		473
01010001100		473
01011011000		472
11111111100		470
10100001100		470
01100111011		467
01000111111		466
11000011110		465
01000111100		465
11010011111		464
01011010110		464
00000111011		464
10000001100		458
11110111111		456
11100001100		456
10110011100		456
01001111100		455
11101010100		452
01100111111		450
00010111110		450
01010000100		449
00111111100		449
00010011010		448
01111111111		447
01100010110		447
01011111000		447
01000111101		447
01000001100		447
01111001011		446
01110110011		445
00100011110		445
11010001111		444
01111011111		443
01000001110		443
10011111111		442
01011011011		442
01010111001		442
00100111111		442
11010111111		441
01000111010		441
10010111110		440
10110001100		438
01111010110		437
00111011011		436
10110111111		435
01010011001		435
01000001111		435
00111011100		435
11000010100		434
00110011011		434
11100011100		433
01010011011		433
01000011010		431
00000111110		431
00000011101		431
10110111011		430
01011100011		430
00010111111		430
10111110010		429
01110001010		427
01010001000		426
01001011111		426
11010111100		425
11000011111		425
01001111111		425
11000111111		423
10011110000		422
01111011000		422
01011011110		422
11110110010		421
10001111100		420
01010101010		420
01011111101		419
11010111101		418
00100111010		418
01111001100		417
11001111110		416
01010010110		416
11111010100		415
00110111100		415
10111111100		414
10001011000		414
01110010101		414
01000111000		414
10111111010		413
01010010111		413
11100011110		412
11011110010		412
01110011101		412
11000111100		411
01000111110		411
01111111011		410
11000010110		409
01111110011		408
01101111010		408
01011001010		408
01000111011		408
11110111010		406
01010011010		405
00010111000		405
00010100100		405
10000111101		404
01011010100		403
01001100010		403
11000111101		402
10001011100		402
11000001011		401
01000101100		401
10100011110		400
00000111111		400
10111011100		399
10110111110		399
10000011100		399
01111111110		399
01110001110		399
11100001011		398
11000111000		398
01000110011		398
00011011010		398
11110011010		397
01001100011		397
11100011111		396
11011111101		395
01001011001		395
01000111001		395
00111110000		395
11111111111		393
01101011100		393
01100100100		393
10110011111		392
11110001110		391
11010011110		391
11001011101		391
10100111111		391
10010111100		391
00100011111		390
00010110010		390
11001110001		389
01101111110		389
01001011011		388
00111001100		387
01011000011		386
00011011001		386
11111011010		385
01111010111		385
01010011000		385
01010010101		385
00011111010		385
01000010100		384
10110111000		383
01111110010		383
11010001011		381
10100111011		381
01100111101		381
00001011000		381
11111011100		380
00011011011		380
10011001011		379
00010110000		379
01101011110		378
01111010100		377
01100110011		377
00000111010		377
00000001101		377
01010101101		376
01010100111		376
01010100100		376
00011011100		376
10100011111		375
01011010111		375
00111111101		375
00011110000		375
11100111011		374
11000110011		374
11000011010		374
01111100011		374
10000001101		372
01011000100		372
01000001101		372
00101011100		372
11001011110		371
10010111010		370
01001011100		370
01000100010		370
00010111011		370
11000100000		369
01000010111		369
11001011011		368
01001011101		368
00010011110		368
11110001111		367
11010011100		367
10110100000		367
10101110011		367
10100011100		367
10011110011		367
10010110000		367
10000110011		367
11110011100		366
11100111111		366
11001111111		366
11000011100		366
01101001000		366
01110010111		365
01011110000		365
00010111100		365
11010011010		364
01110001111		364
01100010100		364
11010111011		363
11000010101		363
01010101000		363
10110111100		362
10010010101		362
01011101010		362
00110111010		362
11000110010		361
01100111110		361
01000110001		361
10110011110		360
00110001110		360
10011011011		359
10000010100		359
01111011110		359
10010111011		358
01110111000		358
01011001101		358
01010000111		358
00011100010		358
01110100101		357
01101110010		357
01011001111		357
00111111010		357
10101001100		356
10011011100		356
10001001101		356
01110100110		356
00110111011		356
11011011110		355
11001011111		355
01111110000		355
01110101111		355
01110100100		355
01011001110		355
01000101101		355
11101111010		354
11001110000		354
10000011110		354
01111001111		354
01010100101		354
00110011110		354
00100011100		354
11011111010		353
11011101000		353
01100011000		353
01011000010		353
01011000001		353
11101000000		352
11100111100		352
10011011010		352
11110010101		351
11000011101		351
01011101011		351
11100111110		349
10111110001		349
10111011101		349
10111000000		349
10011111100		349
10010110011		349
01010000000		349
00111001101		349
11011011010		348
10000101100		348
01110111100		348
01001001100		348
00011110011		348
11000001010		347
10100001110		347
01110101000		347
01000010110		347
11010001000		346
10111111111		346
10000001011		346
01111110001		346
00011111111		346
00010011000		346
10101011011		345
01101001100		345
01100011010		345
01001001101		345
11011111100		344
00000011010		344
10101011111		343
01001000000		343
00001100001		343
11111110010		342
10001011011		342
11010110011		341
01101100010		341
11100011000		340
00110001111		340
00100111011		340
00010110011		340
10001011010		339
10001001100		339
01110010100		339
01010100010		339
10111011010		338
10011001000		338
00011000000		338
00000011100		338
11001000010		337
11000001111		337
00111111011		337
11100110000		336
11001100010		336
01110001101		336
00100111101		336
00000110010		336
11111101010		335
11010111000		335
10101011000		335
10100001010		335
10000001001		335
01100010111		335
01100001111		335
11100001111		334
11010111010		334
11011011000		333
11000001001		333
10111001100		333
11001111011		332
10111111011		332
01001100100		332
00010101100		332
11001110011		331
10110111010		331
10011010100		331
10001001000		331
01111011010		331
01010101110		331
00111000000		331
00100111100		331
00011011000		331
00010011111		331
10111011110		330
01111101111		330
01111100010		330
01011110001		330
01010100110		330
00111001001		330
11100001010		329
10010110010		329
11010100011		328
11000001000		328
10001110000		328
11111111110		327
11110111110		327
01100101100		327
00101110011		327
11000001110		326
10110110010		326
10011001100		326
10000001110		326
00011111110		326
11100111000		325
11001001010		325
10111010100		325
00010010100		325
11010111110		324
10010011111		324
01100010101		324
00111110011		324
00110101101		324
11101101010		323
00000010100		323
11000011011		322
10111011011		322
10000010110		322
01110100111		322
01001010101		322
00001001000		322
00000110000		322
11101011110		321
11001001000		321
01111100000		321
00100101100		321
00010011101		321
10000011101		320
10000011011		320
00111011101		320
00110011101		320
11111110000		319
11110110011		319
11011000010		319
01110110000		319
01110011111		319
01011011101		319
00111011000		319
11110100100		318
11010001100		318
00101111000		318
10011011000		317
10010011011		317
01110111101		317
00100111000		317
00000011110		317
11111111011		316
11100010110		316
11010100000		316
01100110010		316
01010110000		316
01000011101		316
00001011100		316
11111100010		315
11010110001		315
11001111100		315
11001000000		315
10010010100		315
01101101000		315
00111111111		315
01100011110		314
11101110010		313
11010110000		313
11001011010		313
10100101100		313
01110010110		313
00110110011		313
00011001011		313
11110100000		312
01101111111		312
00100011011		312
00011011101		312
10000011001		311
11010000100		310
10101101000		310
01000100100		310
00001111111		310
10011000001		309
01111001110		309
00110111000		309
10111110000		308
10100010110		308
10001000000		308
01010001011		308
00000100100		308
11110011011		307
11000100110		307
00111100011		307
11100110011		306
11001001110		306
10100111100		306
01101110000		306
00001011101		306
10000011111		305
11011001011		304
11000011000		304
01010100001		304
00010111101		304
11110011101		303
10101110000		303
01111111101		303
01000001000		303
00010001101		303
10000100100		302
01111011001		302
11110111101		301
11001111101		301
01110101110		301
01001001111		301
01001000011		301
01000000111		301
00000110001		301
11101100000		300
11101000001		300
11010010111		300
11000001101		300
10001011110		300
01101011010		300
00111011110		300
00110111101		300
00000010101		300
11000100100		299
01111111001		299
01010000101		299
01001111101		299
00101011011		299
11111001100		298
00110001000		298
00001111010		298
11011110011		297
10100111110		297
10001111011		297
10000010111		297
01111001101		297
01000000101		297
10001100011		296
10000111111		296
10000111000		296
01001100000		296
00000111000		296
11011011101		295
11010100100		295
10010011101		295
10000010101		295
01100100111		295
10111001101		294
10001011001		294
10101110010		293
10011001101		293
11010010110		292
10100010100		292
11101110011		291
10101010100		291
11111110001		290
11010101100		290
10111100001		290
01111100111		290
01011001000		290
01000100101		290
00100001110		290
11110001010		289
11101011011		289
11011001100		289
10010100001		289
10001001010		289
01101011001		289
01001001001		289
00110011010		289
00101111100		289
11111101011		288
11110000110		288
10000100110		288
01111000010		288
01011111001		288
11111011011		287
11101111111		287
10101100000		287
10011011101		287
10011001111		287
11101111101		286
10101011010		286
10010111101		286
01111101001		286
11110100110		285
00100011000		285
00001111110		285
10111111110		284
10111111101		284
01110001011		284
00011111100		284
00010001001		284
11100111010		283
10001110011		283
00100100100		283
00000101100		283
10110011101		282
10100111101		282
10000011010		282
01100111100		282
00110011000		282
00011111011		282
11111011000		281
11010100101		281
10110011010		281
10101011101		281
01110101101		281
01110101011		281
01010110001		281
00011111001		281
00011100011		281
00010010101		281
00001001100		281
00001001010		281
11110111100		280
11010010100		280
11001110010		280
10110101000		280
01101100000		280
00111011010		280
00100111110		280
11011000000		279
01111101011		279
00101111111		279
00011110010		279
10011000000		278
10001111111		278
10000110010		278
01101011101		278
01100100000		278
01100001010		278
01011100000		278
00001111101		278
11110010111		277
11010100010		277
10101011110		277
10001110001		277
01001110000		277
11101001100		276
11011111111		276
11011011100		276
10010000111		276
01101001111		276
01100111010		276
00111111110		276
00101001100		276
11111000100		275
11110101111		275
11110000101		275
10011010111		275
10010100111		275
01010101011		275
00010100000		275
00000011000		275
11111011101		274
11000100001		274
10111101000		274
10110011011		274
10001111101		274
10001010100		274
00100010100		274
11000101010		273
10101111111		273
01101111011		273
01101000010		273
00100111001		273
00011111101		273
00010000000		273
11111011001		272
11110100010		272
10110101100		272
10011100000		272
01001101000		272
00100001111		272
11101010110		271
10111011001		271
10010101100		271
01101000001		271
11010001110		270
11010001010		270
11000011001		270
10010011100		270
10001100010		270
01110000100		270
01100011111		270
00111011001		270
00110000100		270
00010001100		270
10011100010		269
10001111010		269
10001101011		269
00111110010		269
00110001001		269
10110000100		268
10001110010		268
10000001000		268
01110101010		268
00111100100		268
11100011101		267
10100100011		267
10100100001		267
10011111101		267
10011111010		267
01001001011		267
00111101011		267
00111011111		267
00100010110		267
00001111000		267
00101110000		266
00000111101		266
11111001110		265
11101010111		265
10100111000		265
10010011000		265
01111001010		265
01001111010		265
00010000100		265
11100001001		264
11010001101		264
11000111010		264
10111011111		264
10010111000		264
00101011101		264
00010100101		264
11101001101		263
11011101010		263
11011010111		263
11000110000		263
10111111001		263
10011111110		263
10000011000		263
01000100011		263
01000100000		263
00011011111		263
11011111110		262
11011100011		262
10100110011		262
01111101110		262
01101111100		262
01100111000		262
01011101000		262
01010100000		262
01001010111		262
11111111000		261
11111100011		261
11001001111		261
11000111001		261
10011000010		261
01101100011		261
01000110000		261
11110000100		260
11100100100		260
11001101011		260
10101111011		260
10100010101		260
01010000110		260
01001000010		260
00110010110		260
00101011111		260
00011000011		260
00010001000		260
11010011101		259
11001001101		259
10010011110		259
10000110000		259
00100101000		259
00000001001		259
11100011010		258
01111111000		258
00010010110		258
11111111101		257
11111001111		257
11100011011		257
11011000001		257
11001011000		257
10111100011		257
10100110000		257
10000001111		257
01100111001		257
01011111110		257
00101100100		257
11001101001		256
11001101000		256
00110010100		256
00011001010		256
00010100011		256
10110001000		255
10001000011		255
01110000011		255
01101001011		255
01100011011		255
01100001101		255
00101110010		255
00100001000		255
00000100011		255
11011000100		254
11001111010		254
10111110011		254
10100001111		254
01111101010		254
01001000100		254
00010011001		254
11111010111		253
11110100111		253
11101111100		253
11100101110		253
10010100100		253
10001011111		253
10001010101		253
01000011001		253
00110100111		253
11101001010		252
10111001011		252
10110010110		252
10001100110		252
10000111011		252
01100100001		252
01000011000		252
00111010100		252
00101010100		252
00101000100		252
00100011101		252
00011010100		252
00011001001		252
11100111101		251
11011000111		251
01101010110		251
01101000100		251
01000010101		251
11001001100		250
10111100000		250
10011111011		250
01111101101		250
01110011010		250
01101011000		250
01011100001		250
00001000100		250
10100011010		249
10011001010		249
10010001011		249
01101011111		249
01100100101		249
00101011000		249
00000110011		249
11010110010		248
11001000001		248
10100011011		248
01010001001		248
01001010110		248
01001001010		248
00000011111		248
11111110011		247
10110111101		247
10011011110		247
10001101100		247
10000000111		247
01010000011		247
00101111011		247
11110111000		246
11101011000		246
11010001001		246
10010100101		246
10010011001		246
01011000101		246
11011100100		245
10111101010		245
10100111001		245
10100001001		245
01111101100		245
01011101100		245
00100011010		245
11001100000		244
10110110001		244
01101000000		244
00010111001		244
00010100111		244
00001100011		244
11111011111		243
11010011011		243
01111100001		243
00110110010		243
00101111010		243
00011001101		243
00010110001		243
00010001111		243
11110001101		242
11000001100		242
10110001010		242
10101111010		242
10010100011		242
01111011101		242
01110110001		242
01000100001		242
11001111001		241
10111001111		241
10110110011		241
10100101000		241
10011011111		241
10010001110		241
10010001001		241
10010000100		241
10000000010		241
01001101101		241
01001001110		241
00001011011		241
00000001100		241
10010101101		240
10001000010		240
01100110000		240
01001001000		240
00101101000		240
00100001010		240
00011101000		240
00011100001		240
11000000010		239
10111001110		239
10100001000		239
10001101001		239
01110101100		239
01110100011		239
01100000111		239
00110101100		239
00110001100		239
00101000000		239
11011000011		238
11010100001		238
10011011001		238
01101110001		238
01011100101		238
00011000001		238
11100010101		237
11011001010		237
10110011000		237
01111001000		237
01000100111		237
00101001101		237
00001111100		237
11111000011		236
11001010110		236
11000010111		236
10000001010		236
00100110010		236
01111100101		235
00001000011		235
11000101110		234
10001011101		234
10001001001		234
01000000100		234
11011111011		233
10000100101		233
01101101001		233
01100100010		233
01001010100		233
00111010101		233
00111001110		233
00101000001		233
00001101100		233
11010000110		232
11000000100		232
10010001111		232
10001001111		232
01000100110		232
11100000101		231
11011001101		231
10111101011		231
10010000110		231
00110100000		231
00101100000		231
00101000011		231
00011000100		231
00010001011		231
11010101001		230
10110101010		230
10110100110		230
10110001101		230
10101111000		230
10010001010		230
01111010101		230
00110011111		230
00001111011		230
11110110001		229
11101011100		229
10111101100		229
10110001111		229
10010100110		229
01111101000		229
01001100111		229
00101101010		229
00010001110		229
11010011001		228
10101001000		228
10000111001		228
01110000110		228
00100100111		228
00010101110		228
11110000011		227
11100001110		227
11100000111		227
11001100011		227
10010010110		227
01101001110		227
00101100010		227
00001011001		227
11110111001		226
11101111000		226
11101101000		226
11000101100		226
10101100010		226
10100101101		226
01110111001		226
01100011101		226
01010101001		226
00110110000		226
00100100001		226
11111010110		225
11011111000		225
01110011011		225
01001000001		225
11110101110		224
11100001101		224
11000100111		224
10110110000		224
10101001110		224
10011001001		224
10010001000		224
01011000110		224
11011001111		223
10111000001		223
10110001011		223
00000001000		223
11111001101		222
11100110001		222
11001000100		222
10110101011		222
10100010111		222
01101111101		222
01001110001		222
00110100001		222
00101001001		222
00001001101		222
11110001011		221
11100101010		221
11011011001		221
11001010100		221
11000111011		221
11000000110		221
10111101001		221
10101001101		221
10011100011		221
10001100100		221
10001100001		221
00100100000		221
00011111000		221
00011101010		221
00000010111		221
10011101010		220
01101001001		220
01011101101		220
01000001001		220
00111101100		220
00111100000		220
00010010111		220
10101100001		219
10100001101		219
10001100000		219
01101101100		219
01100101110		219
01100000100		219
00111101010		219
00110001011		219
00100110000		219
00010011100		219
00000011001		219
11010011000		218
11010000000		218
00100010101		218
00010101000		218
00000100010		218
11111100110		217
10110100011		217
10001111110		217
10000100010		217
01001101100		217
00000001111		217
00000001011		217
00000001010		217
11111000101		216
11110000111		216
11011101100		216
00111110001		216
00110100010		216
00110010111		216
00010101010		216
00001011010		216
11110011111		215
11101110001		215
11011001000		215
11000110001		215
10101111100		215
10011101101		215
10001101010		215
01110100000		215
01010101111		215
01000011011		215
00010011011		215
00001110000		215
11111000000		214
11100100000		214
10110100100		214
10011000011		214
01110100010		214
01000101111		214
00101010101		214
00100100110		214
00000100110		214
10101100101		213
10000111010		213
10000101001		213
01011010101		213
00111000010		213
00001001001		213
11111100000		212
11101000101		212
10110100010		212
01110011001		212
01110000111		212
11011100101		211
11010000101		211
10111010111		211
10001111000		211
01000101110		211
01000000010		211
00100001100		211
11111000010		210
11101001011		210
10110000011		210
10101111001		210
10001001110		210
01101010100		210
00110111110		210
11110101011		209
11100000110		209
11011100110		209
11001101010		209
10111010101		209
10011100101		209
10010001100		209
10000110001		209
10000000110		209
00101001000		209
00100101111		209
00011100000		209
11010101011		208
11001010111		208
10011000101		208
01100101101		208
01001101010		208
00100110001		208
11101011111		207
10100100000		207
10100011001		207
10011000110		207
10010101110		207
01111000111		207
01101111000		207
01101101010		207
01001101110		207
00110101000		207
00000100001		207
11010101010		206
11001010101		206
10111001000		206
10101000100		206
10100110010		206
01000101000		206
00010000011		206
11100100101		205
11000000000		205
10111001010		205
10110100111		205
10101010101		205
10010010111		205
10000100111		205
01110100001		205
01100001011		205
01001111000		205
01000000110		205
00000100000		205
11111101000		204
10110010111		204
01101000011		204
00001110010		204
11111100100		203
11110001000		203
11110000010		203
11101011010		203
11011100010		203
10100100110		203
00101101011		203
00101001010		203
00011011110		203
11101111110		202
11100101100		202
10011001110		202
01101010101		202
00101000010		202
00001110011		202
11100011001		201
11001001011		201
10111101101		201
10101001011		201
10101000010		201
10011101001		201
01111000000		201
01011101001		201
00101001111		201
00100110011		201
00100001101		201
00010001010		201
00001100000		201
11111001000		200
11101100001		200
11100010100		200
10100100100		200
10011000100		200
01011001001		200
00101111101		200
00101010111		200
00010100001		200
00000101101		200
11110101000		199
11110010100		199
11001101111		199
10010001101		199
10000101101		199
00101110001		199
00101011010		199
00101001110		199
00000001110		199
11011010100		198
11011001110		198
11010101111		198
11010000010		198
10111000010		198
10110111001		198
10101010110		198
10101000000		198
10011101100		198
10001100101		198
10001010110		198
00111010111		198
00111010110		198
11111001011		197
11110010110		197
11001111000		197
01100101000		197
00111001000		197
00110101111		197
00101011001		197
11011000101		196
11010000111		196
11000101111		196
10100011101		196
01101101110		196
00100001011		196
00001000000		196
00000010110		196
11111000111		195
11101111011		195
11100101101		195
10111011000		195
10101001010		195
01110000001		195
00110001101		195
00100010111		195
00001010111		195
11010100111		194
11001011100		194
10110100001		194
01111000100		194
01111000001		194
01110011000		194
00111111000		194
11111001010		193
11101001110		193
11010101101		193
10011000111		193
00000101010		193
00000101001		193
11100001000		192
10110000010		192
10011101000		192
10010000010		192
00111001111		192
00101100011		192
00001111001		192
11000000001		191
10110100101		191
10101010111		191
00101010110		191
00010000110		191
10010100010		190
01101101011		190
00110101010		190
00010000111		190
11101110000		189
01111100110		189
01111001001		189
01110000101		189
01100000011		189
01001111001		189
11101001111		188
11001000011		188
10111100100		188
10110101101		188
10101101100		188
10100000111		188
10001000100		188
01111100100		188
01111000101		188
01101100110		188
00111100010		188
00001011110		188
00000100111		188
01101001010		187
00100000111		187
00001101001		187
11111100101		186
10011010110		186
10010000101		186
10000101110		186
10000000000		186
00111100001		186
00001010101		186
10010101011		185
10001000001		185
10000100000		185
01101100100		185
10101110001		184
10101100111		184
00111000001		184
00011000010		184
00001101000		184
11110100001		183
10100000110		183
01100000000		183
01010000010		183
00111101000		183
00110000011		183
11100101000		182
11011100001		182
11000101001		182
10001001011		182
10000100001		182
01100001001		182
00101000101		182
11011110000		181
11011010110		181
10111100010		181
10101101011		181
10000101111		181
01110001001		181
01100110001		181
01011101110		181
01001100001		181
00110101110		181
00101011110		181
00010000010		181
00001011111		181
11110100101		180
11011010101		180
11010000001		180
11001000101		180
11000100011		180
10110000101		180
11101010101		179
10111100111		179
01101111001		179
11111100111		178
11101011101		178
11101001000		178
11001000111		178
10101101001		178
10100100101		178
10011010101		178
01101010111		178
00001000010		178
11100100011		177
10110001001		177
10000100011		177
01001100110		177
00101101101		177
00001001011		177
11110101100		176
11110101010		176
10100011000		176
01111000110		176
00010100110		176
00000101110		176
11000101011		175
11001101101		174
11000000101		174
10101101010		174
10101100011		174
10101000011		174
10010101010		174
10001101000		174
00101111110		174
00100000110		174
10101101111		173
10001000101		173
01101000101		173
00111101111		173
11100100001		172
10110001110		172
10101100100		172
10011100001		172
01010000001		172
01001101001		172
00001100100		172
00000111001		172
11110100011		171
10011110001		171
01100000101		171
00100100101		171
00011101101		171
00011100110		171
00001001111		171
11101100100		170
11010010101		170
11010000011		170
10111101110		170
00000011011		170
10100000100		169
01100100110		169
00110101011		169
00101100001		169
00000000000		169
11100110010		168
11100100111		168
11100100010		168
11001101100		168
11001011001		168
10011100111		168
10010111001		168
01100101111		168
00011101011		168
00011010101		168
00011000101		168
11101101111		167
11001100001		167
01011000111		167
00100011001		167
11111010101		166
11101100111		166
01110000000		166
01101100111		166
00111001011		166
00100101010		166
00100001001		166
11111101100		165
10100101010		165
01011100111		165
00101101111		165
00011001000		165
00010101101		165
11000000011		164
10111000100		164
10110010101		164
10010100000		164
01101001101		164
00110011001		164
10101011001		163
10011100100		163
01100000010		163
01011100100		163
01000000000		163
11111001001		162
11101111001		162
11001000110		162
10111000111		162
10101101110		162
10101001111		162
10010000000		162
10001101110		162
11110001001		161
11100111001		161
11100010111		161
10100110001		161
10100000001		161
00111100110		161
11011100000		160
10111100110		160
10100101110		160
01111000011		160
01100101001		160
00110000001		160
00011010110		160
00001101011		160
11100101011		159
11011101011		159
11011000110		159
10110101110		159
10110010100		159
10110000000		159
00111101101		159
00100100011		159
00100000100		159
00010000101		159
11001001001		158
10011101011		158
10001101101		158
10000101000		158
01100011001		158
00110001010		158
11101011001		157
10010101001		157
01110000010		157
00011101111		157
00001100111		157
11011101110		156
11000100101		156
11000000111		156
10110101111		156
10101100110		156
10010101000		156
00110100110		156
00011101100		156
10111010110		155
10111001001		155
01110001000		155
01000101001		155
11010111001		154
11010100110		154
10101111110		154
10010110001		154
00010101011		154
11111000001		153
11001100100		153
00001110001		153
00001100010		153
11110101001		152
10110000110		152
10100100111		152
01011101111		152
01000101010		152
00100101110		152
00011100101		151
00000000110		151
11010101000		150
10101000101		150
01100000110		150
01001101111		150
00101001011		150
00001101101		150
11101100010		149
11100000010		149
11000101101		149
00101111001		149
00101100110		149
11100000000		148
10011111000		148
00000000100		148
11111111001		147
11011110001		147
11011001001		147
10100001011		147
10100000101		147
10011100110		147
01100100011		147
00111000011		147
00100000001		147
00000000001		147
10010000011		146
01101101111		146
01000101011		146
00110000101		146
10010101111		145
00011001110		145
00010101111		145
00001010110		145
11100100110		144
10110101001		144
10101111101		144
00000100101		144
11111101111		143
11100000100		143
00110100100		143
00011100111		143
00011100100		143
00011001111		143
00001010100		143
00111000111		142
00110000111		142
00110000110		142
11101100011		141
11101000011		141
10101000110		141
10001000111		141
01011100110		141
01001100101		141
01001000110		141
00001101110		141
00001100110		141
10001010111		140
00111111001		140
11111100001		139
10110000111		139
10101101101		139
10101000001		139
01101100001		139
00110000010		139
11101000010		138
11000101000		138
01000000001		138
00111100111		138
11101100101		136
10111100101		136
00001000001		136
00000101011		136
00000101000		136
11011101101		135
10001100111		135
10011101110		134
00111000110		134
00110100011		134
11110000001		133
11011100111		133
11001100111		133
10111000101		133
10001101111		133
01000000011		133
00110010101		133
00011110001		133
00011010111		133
11101101011		132
10000000101		132
00001101010		132
11101000100		131
00100000101		131
10100000010		130
10001111001		130
01110101001		130
00111101110		130
11111101001		129
00110100101		129
00010100010		129
00000000011		129
11110101101		128
11100101111		128
11000100010		128
00111000100		128
00000000111		128
11010101110		127
11001100101		127
10000000100		127
01101000110		127
00100000011		127
11101101110		126
11101001001		126
10100101011		126
01001000111		126
00111000101		126
00000101111		126
11111000110		125
11101101101		125
10100101111		125
10000101011		125
01100101011		125
01001101011		125
00110000000		125
11111101110		124
10100100010		124
01100001000		124
00110111001		124
00001000110		124
11011101111		123
00110110001		123
00001001110		123
10111101111		122
10011111001		122
00111001010		122
00100100010		122
00011101001		122
00010101001		122
00001000101		122
11001101110		121
01001000101		121
00000000101		121
11011101001		120
10010000001		120
00001100101		120
00101101001		119
00101000110		119
11101000110		118
11011111001		118
10100000011		118
00001101111		118
11100000001		117
10110011001		117
10101001001		117
00110101001		117
00100101001		117
00001000111		117
11110011001		116
11101100110		116
00101101100		116
10100101001		115
00101101110		115
11111101101		114
11110110000		114
01101101101		114
00011101110		114
11100000011		113
10100000000		113
10001000110		113
00111100101		113
10000101010		111
00011000111		110
01100101010		109
00100101011		109
10110000001		107
11101101100		106
10000000011		106
10000000001		106
00011000110		106
00000000010		106
11110000000		105
01101100101		105
00100101101		105
11101000111		103
00101000111		103
11110011000		102
10111000011		102
01101000111		102
00101100101		102
00101100111		101
11100101001		100
01100000001		100
00100000000		98
10111000110		93
00010000001		93
10011101111		89
00100000010		88
10101000111		83
00111101001		80
11101101001		76
11001100110		76
01000010010		46
00010010000		43
00001010010		37
01101010011		34
11111010000		30
11101110100		28
00111110100		27
01110110100		25
11111010011		23
11011010001		22
11001010010		22
00110010011		21
01100010001		20
11110010011		19
11101010011		18
11010110110		18
10010010001		18
01101010000		18
01001010010		18
11110010000		17
10100010000		17
01111010011		17
11111010001		15
01100010010		15
01001110111		15
01001010011		15
00010010011		15
00000010010		15
10111010000		14
10100110100		12
01000110110		12
00101010010		11
11011010000		10
10101010010		10
10000110101		10
00111010000		10
00011010010		10
11100110101		9
10001110101		9
10001010010		9
10001010000		9
11110110101		8
10111010001		8
10010110100		8
11011110101		7
10110010001		7
01111010000		7
00110110111		7
00011010000		7
00010010001		7
11100110100		6
11000010010		6
01110010011		6
01000010011		6
00101010011		6
00010010010		6
11111010010		5
11110110110		5
11001010011		5
11000010001		5
10101110111		5
10101010000		5
10000110100		5
01101010010		5
01000010001		5
00111010011		5
00111010001		5
00101110100		5
00101010000		5
00000110110		5
00000110100		5
11110110100		4
11101010000		4
10111010010		4
10110110110		4
10110110100		4
10110010000		4
10011010011		4
10010010010		4
01111010010		4
01100110101		4
01100110100		4
01010010010		4
01000110111		4
00110010010		4
11110010010		3
11101010010		3
11100010000		3
11011110111		3
11010010010		3
11001010000		3
10111010011		3
10110010010		3
10101010011		3
10100110111		3
10100110101		3
10100010010		3
10100010001		3
10011110111		3
10001110100		3
10001010011		3
10000010010		3
01111010001		3
01110010010		3
01110010001		3
01101110100		3
01100010011		3
01100010000		3
01010010001		3
00110110110		3
00100010001		3
00011010001		3
00001010011		3
00000010011		3
11111110110		2
11110110111		2
11101110101		2
11100010001		2
11001110111		2
11000010000		2
10110110111		2
10110010011		2
10101110100		2
10011110110		2
10011010010		2
10011010001		2
10011010000		2
10010110111		2
10010010000		2
10001010001		2
10000010011		2
10000010001		2
01111110111		2
01111110101		2
01110110101		2
01110010000		2
01101110110		2
01100110111		2
01011010011		2
01011010001		2
01010110110		2
01010010011		2
01010010000		2
01000010000		2
00111110110		2
00111010010		2
00110110100		2
00110010000		2
00101110101		2
00101010001		2
00100010000		2
00011110100		2
00010110110		2
00010110101		2
11111110100		1
11110010001		1
11101010001		1
11100010011		1
11100010010		1
11011110100		1
11011010011		1
11011010010		1
11010110111		1
11010010011		1
11010010001		1
11010010000		1
11001110110		1
11000110110		1
11000110101		1
11000010011		1
10110110101		1
10101110110		1
10101010001		1
10100110110		1
10100010011		1
10011110100		1
10010110110		1
10010110101		1
10001110111		1
10000010000		1
01111110110		1
01111110100		1
01101110101		1
01101010001		1
01100110110		1
01011010010		1
01011010000		1
01010110111		1
01010110101		1
01001110110		1
01001110101		1
01001010000		1
01000110101		1
01000110100		1
00110110101		1
00100110111		1
00100110101		1
00100110100		1
00011010011		1
00010110111		1
00001010001		1
00001010000		1
00000110111		1
00000110101		1
