01011110011		531
01011111010		480
01010110011		475
01001011101		475
01000001011		472
11101111101		467
00000001011		457
11011011011		449
01010110010		447
01000011111		436
01010110000		432
01010010111		418
01011011010		413
01010011110		411
01011111101		408
01010001010		405
01110111111		402
01010010100		402
01010011100		401
01010011101		400
01000001100		389
00000111011		389
01011100000		386
01100001011		382
00010011010		382
01000111100		381
01010001111		380
01011111100		377
11000001011		375
01010100010		375
11011011111		374
11111011100		371
11110111011		369
01100111111		369
01100010110		369
01111011010		365
01011110010		364
01011011110		364
01000011110		364
11001011110		363
01010011000		363
01000001010		363
01111011000		362
01010011111		362
01001001100		359
00011111101		359
11010011110		357
01011111011		354
01010000111		353
01001110011		348
01010111010		345
01011011111		343
11100011110		342
01010100011		342
10011010100		341
01111001101		339
01110011101		337
00010111010		337
01010011011		336
11110011110		335
10010111100		335
01110111010		333
01101011011		333
01011001111		333
00111011100		333
01001011011		332
01110001110		331
01010111011		331
11001011011		330
11000001101		330
01000111101		330
01010000100		329
01000110010		329
01011000001		328
01111111010		327
01011111111		327
01011010110		327
01001110010		326
01011001000		324
01000100100		323
01111000111		322
11001110000		321
10011100001		320
11001000101		318
11000001100		318
01011100011		318
01011000011		318
01010111111		318
11011111111		317
01011011000		314
01011010111		314
01110011110		313
01000001111		313
00011011100		313
11100011111		311
01110010111		311
01011001100		311
01000011100		311
11110001000		309
01011100010		308
11000111001		307
01011011101		306
01100011100		305
01011011100		305
01000111111		305
01010001100		304
10000011110		302
10000001100		302
01111111100		302
00000010111		302
11000011111		301
11000011110		301
10101011000		301
01111111101		301
01010010110		301
01001011000		299
10110111011		298
01110011100		298
11110111111		297
11110011010		297
01011000100		297
01010001110		297
00111110011		297
01001111100		296
01000111011		296
01111011011		294
00011011010		294
01110001101		293
00000001010		293
11011011101		291
01001111011		290
01000011010		290
00000001101		290
01111011111		288
01110111110		288
01011000000		287
11010011111		284
10110011101		284
01000000010		284
01111111111		283
11011000000		282
01010100101		282
01001111110		282
00111111110		281
00011001100		281
01011010100		280
01001100101		280
11011110011		279
10000111100		279
01010001000		279
11101101000		278
10111111010		278
01101001100		278
00011011111		278
01110000111		277
01010001101		276
11010011101		275
01010111100		275
00000111001		274
11111011110		273
11001101011		273
10001001100		273
01111001100		273
01010000110		273
00111011111		273
11011111010		271
11011011110		271
11000101100		271
01110100011		271
11111011000		269
11011111101		269
11010010100		269
11000010100		269
10000011010		269
01010100111		269
01010001011		269
01001001000		269
00100011100		269
11101011000		268
01110111101		268
01010111000		268
11111111111		267
11010111101		267
10000001111		267
10100111100		266
10010011010		266
01111111110		266
10111111000		265
01011001010		265
10001110011		264
01111001000		264
01110001111		264
11010010101		263
11000100100		263
10011011010		263
01101101110		263
01011000010		263
00000111010		263
11111111100		262
01101111110		261
01010011001		261
00010110000		261
00010001101		261
11000001010		260
10000011111		260
10000001110		260
10000001011		260
01011000110		260
01010111101		260
01001100100		260
01000000111		260
11100111100		259
11001111111		259
01110111011		259
10011111011		258
01001100011		258
11010001011		257
11001000100		257
10110001100		257
10011110010		257
01111111011		257
01010110001		257
01001001111		257
00011011110		257
00000101010		257
10000000110		256
11000001110		255
01100011010		255
01001011100		255
01000111000		255
00010010111		255
11110100110		254
10101011100		254
10100011100		254
01001000010		254
00110011110		254
11111010100		253
10110100000		253
00001011011		253
11111011011		252
11010011100		252
01111001111		252
00100011110		252
11001110011		251
10011100011		251
01000100101		251
01000001110		251
11110001110		250
10111001100		250
00000111100		250
11011010111		249
01100100111		249
10000001000		248
01101011110		248
00010010100		248
11110001010		247
11000000110		247
10110111010		247
10001111100		247
10111000000		246
01110101011		246
11011100011		245
00000001000		245
11110000110		244
11000111110		243
01110011111		243
01001011111		243
01001000001		243
00010000011		243
11111011010		242
10011011000		242
01100110010		242
01011001011		242
00010011110		242
00000011010		242
11101110000		241
11011011001		241
11000011000		241
01111100101		241
11110111010		239
11011011100		239
11011011010		239
10100011110		239
01100010100		239
01000001000		239
11100011100		238
10111011011		238
01111101111		238
01110111001		238
01101110011		238
01100001111		238
01011111000		238
00011110000		238
11010100101		237
10000110001		237
01001100111		237
01000001101		237
00100111110		237
11111111101		236
11100110011		236
11100001011		236
10110011100		236
01011011011		236
01001011010		236
11001001110		235
01111110010		235
01010100001		235
00001100001		235
10011100010		234
01101010110		233
00100111100		233
11011110010		232
10001000010		232
01111011101		232
01101111101		232
01011111001		232
01000111110		232
01000010110		232
11111100101		231
10011001000		231
10010111011		231
01101011101		231
01100111110		231
01011001101		231
11001100010		230
10111011111		230
10101001100		230
01011011001		230
01000010111		230
01000000001		230
00010011111		230
11111111010		229
01010010101		229
01001111010		229
01001011110		229
11111111011		228
11111000101		228
11001111101		228
01111010111		228
01001110001		228
01000110001		228
00111011000		228
10011011100		227
10000011100		227
01100001010		227
00011111111		227
11011010100		226
11000011100		226
01111010110		226
01010111110		226
00111001100		226
11101010100		225
11011001010		225
11001011101		225
10101011011		225
10010111101		225
10010100111		225
01110001011		225
00110001110		225
11010001110		224
01101011001		224
01100111011		224
01100101100		224
00011011011		224
11010110001		223
11001001100		223
11000111011		223
10110011111		223
10010110011		223
01110110010		223
01110010110		223
00000011000		223
11101001100		222
01001011001		222
00110000101		222
00000100100		222
11010001100		221
10000111001		221
01110000001		221
01000010101		221
11010000100		220
11000111000		220
11000000000		220
00010111011		220
10100111010		219
10100001100		219
10000010110		219
01101010111		219
01011001001		219
01000101101		219
11100011101		218
01110011011		218
00110011011		218
11010111100		217
01100011011		217
01001110000		217
00100110000		217
00011011101		217
11111001100		216
10001001000		216
01111110011		216
01111011100		216
01101110000		216
01011000101		216
01000111010		216
01000010100		216
11100010110		215
11010001000		215
11000110010		215
10110110000		215
10100010100		215
10001011011		215
01001100010		215
01001100001		215
00111111100		215
00110011001		215
00000011100		215
11111100110		214
11000100101		214
10111111111		214
10110000011		214
10001111101		214
10000110000		214
01111001010		214
01100011110		214
01000111001		214
01000101100		214
00100001000		214
00010100011		214
11111011111		213
11101011011		213
00111110000		213
11111011101		212
11110011011		212
10100001000		212
10010111111		212
10000100101		212
01110111100		212
00110011111		212
00011111100		212
11010110011		211
11010001111		211
01111101011		211
01011101010		211
01011001110		211
01000011000		211
00011111110		211
11110011101		210
11101011101		210
11000010101		210
01110001010		210
01010101100		210
11110111110		209
11110110010		209
11110011100		209
11011000010		209
11001011111		209
10000001101		209
01010100100		209
01001111101		209
00101001100		209
11110110000		208
11101001101		208
11010000110		208
10001001101		208
01010101010		208
00110011100		208
00110001100		208
11011001011		207
01011100001		207
01010011010		207
01000100111		207
00010111101		207
11110001100		206
11010010111		206
10111110010		206
10011010101		206
01111000000		206
01101011100		206
00101011101		206
00010111100		206
11001000010		205
01110101001		205
01110011000		205
11001111110		204
11000111111		204
10111011101		204
10110101100		204
00110111000		204
11101111100		203
11010100100		203
11000011101		203
10111011001		203
00110001101		203
00001110010		203
11000001111		202
10100011101		202
01010101101		202
01001100000		202
01001001011		202
11001101100		201
10100110011		201
10001011010		201
01110000011		201
00111000000		201
11111110011		200
11111110010		200
11101111010		200
11101100100		200
11011000011		200
01110110011		200
01101111111		200
01100110011		200
01010100110		200
00111100111		200
00101011100		200
11111000011		199
11000001000		199
10111101010		199
10001110001		199
10000010111		199
01111000010		199
00111001101		199
00101011010		199
00001010111		199
00000101101		199
00000000110		199
11001011010		198
10011001111		198
10010100101		198
10001011001		198
10000000000		198
01100111100		198
00011001111		198
00010111110		198
11110001111		197
11100001100		197
10111011010		197
10101100100		197
10001100010		197
10001011000		197
01111110000		197
01101111010		197
01100011111		197
00111111111		197
00111011110		197
00110001111		197
11010011010		196
10011111010		196
10000010100		196
01100001100		196
00111100011		196
00110111111		196
00100111111		196
00010001100		196
11111010111		195
11101001110		195
10111111110		195
10110111111		195
10000001010		195
01110001100		195
01101101000		195
01001111111		195
00111011101		195
00111011010		195
00001011000		195
11101001010		194
11011100111		194
11011001111		194
11001110010		194
10010110010		194
01111101001		194
01111001011		194
01001000100		194
00101011011		194
00000011110		194
11000000100		193
10111011100		193
10100100001		193
00101111010		193
00100110011		193
00011011000		193
11010011011		192
11001001010		192
10110111110		192
10000100010		192
01110010100		192
01100111101		192
00110011010		192
00000110000		192
11010100011		191
11001000001		191
10001110000		191
10000101100		191
01101001011		191
00100001011		191
11111011001		190
11011110000		190
11000100000		190
11000011011		190
10110001000		190
10101011101		190
10011101010		190
01111111000		190
01001001101		190
01000000110		190
00011111011		190
00010001111		190
00000111000		190
11101100000		189
10011111111		189
10011011011		189
10001101011		189
01111111001		189
01100011001		189
01001001001		189
11101010111		188
11011001100		188
11000111101		188
10001101010		188
01111100001		188
01100101111		188
01100100000		188
01001000000		188
00100011010		188
11000111100		187
10110011110		187
10011100101		187
00010101000		187
00010011101		187
00001110011		187
00000111101		187
11101011100		186
11101010101		186
00100100001		186
00010100000		186
11101110001		185
11010001001		185
10111111100		185
10010011110		185
01100010111		185
01010100000		185
00111110010		185
00111000111		185
00101001001		185
00100100100		185
00010101100		185
11111111110		184
11111101011		184
11111000100		184
11010000001		184
11001100111		184
10011011001		184
01110100010		184
01101001000		184
00011101010		184
00001001100		184
11100111111		183
11011101101		183
11000110000		183
11000100001		183
10010110000		183
00111111010		183
11011111011		182
11010111110		182
11001001111		182
11001000110		182
11000111010		182
10110111000		182
10101100001		182
01101001010		182
01001100110		182
01000100000		182
00010101010		182
00010000101		182
00001011111		182
10110001111		181
10010010100		181
01101000001		181
00011111010		181
11101011001		180
11100010101		180
11010110000		180
10110100001		180
10010011101		180
01110010101		180
00011011001		180
00000001001		180
11110000000		179
11100111001		179
11100011001		179
10101110011		179
10000111010		179
01111000110		179
01011101001		179
11010001101		178
10111001110		178
10001101110		178
00110110010		178
11110010110		177
11101011110		177
11001011000		177
10100001011		177
10001011100		177
01111101000		177
00111111011		177
00111101100		177
00111011011		177
00101000100		177
11111001101		176
11110010111		176
11110000010		176
11000110011		176
11000000011		176
10100111111		176
10100001111		176
10001010100		176
10000100100		176
01101111011		176
01100010101		176
01010101011		176
01010000010		176
00010100100		176
00000100110		176
11011000100		175
10110110011		175
10100010101		175
10001000011		175
10000010101		175
01100011000		175
01011100111		175
01011100101		175
00110101110		175
00010011100		175
00001011101		175
11010101011		174
11010100000		174
10111011110		174
10100111101		174
10000111110		174
01111011001		174
01110000010		174
01011101000		174
00111100000		174
00110011101		174
00011101011		174
00001001101		174
00001000101		174
11011000101		173
11010111000		173
10100101011		173
10010111110		173
10000011011		173
01110000101		173
00010000111		173
11001000011		172
10111010111		172
10110010101		172
10010010110		172
10000011000		172
10000001001		172
01100001110		172
01100001101		172
01010101110		172
01001101000		172
01001001110		172
00110111101		172
00110110011		172
00110010111		172
00100111101		172
00011010100		172
00010111111		172
11101011010		171
11010101111		171
10110001110		171
10101101100		171
10011111101		171
01101100110		171
01101011010		171
01010000101		171
00101111011		171
00001011001		171
11110001101		170
11100100100		170
10011001110		170
01000101011		170
00111001001		170
00110111100		170
00101111101		170
00100011011		170
11111001111		169
11101011111		169
11010101101		169
11010100010		169
10100111011		169
10011001011		169
10011000000		169
01111000011		169
01110000110		169
01001101100		169
01000011101		169
00001100010		169
11100111101		168
10110111100		168
10110010111		168
10101111111		168
01011110001		168
00111010101		168
00100100110		168
00100011101		168
00100010110		168
00100001100		168
11111001011		167
11100010100		167
11011001001		167
11010000011		167
11010000010		167
11000000010		167
01111011110		167
01111001110		167
01000110000		167
00111000001		167
00101111000		167
00000000111		167
11100111011		166
10110110010		166
10010011011		166
01110011001		166
01001000011		166
00100111010		166
00011010111		166
00010110011		166
11101010110		165
11010000000		165
11001101010		165
10110101011		165
10110100011		165
10101110000		165
10001100000		165
00100110001		165
00100010111		165
00011110011		165
00000100111		165
11110110001		164
11101001000		164
11100100010		164
11100000111		164
11001010100		164
10111111101		164
10110101000		164
10011110011		164
10011011111		164
10011011101		164
10010001101		164
01000000100		164
00001000110		164
11110010101		163
11101101010		163
11011111000		163
11001000000		163
10010100001		163
10010010111		163
10001011101		163
10000101101		163
01101100010		163
00111111000		163
00101110010		163
11010110010		162
10111111011		162
10011011110		162
01011110000		162
01000100011		162
00111001000		162
00010011011		162
00001011010		162
00000111110		162
00000000011		162
11111101010		161
11111010110		161
11010111111		161
11001111010		161
11000100111		161
10001000001		161
01111010101		161
01110111000		161
01110000100		161
01101110010		161
01011101110		161
00101110000		161
11111000001		160
11010111011		160
11001101001		160
10100100110		160
10100011011		160
10010011001		160
10000111011		160
01000011011		160
00111000101		160
00011000000		160
11001111100		159
10110011000		159
10101001001		159
10100010110		159
10010001011		159
10001100001		159
01110100000		159
00111011001		159
11100001111		158
10100011111		158
10000111111		158
01111100000		158
01110011010		158
01101101100		158
01000110011		158
01000011001		158
00101010110		158
00011110010		158
11101000000		157
11011001000		157
11000010110		157
10111001101		157
01111101010		157
01110101111		157
01011100110		157
01010101000		157
00100001101		157
11111110001		156
11011111100		156
11011101001		156
11010100110		156
10101001000		156
10011110000		156
10010000111		156
10001111010		156
10001011110		156
01100111010		156
01001010100		156
01000100010		156
00011100011		156
00011001000		156
00010001011		156
11110101011		155
11011111110		155
11010010110		155
11001100101		155
11000000001		155
10101011110		155
01001001010		155
00111010111		155
00010111000		155
00001111101		155
00000100011		155
10110000100		154
10100111110		154
10000000100		154
01111100010		154
01101000011		154
01100100010		154
01001101010		154
00111101011		154
00000001111		154
11100010111		153
11100001010		153
11000001001		153
10010101110		153
01111100111		153
01111001001		153
01110101010		153
00110111010		153
00110000011		153
00100010100		153
00011000010		153
00001010100		153
00000010101		153
11111000010		152
11110111101		152
11100111110		152
11011100110		152
11010000111		152
10000101000		152
10000000010		152
01111100011		152
00000100000		152
11111101100		151
11110111100		151
11101001111		151
10111100111		151
10011111110		151
10011101100		151
01111100100		151
01100100100		151
00101001101		151
00101000011		151
00101000001		151
00010100101		151
00000101001		151
11110110011		150
11001010110		150
10110011010		150
10101111010		150
10101110010		150
10101010110		150
10011001010		150
00101110011		150
00011000011		150
00011000001		150
11100100011		149
11001001101		149
10111101100		149
10100100000		149
01111010100		149
01000100110		149
00110001000		149
00101100000		149
00010101110		149
00000011011		149
11100001110		148
11011010110		148
11010100111		148
11010011001		148
10111001011		148
10110001101		148
10011000011		148
10010001010		148
10000100001		148
00111001111		148
00110110000		148
00110100111		148
00101101101		148
00010100010		148
00000111111		148
11101110010		147
11011000001		147
11001110001		147
11001010111		147
11001001011		147
10100010111		147
01110101101		147
00110111011		147
00110101100		147
00110101011		147
00100111001		147
00000110011		147
11101000101		146
11011001101		146
10111110011		146
10110111101		146
10110000111		146
10100001010		146
10010000100		146
10001000000		146
10000011101		146
01011010101		146
00010111001		146
00001001000		146
11111000000		145
11110101111		145
11110001011		145
11110000101		145
01110100101		145
01110100100		145
01100011101		145
01011101011		145
01010111001		145
00111100001		145
00011001010		145
00000100001		145
00000011111		145
00000001100		145
11110100001		144
11011100010		144
11000010111		144
10110010100		144
10010000101		144
10001001110		144
01111100110		144
01101000000		144
01010001001		144
01001000101		144
00111110001		144
00101100010		144
00001111110		144
00000110010		144
00000011101		144
11110000011		143
11000011001		143
10111000010		143
10011100000		143
10011000010		143
10010001100		143
01101001001		143
01101000010		143
01000101110		143
00000000010		143
11110100111		142
11110011111		142
11101001011		142
10110100100		142
10101101000		142
10010001111		142
01110100001		142
00100101110		142
00100101000		142
00011100111		142
00010110001		142
00001010110		142
11111101000		141
11101110011		141
11100111010		141
11011100000		141
10101111011		141
10100100111		141
01111110001		141
01100111000		141
01100110000		141
00101000010		141
00010110010		141
00010100111		141
11111001010		140
11001011100		140
10101011010		140
10011001100		140
10001000100		140
10000110011		140
01001101111		140
00110000100		140
00101101100		140
00101010100		140
00000101011		140
00000010100		140
11010111010		139
11010111001		139
10011100111		139
10001100011		139
01101101011		139
01101011000		139
01001000111		139
00111101010		139
00001001001		139
10110000010		138
10101111000		138
10011111100		138
01110110000		138
01001101011		138
01000000000		138
00111001011		138
00100100111		138
00010011001		138
11111000110		137
11101111111		137
11001011001		137
11001000111		137
11000101011		137
10111001010		137
10101100111		137
10010011111		137
01100000101		137
00110101111		137
00101111111		137
00100100011		137
00010010101		137
00001111111		137
11001100011		136
10111001111		136
10101011111		136
10011000100		136
10001001010		136
01100100101		136
00110010110		136
00010010110		136
11110111001		135
11001100001		135
10111110000		135
10100110000		135
10011101011		135
01101011111		135
01101010101		135
01100000010		135
01000100001		135
00101001111		135
00100001111		135
00011111000		135
00001000010		135
11100011010		134
11000101111		134
10111000001		134
10101111110		134
10100001001		134
10000100000		134
01101001111		134
01011100100		134
01000000101		134
00110111110		134
00110001011		134
00100111011		134
00100101100		134
00011000100		134
00000010110		134
11110100100		133
11101101011		133
10100101100		133
10000110010		133
01110001000		133
00101111100		133
00100100010		133
11110111000		132
10101111100		132
10101100011		132
10101100000		132
10100000001		132
10010101100		132
10010000011		132
01111000001		132
01110100110		132
01110001001		132
00101100111		132
00101011111		132
00100100000		132
00011100010		132
00001011110		132
11111101001		131
10110011011		131
10100101001		131
10100011001		131
10011101001		131
10001011111		131
10000111000		131
01101010100		131
01101001110		131
01100000000		131
01011111110		131
00111101101		131
00111000011		131
10110100010		130
10110001011		130
10100111000		130
10100100011		130
01011101111		130
00111010100		130
00110011000		130
00101011110		130
00100111000		130
00010000100		130
00001111011		130
00001100101		130
11111010101		129
11111001110		129
11101111011		129
11100001001		129
11010101100		129
10101010101		129
10010101010		129
10010001110		129
10001110010		129
01110101100		129
01101111100		129
01101100111		129
01001010101		129
01000101000		129
00110100011		129
11000011010		128
10011100110		128
01010000000		128
00111111101		128
00110100001		128
00100011111		128
00100000001		128
00011100001		128
00001111010		128
00000100101		128
11111100100		127
11100001000		127
10101101001		127
10101001101		127
10100111001		127
10010100010		127
10001111001		127
10001001001		127
10000100111		127
01110101000		127
01110100111		127
01011101100		127
01001010110		127
00101100011		127
00001010101		127
00000101100		127
11110000111		126
11000100011		126
10111110001		126
10100100010		126
10001100111		126
10000000001		126
01110000000		126
01101001101		126
01100001000		126
01100000111		126
01001101110		126
00011101000		126
11101000010		125
11100001101		125
10111011000		125
10011010110		125
10010111010		125
10010100110		125
10001111111		125
10000011001		125
01111101101		125
01111000101		125
01011101101		125
00101111110		125
00101000111		125
11101101101		124
11011101110		124
11000100010		124
10111100100		124
10101111101		124
10001101100		124
01111101100		124
01001000110		124
00101101011		124
00011100000		124
00001100100		124
00001011100		124
00000000001		124
00000000000		124
11110000001		123
11101100101		123
11101001001		123
11011101000		123
11010001010		123
11000100110		123
10010011100		123
01110110001		123
01100100011		123
00111100010		123
11100000101		122
11011101100		122
11011001110		122
10101000010		122
10100110001		122
10100100100		122
01100101011		122
00111100100		122
00011001101		122
00010001000		122
00001101100		122
11101111000		121
10110000110		121
10110000000		121
10101010100		121
10101001111		121
10100001110		121
10000111101		121
01100101110		121
01100101101		121
01100001001		121
00101101010		121
00101010101		121
00101010010		121
00100110010		121
00100011001		121
00010000010		121
11111110000		120
11010000101		120
11001101000		120
10111010100		120
01101100001		120
00011010110		120
11111101111		119
11100110001		119
11100110000		119
11011111001		119
11011011000		119
11011010101		119
10101110001		119
10101100101		119
10101010111		119
10101001110		119
10011101000		119
10010100011		119
10010000010		119
10000101111		119
00101000110		119
00100001001		119
00011001001		119
00010101011		119
11011000111		118
10111101111		118
10011101101		118
10011010111		118
01000001001		118
00110100000		118
00001100011		118
00001001010		118
10111101101		117
10110101101		117
10101011001		117
10100001101		117
10011000110		117
10010101111		117
10010100100		117
01101101101		117
01000000011		117
00110100110		117
00110100101		117
00101100110		117
00101011001		117
00100101111		117
00100000100		117
00011101100		117
00010101111		117
11100011000		116
10111101011		116
10111101001		116
10111100000		116
10010011000		116
01101101010		116
01101100100		116
01011000111		116
01000101001		116
00001100000		116
10110100111		115
10100101000		115
10100011000		115
10001111000		115
10001000101		115
10000000101		115
00110111001		115
00110010101		115
00100000111		115
00001001011		115
00000110001		115
11010011000		114
11001111001		114
11001101111		114
11001101101		114
11000101110		114
10101101101		114
10100101101		114
10011000001		114
10010001001		114
10001001111		114
01100111001		114
01100101010		114
01100000110		114
01100000100		114
01000101111		114
00111101000		114
00101110001		114
00101011000		114
11101100001		113
11101000001		113
11000101101		113
10111100011		113
10100100101		113
10011001101		113
01101111000		113
01100100001		113
01001101001		113
01000101010		113
00111001110		113
00011001011		113
00001101011		113
11111100111		112
11111001000		112
11110100011		112
10111000101		112
10110101010		112
10010110001		112
10010001000		112
10001010101		112
10000000011		112
01101100011		112
00100000000		112
00011010101		112
00010001010		112
11101111001		111
10111001000		111
10110001010		111
10010010101		111
01101101001		111
01100000001		111
00111111001		111
00111000010		111
00110101000		111
00110100100		111
00100001010		111
00010000000		111
00001000001		111
11111100011		110
11100100001		110
11001111000		110
10111111001		110
10101001011		110
10100011010		110
10000000111		110
01010000001		110
00110000010		110
00011100110		110
11100100101		109
11100100000		109
10001010111		109
01101110001		109
01001101101		109
00111100110		109
00111001010		109
00001111100		109
00001000100		109
00000100010		109
11111100010		108
11001001001		108
10111001001		108
10101111001		108
10011001001		108
10010101101		108
01111101110		108
01101101111		108
00110001001		108
00000011001		108
11101111110		107
11101100110		107
11100111000		107
11011100001		107
01001010111		107
11100110010		106
11011101011		106
10110100110		106
10100101010		106
10010000000		106
10000101011		106
00000101110		106
11110100010		105
11101101110		105
11100000110		105
11010100001		105
10110010110		105
10001101001		105
10000100110		105
00010101001		105
11100100110		104
11100000010		104
11010101000		104
11000101001		104
10111100010		104
01010000011		104
00101100100		104
00011101110		104
00010001110		104
00001101101		104
11101101100		103
11101100011		103
11101000011		103
11100000001		103
11011100100		103
11001100000		103
10001001011		103
01101100000		103
00001001111		103
11110010100		102
11101100010		102
11001001000		102
11000000111		102
10111010101		102
10111000011		102
10110000101		102
00011101001		102
00010011000		102
00001001110		102
10111000110		101
10101100110		101
10101100010		101
10001111110		101
10001010110		101
00100101011		101
00010100001		101
00001111000		101
00000001110		101
11000110001		100
10111100110		100
10101000001		100
01010101111		100
00101001110		100
00100010101		100
11111111000		99
11110101000		99
10111100001		99
10110011001		99
10100110010		99
10011111000		99
10011000101		99
01101000111		99
00010101101		99
00010100110		99
00001101001		99
00000101000		99
11110100101		98
11110001001		98
11001111011		98
11001100100		98
10110111001		98
10101101010		98
00011101101		98
00011000110		98
11110100000		97
11100101011		97
10110100101		97
10101101011		97
10011110001		97
10001100100		97
01100100110		97
00100101101		97
00100100101		97
00000000100		97
11110101101		96
11011000110		96
00110000111		96
00101000101		96
11100000100		95
11010101010		95
10101001010		95
10101000000		95
10010111001		95
00110010100		95
00100001110		95
00010001001		95
00001110001		95
10101000011		94
10011000111		94
10001101101		94
01101000100		94
00100011000		94
00100000101		94
00011111001		94
00001110000		94
11011101010		93
11001010010		93
11000000101		93
10111101110		93
00101000000		93
11100100111		92
11011110001		92
10110110001		92
10100000111		92
10010100000		92
10001111011		92
00110001010		92
00101111001		92
11111000111		91
11110101110		91
11110101010		91
01010101001		91
00001111001		91
11110101100		90
01110101110		90
00110110001		90
00101100001		90
00011000111		90
00001000011		90
11011100101		89
10111100101		89
00101001011		89
11100101101		88
11001100110		88
10111000100		88
10110101001		88
10110000001		88
10100000100		88
10001101111		88
00110101010		88
00101001000		88
00001101010		88
11110000100		87
11000101000		87
10100101111		87
10100000110		87
10001100110		87
01100101000		87
00110101001		87
00011000101		87
11111111001		86
10011101110		86
10010101000		86
10010000001		86
00101101000		86
00010000110		86
10100101110		85
10010101001		85
10000100011		85
01111000100		85
00101010111		85
11010101110		84
10101101110		84
10100000010		84
00111010110		84
11111100000		83
00101101001		83
00001000000		83
10010101011		82
01001111001		82
00111000110		82
00101100101		82
11100011011		81
10010111000		81
10001100101		81
00011110001		81
00011001110		81
11100101100		80
11011101111		80
11001101110		80
10110101110		80
10001101000		80
00110101101		80
10101000111		79
01101111001		79
11111100001		78
10111101000		78
10101000100		78
10010000110		78
00110000000		78
00101001010		78
11111101101		77
11101100111		77
00111101111		77
00110000001		77
11101000100		76
11010101001		76
11000010011		76
10110101111		76
10011100100		76
10000101010		76
01100110001		76
01001111000		76
11100101000		75
10111000111		75
00100000010		75
11100101001		74
10100000101		74
10011111001		73
10000101001		73
00110000110		73
00000000101		73
11100000000		72
11000101010		72
10101000101		72
10110001001		71
10000101110		71
01100000011		71
00111100101		71
00001000111		71
10001000110		70
00100101010		70
11100000011		69
01100101001		69
00011100101		69
01101000110		68
11101101001		67
11100101110		67
10111010110		67
00011100100		67
11111001001		65
10001000111		65
01101000101		65
00111000100		65
00110100010		64
00100000011		63
00010000001		63
00000101111		63
11100101010		62
00111101001		62
11101000111		60
11110011000		59
11001010101		59
10011101111		59
00101101111		59
00100000110		59
11111101110		58
11100101111		58
01001010011		58
10100000011		57
00001100111		57
11101101111		55
00101101110		55
00001101110		55
11110101001		54
11101000110		54
10101101111		54
00100101001		54
10101000110		53
00110010011		53
00100010010		52
00011101111		52
11000010001		51
01101010011		51
00001101000		50
00001101111		47
10100000000		45
00111101110		45
11110011001		43
01101100101		41
10100010000		34
01001110111		34
01001010010		32
00001100110		28
00111010001		27
11001010011		25
11111010011		24
10000010001		24
01101010010		24
11101010001		22
10110010000		21
01100010001		21
00011010010		21
11110010000		20
11011010001		19
10010010001		18
10001010010		18
10111010001		17
10001010011		17
10110010001		16
01110110100		14
00000010010		14
00000010001		14
01000010010		13
01000010001		13
10011110110		12
00101010011		11
00010010011		11
11101010010		10
10101010010		10
10001010000		10
01111010010		10
11010010001		9
10001110101		9
01001110110		9
10101010011		8
01110010011		8
01100010000		8
01011010010		8
01011010001		8
00010010000		8
11000010010		7
11000010000		7
10011010001		7
01101010000		7
01100010010		7
01000010011		7
00110010010		7
00001010010		7
10110010011		6
00110010000		6
00100010011		6
00010010001		6
00001010011		6
00000010011		6
11101110100		5
11101010011		5
11101010000		5
11100010001		5
10000010000		5
01111010001		5
01010010011		5
01010010010		5
01001010000		5
01000010000		5
00111110100		5
00101010001		5
11110010011		4
11110010001		4
11100010000		4
11001010000		4
10111010011		4
10111010000		4
10010010000		4
10001110100		4
10000010011		4
01110010001		4
01010010000		4
00100010001		4
11111010010		3
11100110111		3
11100010010		3
11010010011		3
10100110111		3
10100010010		3
10011010011		3
10010110100		3
10010010010		3
10001010001		3
01011110111		3
01010010001		3
00111010010		3
00111010000		3
00011010011		3
00011010001		3
00001010001		3
00000110101		3
00000110100		3
11110110100		2
11011010011		2
11011010010		2
11010110111		2
11010010010		2
11001110111		2
11000110110		2
10111110111		2
10101110110		2
10100110110		2
10100110100		2
10100010011		2
10100010001		2
10011110111		2
10011010010		2
10001110110		2
10000110101		2
01111110101		2
01111110100		2
01111010011		2
01110010010		2
01110010000		2
01101110101		2
01101010001		2
01011110110		2
01011110101		2
01011010000		2
01010110100		2
01000110100		2
00111010011		2
00101110110		2
00100110111		2
00100110101		2
00001110101		2
11111010001		1
11111010000		1
11110110111		1
11110110101		1
11110010010		1
11101110111		1
11101110110		1
11100110110		1
11100110101		1
11011110101		1
11010110101		1
11010110100		1
11010010000		1
11001110110		1
11001010001		1
10110010010		1
10101110111		1
10101110100		1
10101010001		1
10100110101		1
10011010000		1
10010110111		1
10010110110		1
10010110101		1
10001110111		1
10000110110		1
10000110100		1
10000010010		1
01111010000		1
01110110111		1
01110110101		1
01101110100		1
01100110110		1
01100110101		1
01100010011		1
01011110100		1
01011010011		1
01001110101		1
01001010001		1
01000110111		1
01000110110		1
01000110101		1
00111110111		1
00111110101		1
00110110100		1
00110010001		1
00101110101		1
00101010000		1
00100010000		1
00011110110		1
00011110100		1
00011010000		1
00010110101		1
00010110100		1
00001010000		1
00000110111		1
00000010000		1
