01010100110		523
10000100110		522
10001111100		508
01011111101		503
10111111000		502
01001011000		483
11000100110		481
01010100100		477
10000111100		475
00001111110		474
01011110011		472
01000101100		468
10010111100		459
01000000111		459
01010100101		453
01001011101		453
00010100100		453
10000001100		450
00011011100		447
10000100100		443
01010100111		439
10001100110		433
10001100010		432
01000100110		432
01100100111		431
01011100010		430
01000001011		428
01001100010		425
10010111111		423
10011110010		422
10010011101		421
10001111111		421
01000101101		421
00100100111		420
10000111101		416
10000111110		414
11011111101		412
00001111111		410
01000100111		409
10011111111		407
01000100101		403
01000001101		402
01011011111		400
01011001100		400
10010111101		399
10001100011		399
10000001101		398
00110100111		398
00000100100		397
00000111100		396
10010100111		395
11001100010		391
10100111111		389
01011111100		389
10011111110		388
01010100001		388
00011111101		388
00010111110		387
10000000111		386
01011011100		386
00010100011		386
10001011000		385
01001111111		383
10001111110		381
01010100000		380
01001110011		379
00111111100		379
00101011100		379
00000100110		376
10010000111		375
10010100100		373
01001111110		372
01011001111		371
00011001100		371
10000001110		369
01100100100		369
11010100111		368
10010100101		368
01011001011		367
01010011100		366
11010100110		365
01010011101		364
01010100011		363
00010111111		363
10001100111		362
10001101101		361
01010001111		361
00001100000		361
01010000111		360
00011100010		359
10000011100		358
11010100100		357
00011111110		357
10001001111		356
01011001101		356
00100011111		356
10100111110		355
10010100001		355
01101100010		355
01001111100		355
01001100100		355
01000001111		355
10100011111		354
01011010111		354
00100011110		353
01101100110		352
10000001111		351
00100100110		351
00001011100		351
11010111101		350
10000111111		349
01010101101		349
11010100101		348
01001001111		348
10011011010		347
10001011110		347
10001011011		347
00100111111		347
00001100001		347
00000111111		347
01001110010		346
10001100000		345
01110111101		344
00001100011		344
11100100100		343
11011011111		343
10110011101		343
10101100100		343
10001001110		343
01100001110		343
00010111100		343
11011100110		342
01110100101		342
10010111110		341
10000100111		340
01000111101		340
01111100111		339
01011110001		339
01110100100		338
01010010111		338
11001011101		337
10010001111		337
01000100010		337
00010001111		337
11000111100		335
00001011000		335
00000001101		335
10001110011		334
01011001110		334
01001100011		334
00001011101		334
11100111000		333
00010100101		333
00110111111		332
00100011100		332
00001110011		332
11001011110		331
10011110000		331
11000100111		330
01101111110		330
01011111010		330
10101011111		329
10010100110		329
01000111100		329
10110100111		328
10001110010		328
00000011111		328
00011001101		327
01010001100		326
10001011100		325
00000100010		325
00111111101		324
00111011011		323
11000011101		322
10110111111		322
10010101110		322
10000010110		322
00010111101		322
10101111111		321
00011111111		321
10001000011		320
10000110011		320
01010000100		320
10100100011		319
01110100111		319
01010111101		319
11001011111		318
10101110010		318
10011111100		318
10011011110		318
00101100010		318
11010001100		317
01000001110		316
01100111111		315
01010010110		315
00110111100		315
10110100100		314
10001100001		314
10000001011		314
00101100011		314
00010011101		314
10101110011		313
01111111100		313
01111100110		313
01101111101		312
01010101111		312
11001111111		311
10000011101		311
01111001101		311
10111111100		310
01111011001		310
11110001100		309
10110111101		309
11111100110		308
10110011111		308
01101100000		308
00001111000		308
10111110001		307
10111011101		307
10001110001		307
01011110010		307
00000111110		307
10111100000		306
10101011100		306
10001100100		306
01111100011		306
01000111110		306
00111001101		306
00010000111		306
10101100000		305
10001011111		305
01001011111		305
00111100100		305
00101110011		305
00010111001		305
11000000111		304
10110101100		304
10100100100		304
10011110011		304
10000101101		304
00101000011		304
11100111100		303
10010101111		303
10111001100		302
10001001011		302
10000100101		302
00001110010		302
00000011101		302
11111101100		301
11000100100		301
10101111101		301
10100100110		301
01101001110		301
01010111001		301
01000100100		301
01011100111		300
01011011110		300
01010101110		300
01001100110		300
10111110010		299
01101111100		299
01101101111		299
01001011110		299
00110011101		299
11111001101		298
10010110010		298
10010001011		298
10001001000		298
10000010100		298
01101110011		298
00001010111		298
11110111101		297
10011111101		297
10001101001		297
10001011001		297
01001100111		297
01000011111		297
00100100100		297
00011101000		297
00000111101		297
01000100011		296
00101100000		296
00000100011		296
11110100110		295
11011100111		295
10100010111		295
00110100110		295
11111100010		294
11101110000		294
11011111100		294
01100001111		294
01010001011		294
11110100100		293
11001100111		293
11000100101		293
10001101010		293
10000100010		293
10000011110		293
01000000110		293
10111100111		292
10111100001		292
10011011111		292
01111010111		292
00010000100		292
10110100110		291
10010110011		291
10001111101		291
10001001010		291
10000011111		291
01111100101		291
01011000010		291
00011111100		291
00010101100		291
00010001101		291
11000111111		290
10010011100		290
01011000001		290
00111001111		290
11100101110		289
10100111101		289
10001101011		289
01101011011		289
01010011111		289
01000111111		289
01000011100		289
00100111110		289
11010100001		288
11001001100		288
10111001101		288
10001001101		288
01110011101		288
00111100011		288
00010100110		288
11000001101		287
10001011010		287
01111001110		287
01011100011		287
01010001110		287
01010000110		287
10010101101		286
01111111101		286
01101001111		286
00100111101		286
00010010111		286
11111100111		285
11011100011		285
10111111001		285
10110001100		285
10100001100		285
10011100010		285
10001001100		285
10000101100		285
01101100111		285
01011100110		285
01011011101		285
01010010100		285
00111110000		285
00010100001		285
11000011100		284
01101101110		284
00001001101		284
00000101101		284
11110111111		283
11101111101		283
11011101000		283
01100101111		283
01010111000		283
00111111110		283
11000111101		282
10001110000		282
00111001100		282
00100001100		282
11011111110		281
10110001101		281
10000001010		281
01010111100		281
01001100000		281
00011110011		281
11101100000		280
10011101101		280
01110010111		280
00100101111		280
00000100111		280
00000100101		280
11101001101		279
11000001111		279
10011101001		279
10010001101		279
10000101000		279
01001101101		279
00010011111		279
11010011101		278
10100011110		278
10011011001		278
10001000010		278
10000010101		278
01101100011		278
01100100101		278
01011111011		278
01010001000		278
01000001100		278
00110101101		278
11111100101		277
10110111100		277
10101111100		277
10011001100		277
10010101010		277
01011000011		277
00111100111		277
10110001000		276
10011001101		276
01101001100		276
01010101100		276
01000011101		276
00110010110		276
00001001010		276
10110001111		275
10010100011		275
00110000111		275
00011011101		275
11010100000		274
01111001100		274
00011100011		274
11010000111		273
11001001101		273
10110100010		273
10000111000		273
01101100100		273
00110010111		273
00001011001		273
11010111000		272
11001000001		272
11000001110		272
10101100101		272
10100111100		272
10000000110		272
00010100000		272
11111110001		271
10111110000		271
10101100010		271
01010101010		271
11001110011		270
01111011110		270
01000000101		270
10111111101		269
10011000010		269
01000111011		269
00111100010		269
00110001110		269
00101001111		269
00101001110		269
00011100110		269
11110010111		268
01011100001		268
01010000101		268
01001000010		268
00110001000		268
00001110000		268
00001011110		268
11001110000		267
11000000100		267
10010010111		267
00011100000		267
11001001010		266
10100100101		266
10011101011		266
10010011001		266
10001010110		266
10000100001		266
01110001100		266
01101001101		266
01011011001		266
01010010101		266
00000101001		266
00000001110		266
10100100001		265
10011100100		265
10010001110		265
01100010110		265
01001111011		265
10111111111		264
10011001000		264
10000110000		264
01001011001		264
00011110000		264
11111111100		263
10010011111		263
10000011001		263
01111101110		263
01001011011		263
01001011010		263
00011000010		263
11111111111		262
11111100011		262
11110001110		262
11001110010		262
11001011011		262
10101001100		262
10001000001		262
01111011111		262
01100100110		262
00101111101		262
00011110010		262
00010111000		262
00010001100		262
11100111111		261
11010011100		261
10101101001		261
10011101010		261
10001011101		261
01100101101		261
01000100001		261
11010101101		260
10101011011		260
10000100000		260
01111001111		260
00101000010		260
00011111010		260
00000010100		260
10011100000		259
01010001101		259
01000111001		259
00111110001		259
00110001001		259
11111111101		258
11110100111		258
11001000111		258
10011111010		258
10011000100		257
10010010110		257
11111011000		256
10110100011		256
10000110001		256
10000100011		256
10000000010		256
01110000110		256
01001010111		256
01001000000		256
00100101100		256
00011001111		256
00000011110		256
00000011100		256
00000001111		256
11111011110		255
11110001111		255
11010001111		255
10111100011		255
10101001101		255
10011001011		255
10011000000		255
01111011000		255
01011001000		255
00101010111		255
00100001110		255
00010010110		255
00000001100		255
11111001100		254
11110010101		254
11001101000		254
11000101011		254
01001110000		254
00111100110		254
00111001011		254
00001101110		254
00001001000		254
11100101100		253
11011001101		253
10111000000		253
10000110010		253
01100100000		253
01001111101		253
00111011111		253
00110000110		253
11011100100		252
11001111100		252
11001000010		252
10110100000		252
10100101101		252
10100100000		252
10100000111		252
01100000111		252
01000011110		252
00110010101		252
00101110010		252
00001001100		252
11000001011		251
10000111001		251
01010101011		251
01001011100		251
01000000100		251
00101100001		251
00010101001		251
00010011100		251
00001111100		251
00000000111		251
11100001111		250
11001111110		250
10011000111		250
10001100101		250
01101110000		250
01001010110		250
00001101011		250
11011100010		249
11011000111		249
11010111100		249
11010110001		249
10111111010		249
10100111011		249
01011101000		249
01010100010		249
01000100000		249
01000000010		249
00111011001		249
00101111100		249
00100001111		249
10110010101		248
10100100010		248
01001000011		248
00101001001		248
00010100111		248
11101010111		247
10011001010		247
10010011010		247
01011111111		247
00010000110		247
11101100111		246
11100000111		246
11011000011		246
10110011100		246
10010001100		246
01101001011		246
01011101001		246
00100010101		246
00100001101		246
00011100111		246
11100101111		245
11011110011		245
11010100011		245
11010011111		245
11000110001		245
10110111011		245
10100101100		245
10001010111		245
10001000101		245
01110010101		245
01100101100		245
01011101110		245
00101100111		245
00011011000		245
00001011111		245
11011001000		244
10100010110		244
10001101110		244
10001101100		244
01010001010		244
01000001010		244
00000110011		244
10010000101		243
10001000000		243
10000111010		243
01110100011		243
01010110011		243
00111111111		243
00101100110		243
00010001110		243
00000101100		243
11111110011		242
11001110001		242
10111010100		242
10110111110		242
10011100110		242
10011010111		242
01110100110		242
01101001001		242
01010111111		242
01001110001		242
00110100101		242
00101001101		242
11101000000		241
11010110000		241
01111011100		241
01101000011		241
01001101110		241
11010010111		240
11000111001		240
11000111000		240
11000100011		240
10100100111		240
10011011101		240
10011010100		240
01110000111		240
01001101100		240
00111010111		240
00010101000		240
00000110001		240
11111011001		239
11010101100		239
11000110010		239
10110011000		239
10110010110		239
10011110001		239
10011100011		239
01100010111		239
01011010100		239
01001101011		239
00100101110		239
00010001011		239
00001100100		239
00000010111		239
11110000110		238
11100111001		238
10010101100		238
01111000101		238
01101011100		238
01011110000		238
01011001001		238
00110101011		238
00010101010		238
00000111011		238
00000000110		238
11011011100		237
10101101101		237
10101011101		237
01111011101		237
01100001100		237
00111101011		237
00001011011		237
10110111000		236
10110000111		236
10100010101		236
10011011100		236
10011001111		236
01101101011		236
00011011011		236
00010010100		236
00010000011		236
11111010111		235
10111011110		235
10100010100		235
10000111011		235
01111010101		235
01110011110		235
01001101010		235
00111011010		235
00011101011		235
00000010101		235
11011110010		234
11010111110		234
11001100100		234
10100001111		234
01110001110		234
01100101110		234
01011011000		234
01001100001		234
00011101101		234
00011011010		234
11110100101		233
11110100010		233
11001000101		233
10101011110		233
01011111110		233
01010101001		233
01000101110		233
00110101010		233
00011000000		233
00001100010		233
11110101110		232
11011111111		232
11001000011		232
10101100011		232
10011100111		232
10011011011		232
10001111011		232
01100111100		232
00011111001		232
00001010101		232
11100111011		231
11100001100		231
11001111101		231
10110110010		231
10101111110		231
10101101010		231
10011101000		231
01111111111		231
01100111101		231
00101100100		231
00100001010		231
00011101100		231
00001100110		231
11000010101		230
10110100101		230
01111100000		230
01011000000		230
01001001110		230
01001001100		230
00100100011		230
00000001001		230
11101100110		229
11100001101		229
10100101111		229
10011010110		229
10010110000		229
10001111001		229
10000101111		229
01101000010		229
00010101111		229
00001000010		229
11011011011		228
11010001101		228
11000001000		228
10001111010		228
01100100001		228
00001111101		228
10011111011		227
10011001110		227
10001101111		227
01111101001		227
01111100100		227
01001001010		227
00100111010		227
00011011110		227
00010110010		227
00000111010		227
11101001100		226
11100100011		226
11010101110		226
11010000100		226
11001001110		226
11000110011		226
10110101111		226
10110001001		226
10101010111		226
01010011110		226
01000010101		226
00111011101		226
00010101110		226
11011001011		225
10111010111		225
10101110001		225
01011010110		225
01010000011		225
01010000000		225
11100101101		224
11001101001		224
10111100110		224
10101100001		224
10101011001		224
10100110010		224
01111101111		224
01011100101		224
01000011001		224
00110111101		224
00110101100		224
00100110011		224
00001101111		224
11110011101		223
11100111110		223
11100111101		223
11100000110		223
11010111111		223
11010001110		223
11000001100		223
10111011100		223
01111100001		223
01001101111		223
01000001000		223
00101111000		223
11111001111		222
11100011111		222
11010001011		222
11001001000		222
11000101101		222
10000101001		222
10000011011		222
10000010111		222
01100011110		222
00110101111		222
00110101110		222
00110001111		222
00011101010		222
11100100001		221
10111001111		221
10001000111		221
10000101110		221
01000010100		221
00110001101		221
00101110000		221
00100100101		221
11011100101		220
10111011111		220
10101111011		220
10100111001		220
10100001110		220
10100001101		220
10001001001		220
00111011100		220
00101011101		220
00000100001		220
11101110001		219
11010001001		219
11000010100		219
10100000110		219
10011000011		219
10010110001		219
01110101000		219
01011011010		219
00101011001		219
00011001010		219
00001111011		219
00000011000		219
00000001011		219
11111100100		218
11110010110		218
11011011101		218
11001010111		218
11000011110		218
10111011001		218
10110000110		218
10100101000		218
10010000010		218
01000000011		218
00110100100		218
00101011111		218
11101011001		217
11101001110		217
11001101010		217
11001100011		217
10101110000		217
10101000100		217
01110111110		217
01101110010		217
01011111000		217
11110101111		216
10111011010		216
10101000000		216
01101111111		216
01001000001		216
00101111111		216
00011011111		216
00000011001		216
11110111100		215
11110111001		215
11010100010		215
10100110011		214
10010000110		214
01111000111		214
01110111111		214
00100111100		214
00100100001		214
00001101100		214
00001011010		214
11111000010		213
11001101111		213
11001101011		213
11001100110		213
10101101110		213
10101100110		213
10100000010		213
01111110000		213
01110111100		213
01000101111		213
00011001011		213
00000001010		213
11011001111		212
10010001010		212
01000101001		212
00001110001		212
00000100000		212
11000110000		211
10111101010		211
10110111001		211
10010111000		211
10010010101		211
01101101001		211
01011000111		211
00111110011		211
11111101010		210
11011001110		210
10110011011		210
10110000010		210
10011011000		210
01101001000		210
01001010101		210
01000110000		210
00100101010		210
00100010111		210
00001100101		210
11101100010		209
10111011011		209
10101000010		209
10010111011		209
10000001001		209
01111011011		209
01101010111		209
00111101101		209
00111100101		209
00111011110		209
00101101011		209
00100101011		209
00011010100		209
00010111010		209
00001010100		209
11110100000		208
11110000101		208
11011000010		208
11000111110		208
10110010111		208
10110001011		208
10100101001		208
10011000001		208
01111110001		208
01100001101		208
01011101100		208
01000101000		208
00110011110		208
00001101010		208
10101000011		207
01111100010		207
01011101111		207
01011101101		207
00010001010		207
00001111001		207
00001010110		207
11100010110		206
10111101100		206
10011100001		206
10011010101		206
10000001000		206
01111001010		206
01101011111		206
01100100010		206
00100001011		206
00011101110		206
11110001101		205
11101100001		205
11100110000		205
11011101011		205
11010101111		205
11001101110		205
11001000100		205
11000000101		205
10101101000		205
10010101001		205
01111001011		205
00111000010		205
00101110001		205
11010101001		204
10111100100		204
10010001000		204
01101110001		204
00100010100		204
00011000011		204
00001100111		204
00001001111		204
11111101000		203
11001011010		203
10010100010		203
10010010100		203
01011100000		203
00101000111		203
00001000111		203
00001000100		203
11111011011		202
11100100010		202
11010001000		202
10111110011		202
10110110011		202
10001010101		202
10000000101		202
01111010110		202
01101101000		202
01100111001		202
01100000110		202
00110100000		202
00101100101		202
00101010110		202
00100011101		202
00000110010		202
00000000101		202
11101010100		201
11100011000		201
11011101111		201
11011101100		201
11001111010		201
10111000001		201
10110101000		201
10101100111		201
10010000100		201
01110001111		201
01110000100		201
01001100101		201
00111111000		201
00110111110		201
00101011110		201
00100101000		201
11111000111		200
11001001111		200
10010001001		200
01110101101		200
01101011001		200
01101010101		200
01000110011		200
01000001001		200
00010101101		200
11111011101		199
11110111110		199
11101110010		199
11101100100		199
11101000010		199
11100001011		199
11011101010		199
11010010110		199
11000100000		199
10010011110		199
01001010100		199
01001001000		199
01001000100		199
00101111001		199
00101101000		199
00011010110		199
00001000011		199
00000101000		199
00000001000		199
00000000100		199
11100100101		198
11011011001		198
10111101101		198
10111101000		198
10110101110		198
10010111010		198
10001111000		198
01110101111		198
01101000001		198
01100101011		198
01100100011		198
00111001110		198
00111000101		198
00110100011		198
00100100000		198
00011001110		198
11100100111		197
11011011110		197
11000000010		197
10110111010		197
10110011110		197
01101011101		197
01011100100		197
01001101000		197
00011000111		197
11111111011		196
11110000111		196
11010000101		196
11001100000		196
11001010101		196
11001001011		196
10111111110		196
01001001101		196
00101101111		196
00011111011		196
00010101011		196
11101101010		195
10101001110		195
10100111010		195
10100111000		195
01101010110		195
00111111010		195
00100101001		195
00100010110		195
00010110011		195
00000101111		195
11101111100		194
11001010110		194
11001000110		194
11000001010		194
10111001110		194
10001000100		194
01110001101		194
00100111000		194
00001000001		194
11000011111		193
10110000100		193
01100111110		193
00000000010		193
11100001001		192
11001011000		192
11000101110		192
11000100001		192
10101101100		192
10011000110		192
10010111001		192
10010100000		192
01111111000		192
01010011001		192
00101111110		192
00001001001		192
00000000011		192
11011000000		191
10111100010		191
10110101101		191
10110101011		191
01100101001		191
01100010100		191
01010111110		191
01000010111		191
00111101111		191
00101001100		191
00001101101		191
11110101011		190
11110100011		190
11101000101		190
11100100000		190
11000001001		190
10111101001		190
01111010100		190
01111000001		190
01110000101		190
01101100101		190
01101100001		190
01010101000		190
00101101110		190
00011111000		190
00000011011		190
11111001110		189
11100001110		189
10101101011		189
10100001010		189
10011101100		189
01110111001		189
01101000000		189
00011010111		189
00001101000		189
11111000011		188
11101011111		188
10111111011		188
10100101010		188
10100011011		188
00001001011		188
11101001111		187
11001100001		187
10111000010		187
10011101111		187
01100111011		187
01011001010		187
00110100010		187
00001001110		187
00001000101		187
11111010110		186
11111000000		186
11101110011		186
11011101101		186
11011001100		186
10101011000		186
10001101000		186
01111111110		186
01000110001		186
00111011000		186
00100000111		186
00010100010		186
11100011110		185
11001111001		185
11000101100		185
11000010111		185
10101111000		185
00010110000		185
11110011100		184
11011110000		184
11000101001		184
10000000001		184
00110101000		184
00100111001		184
00011011001		184
11111101001		183
11110111010		183
11101101111		183
11100011101		183
11011110001		183
10111101011		183
10110011001		183
10101000101		183
10100011001		183
10000000011		183
01110000011		183
00110000100		183
11111100001		182
11110110011		182
10111001011		182
10110000101		182
01001101001		182
00101011011		182
00011101111		182
11010111011		181
10110101010		181
10110101001		181
10101101111		181
10010011011		181
01110101100		181
01011010101		181
01010110001		181
01000111000		181
00010001001		181
11011101001		180
11001010100		180
10100101110		180
01111101011		180
01011101011		180
00100000101		180
00010000101		180
00001101001		180
00001000110		180
11101111111		179
11101011110		179
11000100010		179
10110001110		179
10000000000		179
00100111011		179
00010000000		179
00000101110		179
00000101011		179
00000101010		179
11110110010		178
11010001010		178
11010000000		178
11001011100		178
11000111010		178
01111101100		178
01111000011		178
00111000111		178
00110000101		178
00100101101		178
00010011000		178
00001111010		178
11110001010		177
11010111010		177
01110010110		177
01101111010		177
01101011110		177
01001000110		177
11111111010		176
11000101010		176
01110100010		176
01101101100		176
00111100001		176
00010001000		176
00000010110		176
11101101110		175
11011010111		175
11001111000		175
11000011001		175
10011111001		175
01111101000		175
01110101001		175
00111010101		175
00101000000		175
00100011011		175
00100000100		175
11111110000		174
11110011010		174
11110000010		174
11100100110		174
11100000001		174
11011011000		174
10011101110		174
00101001011		174
00011000101		174
00000111001		174
11111011100		173
11111000001		173
11110000100		173
11101100011		173
10100001001		173
01111110011		173
01110101110		173
01101000100		173
01010110010		173
00111111011		173
00011000110		173
11111111110		172
11111000101		172
11000000001		172
10111101110		172
10110000011		172
10101011010		172
10100001011		172
01100011111		172
01000011000		172
00111000011		172
00110011111		172
00101101100		172
00100000110		172
11111111001		171
11010111001		171
10101010101		171
01010001001		171
00111000110		171
00110100001		171
00100001001		171
00011010101		171
11110011110		170
11010101010		170
11000000110		170
10100000001		170
01011101010		170
00101101101		170
00011100001		170
11101111110		169
10111000111		169
10101000110		169
10100101011		169
01001000101		169
00110110000		169
00101000100		169
00000111000		169
11111110010		168
11110110001		168
11100010101		168
11100001010		168
11010101011		168
11000111011		168
10111101111		168
10111000101		168
10110110000		168
10010101011		168
10000011000		168
10000000100		168
01111000010		168
00010011001		168
11000101111		167
11000000011		167
10100000011		167
00011001001		167
00010011110		167
11011111010		166
11011000100		166
11010010100		166
10101001011		166
10101001010		166
01111101101		166
01111000110		166
01100110011		166
00111010110		166
00110001100		166
00011000100		166
00010000010		166
00000110000		166
11111101101		165
11111000100		165
01111111001		165
01100011101		165
00111101100		165
00110001011		165
00101001010		165
11110111000		164
11101011011		164
11100111010		164
11011101110		164
11011000101		164
11010011001		164
11001101100		164
11001000000		164
10111001001		164
10101010110		164
10101001001		164
01100010101		164
01001111001		164
01000101010		164
11100010111		163
11010110010		163
11000010110		163
10111011000		163
01100101000		163
01000010110		163
00101101010		163
11100000010		162
11011100001		162
10101111001		162
01101111001		162
01010110000		162
00111101000		162
11111100000		161
10101010100		161
10101001111		161
01110110001		161
00100000011		161
11101001001		160
11001101101		160
10010101000		160
01100011100		160
00110110011		160
00110011100		160
11110101101		159
11101111000		159
11010011110		159
10110010100		159
01110101010		159
01101101101		159
01100111000		159
01100001011		159
01011011011		159
00111110010		159
00110111011		159
00110111010		159
00110011011		159
11111010100		158
11110111011		158
11110000011		158
11011010100		158
11010000110		158
11001100101		158
01101101010		158
01010011000		158
11101101100		157
11100011100		157
11011100000		157
11010110011		157
10100011100		157
01110010100		157
01001111000		157
00010010101		157
11101010110		156
11100000101		156
11011111000		156
10110001010		156
10100000101		156
01110110011		156
01100011001		156
00111101010		156
11101100101		155
11100101000		155
10110011010		155
10100011101		155
00010110001		155
11111111000		154
11110011011		154
11110010100		154
11100000100		154
11011111001		154
10101001000		154
01110110000		154
01100001010		154
01100000010		154
01000011011		154
11110110000		153
11011001001		153
11010000001		153
10100011000		153
01000110010		153
00111001010		153
00110011010		153
00100001000		153
00100000000		153
11110100001		152
01101011010		152
01100011000		152
01000000001		152
00100100010		152
11111101111		151
11100110001		151
10101000001		151
10001010100		151
01001111010		151
11100110011		150
11010101000		150
10111000011		150
01100000011		150
11101001011		149
10110100001		149
00111000001		149
10101111010		148
01110100000		148
01110000001		148
01011000110		148
01001001011		148
01000000000		148
00001000000		148
11101000001		147
10010000011		147
01101111000		147
01011000101		147
00100110001		147
11110101100		146
11101001010		146
11001011001		146
01111011010		146
01100101010		146
00111010100		146
10111000100		145
10011100101		145
10011000101		145
01111101010		145
00111100000		145
00110111000		145
00110101001		145
00000000001		145
11111011010		144
11101101011		144
11100010100		144
01110111000		144
01010111011		144
00111001001		144
11000011000		143
10111010101		143
10010011000		143
01010000010		143
00110000010		143
00101000001		143
00011001000		143
00010111011		143
00000011010		143
11111001010		142
11110101000		142
10110110001		142
10000101010		142
01001000111		142
01000101011		142
11111101011		141
10101000111		141
10100110000		141
01101011000		141
01101010100		141
00101101001		141
11100110010		140
11001001001		140
10111000110		140
10100000000		140
10011001001		140
11101101001		139
11101010101		139
01100000101		139
00100110000		139
01110001001		138
00100011010		138
11111101110		137
10111010110		137
01110100001		137
01110011100		137
00111101001		137
00111000000		137
00101001000		137
00011100101		137
11111001001		136
11011000001		136
10011111000		136
01101000111		136
01100000001		136
01011111001		136
01011000100		136
00110011001		136
00000000000		136
11101111001		135
01110001011		135
00011100100		135
11110101001		134
11011111011		134
11010010101		134
10001000110		134
10000011010		134
01101111011		134
00111111001		134
11111011111		133
11011011010		133
11010011000		133
01100000100		133
00010011011		133
11110001011		132
11101011100		132
11101101101		131
01111000100		131
01010000001		131
00111001000		131
00110111001		131
11101011000		130
10111100101		130
10100011010		130
01110000000		130
01100011011		130
01000111010		130
11110001000		129
11101111010		129
01100110010		129
00111101110		129
11011010110		128
01001001001		128
00110011000		128
00010011010		128
10111001010		126
01101000110		126
01100111010		126
00101011000		126
01110101011		125
00110010100		125
00011101001		125
11101000100		124
10110000001		124
01010111010		124
11101111011		123
11101101000		123
11100000011		123
01110011111		123
00100011000		123
11111000110		122
11110011111		122
11101011101		122
11100011001		122
11111001011		121
11010011011		121
01000011010		121
00100000001		121
01111001001		120
00101111011		120
11101011010		119
00100110010		119
11111010101		118
10100000100		118
01111111010		118
01100110000		118
11110000001		117
11100000000		117
10110000000		117
00101011010		117
00011110001		117
11110101010		116
10100001000		116
00101000101		116
11100101001		115
01010011011		115
11010000011		114
01110110010		113
01110011001		113
01110011000		113
00111000100		113
11101000111		112
11000000000		112
11110000000		111
11011001010		111
10100110001		111
01111110010		111
01111000000		111
00110001010		111
11011000110		110
10010000000		110
01100000000		110
11110011000		109
11101001000		108
11001111011		108
11000101000		107
01111001000		107
00101000110		106
11101000011		105
11000011011		105
01101001010		105
11100001000		104
01110001010		104
01100001000		104
10111001000		102
11111001000		101
11101000110		101
11011010101		101
00110110010		101
11010000010		100
01110111010		100
00110110001		100
11110001001		99
00101010101		99
00100011001		99
01110001000		98
01110000010		98
01100110001		98
00010000001		98
11110011001		97
01110111011		97
11100101011		96
01101000101		96
01010011010		95
00101111010		95
00100000010		95
01100001001		94
00011000001		94
01111111011		93
11010011010		92
10000101011		91
00101010100		89
00110000001		88
01110011010		85
00110000011		85
00110000000		81
11100101010		80
10010000001		77
11100011011		76
11000011010		75
01110011011		70
01100011010		66
11100011010		57
01100110101		41
11111010011		30
10000110101		29
00010010001		28
11011010001		25
11110010000		21
10001010010		21
01001010010		21
10000110100		20
11111010000		19
01110110100		19
10001010011		17
10001010000		17
11101110100		16
01001110111		16
00111010011		13
11101010011		12
10010110100		12
01100010011		12
00010010011		12
11001010011		10
10110010001		10
00010010000		10
00000110110		10
11110110110		9
11001010010		9
00010110101		9
00001010010		9
10101010000		8
00111110100		8
10011110111		7
11100010001		6
11011010000		6
10111010000		6
10110110101		6
01111010011		6
01010010000		6
01001110110		6
00001010011		6
11110010001		5
10110110100		5
10011010011		5
10010110101		5
01101010011		5
01100110100		5
01011010001		5
01001010011		5
01001010000		5
00100010001		5
00011010010		5
00011010001		5
11111010010		4
11100110101		4
11011010011		4
11010110110		4
10110010000		4
10101010011		4
10101010001		4
10011010001		4
10000010011		4
01111010010		4
01100010010		4
01011010000		4
01010010001		4
00110110101		4
00001010000		4
00000010010		4
11111010001		3
11110110101		3
11101110101		3
11010010000		3
11001010000		3
11000110100		3
10111010011		3
10101110111		3
10100110101		3
10100010011		3
10100010000		3
10011010010		3
10011010000		3
10010010001		3
10001110111		3
10001010001		3
01110010011		3
01010110101		3
01001010001		3
01000110100		3
01000010001		3
01000010000		3
00111110101		3
00111010000		3
00110010011		3
00110010000		3
00011110111		3
00011010011		3
00010110100		3
00010010010		3
00001110111		3
00001010001		3
00000110101		3
11110010010		2
11101010010		2
11101010000		2
11011110101		2
11010010001		2
11001110111		2
11000110111		2
10101010010		2
10100010010		2
10011110110		2
10011110101		2
10010010010		2
10001110100		2
10000010010		2
10000010001		2
10000010000		2
01111110101		2
01111010001		2
01110110101		2
01110010001		2
01101110101		2
01100110111		2
01011010011		2
01000110101		2
01000010010		2
00111010001		2
00110110100		2
00110010001		2
00101010011		2
00000110100		2
00000010000		2
11111110111		1
11111110101		1
11111110100		1
11101110111		1
11100110100		1
11100010010		1
11011110111		1
11011010010		1
11010110101		1
11010110100		1
11010010011		1
11001110101		1
11001010001		1
11000110110		1
11000110101		1
11000010011		1
11000010010		1
10111110111		1
10111110100		1
10111010010		1
10111010001		1
10110110110		1
10101110101		1
10100110100		1
10100010001		1
10011110100		1
10010110110		1
10010010000		1
10001110110		1
01111110100		1
01111010000		1
01110110110		1
01101110111		1
01101110100		1
01101010010		1
01101010001		1
01100010001		1
01011110111		1
01011110100		1
01011010010		1
01010110100		1
01010010011		1
01000110110		1
01000010011		1
00111010010		1
00110110110		1
00101110100		1
00101010010		1
00101010001		1
00101010000		1
00100110111		1
00100110110		1
00100110100		1
00100010011		1
00100010010		1
00100010000		1
00011110101		1
00011110100		1
00010110110		1
00001110110		1
00001110100		1
00000110111		1
