01011111100		742
01011011111		734
01011110011		730
01010100111		683
10001111100		640
01001011101		635
10001110011		632
01010100011		629
01010111101		627
01010100101		626
01000101101		609
10110111111		603
10011110010		596
10000111101		590
01010101100		590
01010001111		590
00000111011		586
01011111101		575
01000111111		571
10000111100		570
10010111111		567
01111111100		566
01000100111		563
01010101101		560
10100111111		559
01110100101		553
01011010111		551
01001100010		551
00011111101		551
10100011111		549
01011100010		549
10001111111		548
01110111110		548
01010011111		548
10000111111		545
01011100011		544
01001111101		543
01010011100		542
01111111110		541
01010010111		541
10010111100		539
01011000000		535
01010100110		534
11001110001		532
01010111100		532
01000011110		530
01001111111		529
11110111111		528
10010111011		523
00100111111		523
01010100010		520
01010011101		515
01010111111		513
11111111100		510
01010010101		510
10000100110		509
10000011111		507
00100011100		507
10101111111		505
01000111100		505
01000100110		505
01010111000		504
00010111110		504
10010011101		503
01010101110		502
01100111111		499
00000011101		498
01010001101		497
10110111110		496
10101110000		496
01111101111		495
01101110011		495
01000111101		495
01011001111		493
01011111111		491
11100111000		489
01011111011		489
01000001111		489
00111111100		489
10001011011		487
01110111111		486
01001011100		486
00000111100		486
01100111011		485
01011011100		485
01001011110		485
10110011111		484
10000110011		484
00110111111		478
01011011101		477
01001001101		477
01000001101		477
00111110000		476
01010110011		475
00100111101		475
00100101100		475
00010011101		475
01011011110		474
00000111111		474
10001001101		473
10001011001		472
01100100100		472
11001111111		471
10001100011		469
10111110001		468
00000111110		468
11111111111		467
00101110011		467
10000001100		466
01000001011		465
10111111100		463
10001011111		463
01101111111		463
00011011101		463
00000001101		463
01001011011		462
11011111101		461
10111111111		460
11100111111		459
01011100001		459
01000011100		459
11000111000		458
10100111011		457
00010111111		457
01011000001		456
01000101100		455
10001011000		454
10000100100		453
00100011110		452
11001110011		450
00001111111		450
00111011011		449
10001110001		448
10010100101		447
10000101101		447
01011011011		447
00011110011		447
10000111011		446
01100100111		445
01001100101		445
00101111101		444
00010111101		444
00111111101		443
11100011100		442
10010111101		442
01001011111		442
11010100001		441
01111110001		441
01011001110		441
01001100011		441
10011111100		439
10111111000		438
10010101101		437
10111110010		436
01101111110		436
01101011011		435
01011101100		435
10010100111		434
01001111011		434
01000100101		434
01001111110		433
11010101111		432
10101110001		432
10001111011		432
01010000111		432
11000001111		431
01001110011		431
00011011010		431
11001011101		430
10101110010		430
00000110001		430
10100011110		428
01101011001		428
00110001111		428
01011001100		427
11011011111		426
01111011011		426
11000111101		425
01110101111		425
01110100111		424
01000010111		424
11010011100		423
10010000111		423
10001110010		423
01101110000		423
01001011000		423
01000111011		423
00100111011		423
10001011100		422
11000111001		421
01010100001		421
00100111100		421
10011011011		420
10001100010		420
00011111011		420
11101111101		419
10101100000		419
01101100011		419
10011011100		417
10001001100		417
10001100111		416
00101110010		416
00010100000		416
11100111001		415
01011011000		415
01000011111		415
00101111111		415
11000111100		414
01010111001		414
10111011101		413
10001110000		413
10000001101		413
00110101101		413
00010001111		413
11101110001		412
11010001111		412
10011110011		412
01011010110		412
00001100001		412
00000011111		412
11010111111		411
11001111110		411
10111111101		411
10101100001		411
10011011010		411
10010100001		410
10000111000		410
10110100011		409
01101110010		409
00010111100		409
11010100111		408
11011111010		407
10000001011		407
01101100010		407
01000111110		407
00111111110		407
11010100011		406
11110001100		405
10111111010		405
10000101100		405
01111011111		405
01110111101		405
01100111110		405
00100111110		405
00010011110		405
11010111011		404
01111111101		404
01010101000		404
10011101101		403
01001111100		403
00110111101		403
00101100111		403
01011001011		402
00010101011		402
00000101101		402
10010111110		401
10000111110		401
00000011100		401
11010100101		400
10001111101		400
10000011101		400
01110011110		400
01011001101		400
00101100011		400
11010100100		399
10010011100		399
01100111101		399
10100111101		398
00100111000		398
00001011100		398
00011011100		397
11000100100		396
01001100000		396
01000110001		396
01000000111		396
00010101100		396
11000100101		395
10101111011		394
10001011101		394
01111011100		394
01001110001		394
00111011100		394
00001111000		394
00110100111		393
01111110011		392
01000001110		392
10010110010		391
01001100111		391
11101110010		390
10110111011		390
10000010111		390
01010001000		390
11000011110		389
00011111010		389
00010011111		389
11111001101		388
11000001011		388
01001000011		388
00101100000		388
00100100111		388
00011011011		388
10101110011		387
01111011101		387
01110101101		387
01011110010		387
01011011001		387
00100100100		387
00010010111		387
00001001000		387
11101110000		386
10111001100		386
10011011111		386
10000110001		386
01010100100		386
01001101101		386
00011100010		386
11001110010		385
01010010110		385
01000100100		385
01000000101		385
11110111101		384
10111100111		384
01001011001		384
01000111001		384
00001011000		384
00000111101		384
11110100111		383
10100111100		383
10010001011		383
11001011011		382
10001001000		382
00110010111		382
00001100011		382
01100100101		381
00011111110		381
00010001101		381
00001111101		381
00000011110		381
11001001000		380
11000000100		380
10101011111		380
01011100000		380
00001011101		380
11010100000		379
11010011111		379
01000001100		379
00110011011		379
00001111110		379
10111110000		378
10100100111		378
01111100111		378
01000100011		377
01001010111		376
10001010111		375
10001001110		375
10000100010		375
01111010111		375
01000100010		375
11111110001		374
10000100111		374
01111100101		374
01110001111		374
01001100100		374
01000011101		373
11110010111		372
11001111101		372
01111110000		372
01101011100		372
01100010111		372
01000111000		372
11000011101		371
01100111100		371
11011001100		370
11000100110		370
10001111110		370
01111001101		370
01011011010		370
00011100001		370
10011001101		369
01010101011		369
00101011001		369
11001011111		368
11001011110		368
10101011100		368
01001110010		367
00000010100		367
01101111100		366
01011101000		366
00001001100		366
11110111000		365
11011100011		365
01110011100		365
00001111100		365
10010110001		364
01110101110		364
00101110000		364
10100111000		363
01101111101		363
01101100111		363
01010000110		363
00111110011		363
00101001101		363
00010100100		363
11000100111		362
10010001111		362
10000111010		362
01001000010		362
11110011110		361
11110001110		361
10101100011		361
01101000010		361
00100111001		361
10110011100		360
10101010111		360
10010011001		360
01100101111		360
01100100000		360
01010001110		360
11011011101		359
11000011100		359
01001001000		359
01001000000		359
00101100010		358
10000110000		357
01100001111		357
01010001010		357
00110101111		357
00101011101		357
00100101111		357
00001110011		357
00000001110		357
11111111101		356
11100111011		356
10111101101		356
10000010110		356
01111010110		356
01110100100		356
11110011100		355
10110101100		355
10110011101		355
10000100101		355
01101111011		355
01010110001		355
00110011100		355
00000100010		355
11000110011		354
10000011100		354
11110100110		353
11001101001		353
11000010101		353
01101110001		353
01000001010		353
00101011100		353
00001101011		353
00000101011		353
10111111001		352
10111011011		352
01111011001		352
01011000101		352
01001011010		352
10110111100		351
10011111110		351
00110111100		351
11110100100		350
11001100010		350
10011011001		350
01101011111		350
00101001111		350
00100001101		350
00000110000		350
10101100111		349
10010001110		349
10001100001		349
00101011011		349
00100011111		349
00100001111		349
10001101101		348
01011101011		348
01001000001		348
11001000010		347
10110111000		347
10101111100		347
10100100000		347
10001001111		347
01101111010		347
11111001111		346
11011011011		346
11000110001		346
10011111111		346
10010101100		346
00111111111		346
00111011001		346
00100111010		346
00100010111		346
00011111100		346
00000100100		346
11111011000		345
10001000001		345
01011000111		345
00011001100		345
11011110011		344
10001101001		344
01101100000		344
01100001110		344
00001110010		344
01010110010		343
01000101001		343
00110011101		343
00000111010		343
00000110011		343
11100011111		342
10101111101		342
01110001100		342
01011110001		342
01001001111		342
01000000100		342
00100010101		342
00000100110		342
10100111110		341
01110001101		341
01100101100		341
01011111110		341
00011001111		341
11011100100		340
10100100101		340
10011111101		340
10011101001		340
10000010100		340
00111101101		340
10110001000		339
10100111001		339
01110100001		339
01010010100		339
00001100000		339
00001011111		339
11010111101		338
10100010111		338
00011111001		338
00010010110		338
00001010101		338
00010011100		337
11110001111		336
11010110001		336
11010101100		336
10010111010		336
10010110011		336
10010110000		336
10000001110		336
01111100110		336
01011101010		336
10010101111		335
00100110001		335
00011100000		335
00011011111		335
00010001011		335
00000101001		335
11101110011		334
10110101011		334
10001011110		334
10001000011		334
01111101101		334
00001100111		334
11010111100		333
10011001111		333
01110100011		333
11001001111		332
10000100000		332
01100111001		332
00110011110		332
00010010101		332
11101001010		331
11100010110		331
10111001101		331
01011111000		331
00000001111		331
11001111010		330
11001101000		330
10011101100		330
01011111010		330
00111001100		330
00001001101		330
11101011101		329
11010111000		329
10011110000		329
10010011111		329
01010111011		329
01001101000		329
11110000110		328
11001111100		328
10100010110		328
10011101010		328
01110001110		328
10001001010		327
01111001100		327
01100011100		327
01011000011		327
00011010111		327
11110100101		326
11101100000		326
11010101101		326
10111011010		326
10011100000		326
10010100100		326
10000011110		326
00101100001		326
11110011101		325
10010101110		325
01101111000		325
00001000011		325
11111100011		324
11101000101		324
10110001100		324
10010001101		324
10001000000		324
01101010111		324
00110010110		324
00100100001		324
00010111011		324
00010110010		324
00010000011		324
11100001100		323
11010110011		323
10010010101		323
10000010101		323
01001110000		323
01000010101		323
11101111011		322
11100101101		322
11011111110		322
10101100010		322
01011100101		322
01010101010		322
11101111111		321
10001011010		321
01111101001		321
00101111100		321
00101111011		321
00000101100		321
10111111110		320
10110100110		320
10101100100		320
00111100100		320
00110101100		320
00100010110		320
11111000101		319
11001010111		319
10001101011		319
11000100000		318
01100011110		318
00111001101		318
11010011101		317
11000111110		317
01010111110		317
01001101111		317
00100100000		317
10001100110		316
10000111001		316
01001111010		316
00001010111		316
11000001001		315
01000010110		315
00010101010		315
11101011111		314
11100110000		314
10110100100		314
10001111010		314
00110001101		314
00000100111		314
00000010111		314
11100001011		313
10001100101		313
01010011110		313
00100101101		313
11101011011		312
11011100001		312
10111101001		312
10111011110		312
10100110010		312
10011100011		312
10011011110		312
01101101110		312
00010110000		312
00010100101		312
11100001101		311
01111111001		311
01000101000		311
11111101010		310
11001000000		310
11000010111		310
10100101101		310
10001101100		310
10000101110		310
10111111011		309
10100110011		309
10011101011		309
01111011000		309
01111001110		309
01110010111		309
01100100010		309
00111000111		309
11011101000		308
11010111010		308
10101111110		308
01111001111		308
01101101100		308
01101011110		308
00010100001		308
11101001100		307
10011001011		307
01010101111		307
00100011011		307
00011111000		307
00001110000		307
11101010100		306
10110001111		306
10100001100		306
01110010101		306
00101000010		306
00100000111		306
00011100011		306
10101011011		305
10010100011		305
01011001010		305
01001010100		305
01001001100		305
11100110001		304
11010001100		304
11001101011		304
11000001101		304
10101101000		304
01100001011		304
01001001010		304
00010111010		304
00010010100		304
00001111001		304
11000011111		303
10010001100		303
01001100110		303
00010100111		303
00000111000		303
11101111010		302
11011001101		302
10101011000		302
10010011011		302
01100001100		302
00011101000		302
00000100101		302
11111011100		301
11100100100		301
10111011100		301
10011001000		301
10010001001		301
10000011001		301
01101001111		301
01100000111		301
01001010110		301
11110010101		300
11100010101		300
11011101011		300
11010100010		300
10100011101		300
10100001111		300
10100001110		300
10000001010		300
01110101011		300
01001100001		300
00100100110		300
11111011011		299
11100111100		299
11011111100		299
11011110010		299
11000000110		299
10010010100		299
00011101100		299
11001111001		298
01100101101		298
01100100001		298
01010001100		298
00111000010		298
00101101101		298
11111101100		297
11101011001		297
11011100110		297
10110110011		297
10110100111		297
10110100010		297
10101011001		297
01110111100		297
01110011101		297
01011010101		297
01000110000		297
01111101110		296
01110111001		296
01101100100		296
01011101001		296
00110100101		296
00110001110		296
00011110000		296
11110100010		295
11011111111		295
11001001010		295
01111000111		295
01101000001		295
00001111011		295
10111100000		294
10001111000		294
10000011011		294
01010111010		294
00100101110		294
00011000000		294
00010111001		294
00010110011		294
00010101110		294
00000010101		294
11111101000		293
11110111100		293
11101011110		293
11100011110		293
11001100111		293
11000111010		293
11000010110		293
11000010100		293
01101101111		293
01000101110		293
11100100111		292
10110111101		292
10110000011		292
10011100001		292
10001100000		292
10000001111		292
00110101011		292
00011001101		292
01111101011		291
01011001000		291
01010011011		291
01000100001		291
00111110001		291
00101011111		291
11111001100		290
10011001010		290
11111111110		289
11011100010		289
10000101000		289
01101011101		289
01010110000		289
00101001001		289
00100001110		289
00011111111		289
00011100111		289
00010100010		289
00001011011		289
11110111001		288
11001000001		288
10111101100		288
10010101010		288
10010100110		288
01110000001		288
01011001001		288
01010001001		288
00000001000		288
11111000000		287
10110100001		287
10110011110		287
10100100010		287
10011010111		287
01111000010		287
01100100011		287
00100101000		287
00000110010		287
11111011101		286
11000001110		286
10010011010		286
01101101000		286
01101011010		286
01101001011		286
01000001000		286
00000100011		286
11000100011		285
10100110000		285
10100101100		285
10011001100		285
10000000111		285
01110000110		285
01100101011		285
01011110000		285
01010000101		285
01000101111		285
00110111000		285
00000001001		285
11110101101		284
11100111110		284
11001100011		284
10100001010		284
10011010110		284
01101101011		284
01011100111		284
01011000100		284
00010111000		284
00001011001		284
00000100000		284
11111110010		283
11110111110		283
11010001110		283
11001000100		283
10110111010		283
01010100000		283
00101000100		283
11001001110		282
11000001010		282
10101101101		282
10000100011		282
10000011000		282
01110010110		282
00111011000		282
00000011010		282
11100000111		281
11011110000		281
11011100111		281
11011001000		281
01101100110		281
01001001110		281
00101110001		281
00000001011		281
11101011010		280
11000111011		280
10110010111		280
10101011101		280
10100100001		280
01110110001		280
00111101000		280
11111101011		279
10101001100		279
10100011100		279
01111100100		279
01100010110		279
01100000011		279
01010011001		279
01001101010		279
00100010100		279
00011110010		279
00010110001		279
10101100101		278
10000001000		278
00110110001		278
00010100011		278
00010001110		278
00001000010		278
11111100111		277
11100101100		277
11000110010		277
11000101111		277
11000100001		277
10011100010		277
10011011101		277
00110100100		277
00001000000		277
11110100001		276
11001110000		276
11001011010		276
11001001101		276
10111100001		276
10000101001		276
01111100000		276
01100101110		276
01100101001		276
01100010100		276
01010000011		276
01000111010		276
11111011010		275
11100101000		275
10011111011		275
01111100011		275
01111100001		275
01110100010		275
01110011111		275
01110000111		275
00111011010		275
00110110011		275
00010101111		275
11100010111		274
10110101000		274
10101001111		274
10100100110		274
10001010110		274
01110000100		274
01100110000		274
01000010100		274
00000000111		274
11110000011		273
11010111110		273
11010100110		273
11010001011		273
10010000110		273
01111111111		273
01110100110		273
00111110010		273
00111011111		273
00111000000		273
00101011000		273
00000101000		273
11110111010		272
11100100101		272
10111010111		272
10110100101		272
10001101110		272
10000110010		272
01101001000		272
00101010101		272
11100110011		271
11100100011		271
11000101011		271
10110100000		271
10100111010		271
01111011010		271
01001101110		271
00101010111		271
00100001000		271
00011100101		271
00001011010		271
00001001010		271
00000100001		271
11111111011		270
11111110011		270
11111011110		270
11101111110		270
11101100111		270
11000111111		270
10110000100		270
10011001001		270
10010000010		270
00111011101		270
11111101111		269
11111010100		269
11110000111		269
11100111010		269
11100000101		269
11001101010		269
10110110010		269
01010000001		269
00111100001		269
00101001100		269
00011100110		269
00010001010		269
00000101110		269
11111110000		268
10100101001		268
01010000000		268
01001101011		268
01000000011		268
00111100110		268
00011101011		268
00001111010		268
11010010111		267
10010111000		267
10010011110		267
10001000111		267
01100001101		267
00101100110		267
11001011100		266
10110010101		266
10101011110		266
10000000110		266
01111001001		266
00111101100		266
00111100011		266
00010011000		266
11110110001		265
11101011000		265
11011000000		265
11000101101		265
01100110011		265
01100110010		265
01001101001		265
11110000101		264
11101111100		264
10110110000		264
01101011000		264
01011000010		264
00110111110		264
00001100101		264
11100100010		263
11011010111		263
01101101001		263
01010000100		263
00111100111		263
00001000001		263
11101100100		262
11011011100		262
10100100011		262
10011101000		262
10010010110		262
01101000011		262
00111101011		262
11111111010		261
11101100001		261
11100001111		261
11000101100		261
11000001000		261
01111010101		261
01110110010		261
01110101100		261
00101101011		261
00101000101		261
00011101001		261
00001100010		261
11110110010		260
11010000100		260
11000001100		260
11000000111		260
01111101010		260
00100110010		260
00010100110		260
00001101001		260
11111100001		259
11111000111		259
11001000011		259
10111001111		259
10100101111		259
10001001001		259
01110110011		259
01110001010		259
00110111011		259
00000011000		259
11011011110		258
10111100110		258
10110101111		258
10110000010		258
01110111010		258
00101111110		258
00001101101		258
00000101010		258
11110101111		257
10010010111		257
01000000110		257
00100110011		257
00011011001		257
00011011000		257
00011000001		257
00010001001		257
11011100101		256
10111000001		256
10110101101		256
10011111010		256
10011011000		256
10001101000		256
01111000011		256
11010001101		255
10101101001		255
10001111001		255
10001101010		255
01111101000		255
00110100001		255
00101011110		255
11111100000		254
11100100110		254
11001111011		254
10100101000		254
10100100100		254
10100000100		254
01111001010		254
01010001011		254
00100001100		254
00001011110		254
11010010100		253
11001111000		253
10101010100		253
10101001101		253
10011000111		253
10011000010		253
10001001011		253
00100100101		253
00001101000		253
00001001011		253
00000001010		253
11111001011		252
11101100101		252
11101001111		252
11001001100		252
10111101011		252
00011101101		252
11001101100		251
10110000111		251
10010101011		251
10001000010		251
01111000100		251
01110101010		251
11100001010		250
11011001011		250
01011100110		250
01001111000		250
00101100100		250
11101100110		249
11011100000		249
10100011011		249
00110000111		249
00100000011		249
10111001000		248
01111100010		248
01100011111		248
01001101100		248
00111101010		248
00000000101		248
11100101110		247
11011000001		247
10110001101		247
10101001010		247
01100000100		247
01000101011		247
00001001001		247
00001000111		247
00000001100		247
11001100000		246
11000011011		246
01101010110		246
00111010101		246
00011011110		246
00001110001		246
11000110000		245
10111101000		245
10100001001		245
10010011000		245
01111011110		245
01111001011		245
00111000011		245
00101001110		245
00010001100		245
00010001000		245
00001100100		245
11110110011		244
10110111001		244
01111010100		244
01110100000		244
01011010100		244
01010011000		244
00111010110		244
00000111001		244
11111011001		243
11111001110		243
11010101010		243
11001100001		243
10011000001		243
01110001011		243
01101001100		243
00110011111		243
00100101011		243
11101001000		242
11001011001		242
11001001001		242
10101111000		242
10101010101		242
10011101111		242
10011100101		242
00110101010		242
00101001000		242
00000101111		242
11101000010		241
11011111000		241
10000001001		241
01011101110		241
00101101100		241
11111010111		240
11101101010		240
11001000111		240
11000101110		240
01100010101		240
00110001100		240
00101101000		240
00000000011		240
11111100101		239
11110111011		239
11110000010		239
11011110001		239
11011001111		239
11011000010		239
11010111001		239
10101101010		239
01110010100		239
00100001011		239
11110101010		238
11010000101		238
10111000000		238
10101011010		238
01100011011		238
01000110011		238
01000100000		238
00011001010		238
00011000100		238
10111011001		237
10100101010		237
01101000100		237
00101111001		237
00100000100		237
11111100110		236
10110011010		236
10010000101		236
10001010100		236
01100111000		236
01001001011		236
01001001001		236
00011000011		236
11111100100		235
11010101110		235
10010101001		235
10010100010		235
01111111011		235
01001010101		235
11010110010		234
11000101010		234
10111010100		234
10101101110		234
10011000000		234
01011101111		234
00110001000		234
00110000100		234
00101111010		234
00011100100		234
11010110000		233
10101100110		233
10000000000		233
01010101001		233
00110100110		233
10110011011		232
10011000100		232
01101001001		232
00010101101		232
11111111000		231
11100011000		231
11001101101		231
11001010110		231
10100010100		231
10001010101		231
01111000110		231
01000110010		231
00111010111		231
00111001111		231
00010000111		231
11111100010		230
11110010110		230
11010010101		230
10111101010		230
10010100000		230
10001100100		230
01101000000		230
01100000101		230
00101000111		230
00011001011		230
11110010100		229
11101101000		229
10100110001		229
10010111001		229
00011010100		229
11111000100		228
11001011000		228
10111001011		228
10010001000		228
01111110010		228
01101010100		228
01011101101		228
00110001001		228
00101101001		228
00100110000		228
00000011001		228
10101111001		227
10101101111		227
10100001101		227
01110000101		227
01100111010		227
00101111000		227
00001001111		227
11100000110		226
01001000110		226
00100100011		226
00001101100		226
11111001010		225
11110101110		225
11101001011		225
11100001110		225
11010000111		225
11001100101		225
11000011001		225
10101101011		225
00110010101		225
00101101010		225
00000000110		225
11110001010		224
11011111011		224
10111101110		224
01111000101		224
00101101110		224
00101001010		224
00010101001		224
10101111010		223
00110011010		223
00101011010		223
11110100000		222
11010101011		222
01101010101		222
11110011011		221
11101101111		221
11001010101		221
10011000101		221
01100000000		221
01011111001		221
00111101111		221
00111011110		221
00011110001		221
00010000101		221
11000100010		220
10011100100		220
01111111010		220
01110101000		220
01101001110		220
00110001010		220
00001000110		220
11110101100		219
11101011100		219
11100101001		219
11100001001		219
10111000010		219
10101010110		219
10100000001		219
01101001101		219
01000000010		219
00010000110		219
11110101011		218
10100000101		218
10011100110		218
00111111011		218
00110000110		218
00010011001		218
00000011011		218
11110001000		217
11000101000		217
10101001110		217
10000101111		217
01111000000		217
01100001010		217
01011000110		217
11011011001		216
11011010101		216
11001100100		216
10111001110		216
10010001010		216
00110011000		216
00110001011		216
11101100011		215
11101001101		215
11011101001		215
11010010110		215
11000101001		215
10110010110		215
10011110001		215
00111111010		215
00100001010		215
00011001000		215
00001100110		215
11011101100		214
10111011111		214
10110000001		214
01110111011		214
00111000101		214
00101000011		214
00010011010		214
11111000011		213
11101101101		213
11010001010		213
10111100100		213
10110001001		213
10100001011		213
10011001110		213
10010000100		213
01101001010		213
00111100010		213
00111000110		213
00110000001		213
00101000000		213
00011010101		213
11111000001		212
11101100010		212
11100010100		212
01111001000		212
01110110000		212
01101101101		212
01101000101		212
01100011101		212
00011101110		212
00010000100		212
11001010100		211
11000011000		211
10111001001		211
10110001110		211
10101000011		211
10011111001		211
01111000001		211
01100100110		211
11011000101		210
10111100011		210
10111000111		210
10110101010		210
01101111001		210
01101101010		210
00111100101		210
00011000111		210
00001010110		210
11010011011		209
10101101100		209
01100001000		209
00111010100		209
00110111010		209
11100101111		208
11011101110		208
10100000110		208
10000000101		208
01110101001		208
00100011101		208
11101111000		207
11101101011		207
11101010111		207
11010101001		207
10000000010		207
01111101100		207
01001111001		207
00110010100		207
00101100101		207
11100011101		206
10100010101		206
10001000100		206
11000000000		205
10110001010		205
01111111000		205
01010011010		205
01001000100		205
01000011010		205
00001101110		205
11010011001		204
10111110011		204
10100101011		204
00111001011		204
00100000001		204
10111011000		203
10110110001		203
10101000010		203
10011000110		203
01000011001		203
00111100000		203
00111001001		203
00100011001		203
00011000010		203
11100101011		202
10001101111		202
01001000101		202
11100111101		201
11100100001		201
11010011000		201
10110001011		201
10110000110		201
00101101111		201
11101101110		200
10101000001		200
01000001001		200
00011010110		200
00010011011		200
10100001000		199
01100000110		199
00111111000		199
01110111000		198
00110110000		198
00100011010		198
00100001001		198
00100000110		198
11100001000		197
11001001011		197
10111000101		197
10001000101		197
00110111001		197
00101000001		197
11010000110		196
10110101001		196
11111001000		195
11011000111		195
10100000111		195
01011100100		195
00111000001		195
00001000100		195
11101111001		194
10111010101		194
10110000101		194
10000011010		194
01100000010		194
00011101111		194
11100100000		193
00111001000		193
00010101000		193
11101101100		192
11100000100		192
00100000101		192
00011001001		192
11111000010		191
11011111001		191
11010011110		191
11001000110		191
11000000010		191
00100100010		191
00000010110		191
11110110000		190
11001101111		190
10111001010		190
10101000000		190
10010101000		190
10000101010		190
01110000011		190
00111101110		190
00110101110		190
00110100011		190
00100101010		190
00010000000		190
11011001110		189
00111001110		189
11011011000		188
10111100101		188
10101001001		188
10010000000		188
01110001000		188
01100101010		188
11101000000		187
11001101110		187
10011010100		187
00001010100		187
11010000010		186
11000000101		186
10110101110		186
10101001011		186
10101000101		186
01110011001		186
00010000010		186
00001101111		186
11101000111		185
10000100001		185
00100011000		185
11110100011		184
00011000101		184
11111101110		183
11101000001		183
11110011111		182
11010000000		182
10101001000		182
10011010101		182
01100001001		182
01010000010		182
01000101010		182
11110001011		181
11101010101		181
10011111000		181
10000000100		181
00001101010		181
11111011111		180
11100101010		180
11110101001		179
11010000011		179
10011101110		179
01100110001		179
01000000000		179
11101000011		178
10001000110		178
01100011010		178
00110000010		178
00101010110		178
11110000001		177
11011101010		177
11011011010		177
10100101110		177
10011100111		177
00110100010		177
10110011001		176
00101001011		176
11110001001		175
10111101111		175
10110010100		175
01110011000		175
01110001001		175
00110101001		175
00011001110		175
11111101101		174
11010001001		174
10101000100		174
10100000011		174
00011101010		174
00000000010		174
11110001101		173
11010011010		173
10111100010		173
01101100101		173
00110000101		173
11100110010		172
00111111001		172
00110101000		172
10010000011		171
11110011010		170
11100000000		170
11011000011		170
10100000010		170
11110101000		169
11101010110		169
11011101101		169
11000000011		169
11011010110		168
01001000111		168
11111010110		167
10011000011		167
01110011011		167
00110100000		167
11010101000		166
11000011010		166
01110011010		166
00111101001		166
00110011001		166
10100011001		165
11111101001		163
01100011000		163
00101000110		163
11110000100		162
11101001110		162
11011001001		162
11010001000		161
01000011011		161
00110000000		161
00001001110		161
00000000001		161
11100000010		160
11011101111		160
11011010100		160
01101000111		160
11010000001		159
10100011010		159
11100000011		158
10100011000		158
10000000001		158
01100000001		158
00111001010		158
11111111001		157
01100011001		157
00011000110		157
11110011000		156
11100011010		156
11100011001		156
10000000011		156
01101100001		156
00101010100		156
00000000100		155
10111000011		154
10101000110		154
11101000110		153
11100000001		153
10111010110		153
10101000111		153
11111010101		152
11001000101		150
11101000100		149
10111000100		149
01100101000		148
00000000000		148
11111000110		147
10110000000		147
10000101011		147
00100000000		147
11110011001		145
10110011000		145
00100000010		145
11000000001		144
00110000011		143
11101101001		142
11011000100		142
10100000000		142
00001000101		142
00110110010		141
11111001001		139
01000011000		139
01000000001		135
11100011011		133
00100101001		129
11011001010		127
11110000000		125
11001100110		122
01110000010		121
01110000000		121
00111000100		118
11011000110		116
11101001001		111
10010000001		111
00010000001		103
10111000110		98
01101000110		98
11011010001		74
10001010010		34
10000110101		31
11111010011		30
10001010011		30
11111010000		29
11110010000		27
10000110100		26
01001110111		25
00000110110		25
11001010011		22
11001010010		21
01001010011		21
11011010010		20
01111010010		20
00111010011		20
11110010011		18
10001010000		18
11010110110		16
01100010001		15
01000010010		15
10100010000		14
00110010011		14
00011010010		14
00000010011		14
01111010011		13
00101110100		13
00010010001		13
00001010010		13
11100010001		12
11000010011		12
10110010001		12
01000110111		12
00101110110		11
11110110101		10
00000110100		10
11110010001		8
10011010010		8
10000010011		8
01100010000		8
01011010001		8
00111010010		8
00000010001		8
11101010010		7
11100110101		7
11011010000		7
10110010000		7
10011010001		7
10010010001		7
01000110110		7
01000010011		7
00110110101		7
00100010000		7
00010010011		7
00010010000		7
11111010010		6
11110010010		6
11011010011		6
10100110111		6
01011010010		6
00011110101		6
11110110110		5
11000010001		5
10101010010		5
10100110100		5
10011010011		5
01100010010		5
01011010000		5
00101110101		5
00000110101		5
00000010010		5
11010010000		4
11000110101		4
10111010010		4
10100110110		4
10100010010		4
10000010010		4
01110110100		4
01100110101		4
01001010010		4
00110010001		4
00011010011		4
00011010001		4
11111010001		3
11110110100		3
11001010000		3
10110110101		3
10110010011		3
10100110101		3
10011010000		3
10010010011		3
10000010001		3
01111010001		3
01110010011		3
01110010001		3
01101010000		3
01100010011		3
01011010011		3
01010010011		3
01010010001		3
01010010000		3
01001010001		3
00111010000		3
00100010011		3
00011110111		3
00001010001		3
00000010000		3
11101110110		2
11101010011		2
11100110111		2
11100110110		2
11010010001		2
11000110111		2
11000010010		2
10111110101		2
10111010011		2
10110110111		2
10110110100		2
10101110111		2
10100010001		2
10011110111		2
10010010000		2
10000110111		2
10000110110		2
01111110100		2
01110110101		2
01101010010		2
01100110111		2
01100110110		2
01011110100		2
01010110110		2
01001010000		2
00101010011		2
00100110110		2
00100010010		2
00001110111		2
00001010011		2
00001010000		2
00000110111		2
11111110101		1
11101110100		1
11101010001		1
11100110100		1
11100010011		1
11100010010		1
11100010000		1
11011110100		1
11010110100		1
11010010011		1
11010010010		1
11001110111		1
11001110100		1
11001010001		1
11000110110		1
11000110100		1
11000010000		1
10111110111		1
10111110100		1
10111010000		1
10110110110		1
10101110110		1
10101010011		1
10101010001		1
10101010000		1
10100010011		1
10011110110		1
10011110100		1
10010110110		1
10010110101		1
10010110100		1
10010010010		1
10001110110		1
10001110101		1
10001110100		1
10001010001		1
01111110101		1
01111010000		1
01110010010		1
01101110101		1
01101110100		1
01101010011		1
01101010001		1
01100110100		1
01011110111		1
01010110111		1
01010110100		1
01001110100		1
01000110100		1
01000010000		1
00111110101		1
00111010001		1
00110110111		1
00110110110		1
00110110100		1
00110010010		1
00110010000		1
00100110111		1
00100110101		1
00100010001		1
00011010000		1
00010110110		1
00010110101		1
00010010010		1
