01010111111		1167
01010110011		1138
01011110011		1089
01010111010		1020
01110111110		1008
01010111011		1008
01010011100		993
01110111010		990
01011111100		947
01010011111		921
01011111010		899
01111011011		896
01110111111		877
01000011111		867
01010111100		853
01010111101		834
01000011110		829
00000111011		807
01000111011		798
01010110010		782
01011011111		771
01011001100		771
01010011110		758
01010011011		757
01011111101		755
01011111011		748
01011000000		737
00100011100		730
11110111011		727
01110001100		726
01010010100		725
01011110010		724
00010111010		707
01000111111		704
01010100011		701
01001011000		693
01011111111		692
01111111100		688
01001111101		679
01011011011		674
01111111110		673
01000001011		668
10000111100		667
01011011010		667
01010010111		659
01100111011		654
01010111110		653
00010110010		653
00000111100		653
01110100011		650
00000111010		650
01010011101		649
11010111111		645
01000011100		645
01001111011		644
11110111111		640
01100111111		639
11110001100		632
11000110011		632
00111110000		631
01110111011		627
01101111010		627
11110111010		626
10110111111		626
01000111100		625
01000110010		625
01001011011		624
10010111111		623
11101001010		622
11000011110		621
01010101010		619
01001110011		619
11110010111		618
11001111111		617
01010001111		617
01110111101		615
00010111011		615
01111110000		611
01000001010		608
10111111010		606
01110110010		606
01100011100		606
11011111101		605
01011011110		605
01100010100		596
00010011010		596
10110011100		595
01000011010		593
11010111011		592
11111011010		590
00111111100		589
01000001100		587
01110011110		584
00010111110		584
11111111111		583
00010111100		583
01110111001		580
01010111000		580
01001011111		580
01010001101		579
10011110010		576
01100011011		575
01001011010		574
11001110001		573
01111011000		572
01110110011		572
00011011101		570
00010011101		570
11100111111		569
10110111011		569
01100010110		568
10111111000		567
01111101111		567
11000111110		565
00111111011		563
11010111100		562
01001011100		562
01000001110		562
00110111111		561
11010001011		560
10001011100		560
00000111111		560
01111011010		559
01001111111		559
10101110000		558
10011011010		558
01101111110		557
01010011010		557
01001111110		556
01111011100		555
01110111100		555
01001011001		554
01100111010		553
01001110010		553
11101110000		551
11000111100		551
01110011100		551
11111110001		550
01000110001		549
00011011100		549
10000111010		547
11100001100		546
10110100000		546
00110111100		546
10111110010		543
10000011111		543
01010010101		542
01111001100		541
00111001100		541
11110011110		540
11001011111		540
10101011100		540
01011110000		540
01110001101		539
11111111100		538
01010100111		538
10011011011		537
01011001111		537
00110011100		537
00100111111		536
01010100001		534
11100011110		533
01010111001		532
01000111001		532
01101110011		531
10000111101		530
01000011101		530
11001110011		528
01111110011		528
11100011100		527
10101110010		527
01101111000		526
00010111111		526
11100111011		525
01000110011		524
00101110000		524
11011011111		523
10110111110		523
01001111100		523
00011111010		523
00011011010		523
01000111110		522
00011111101		522
11111011011		520
01011011100		520
01111011111		518
01011001011		517
01001011101		517
00110011011		517
01101110000		515
11011111100		514
10110011111		513
00111011100		513
10110111010		512
10100111010		512
10001011000		512
11010101111		511
10011001010		511
01111110010		510
01101011011		510
01010001100		510
01011101000		509
01000111101		509
00101011101		509
10111011011		508
01100011010		508
00111110011		506
11000011011		505
10100111111		505
11100111000		504
01010010110		504
00110111011		504
10111011101		503
01011001010		503
11111111011		502
10100001100		502
01101011100		502
00111111110		502
00000011101		502
01100111100		501
01011011000		501
10010111100		500
11101110011		499
11010011010		499
10010110011		499
01111111111		499
01001000000		499
00100111110		499
01011100010		498
11101110010		496
01111101011		496
10000011100		494
01111010100		494
01011100001		493
01010100110		493
00011110011		493
11011011100		492
01011011001		492
01011010111		492
01011010100		492
11001111110		491
01110100100		491
00111111111		490
10001011010		489
10100111011		488
10010110010		488
10000111111		488
01111111010		488
11110110010		487
01001011110		487
01011011101		486
11010011111		485
00111011011		485
11111010100		484
11011111010		484
11110100010		483
11000111111		483
11000011111		483
01111001111		483
01101100000		483
01101001000		482
11111111101		481
10010111101		481
01010101101		481
01010001110		481
00001011100		480
11101010100		478
10101111111		478
10000111110		478
01000010111		478
00100111010		478
00010100100		478
00000111110		477
11111100010		476
11001001100		476
01000001111		476
11100010110		475
10000001100		475
01110110000		475
01110011111		475
01100110010		475
11001011011		474
10010011100		474
01110111000		474
01110010101		473
10101111100		472
11010111110		471
11000001111		471
10110001100		471
10000011101		471
01100110011		471
01011000011		471
01010001010		470
11010011101		468
11011011011		467
10010011101		467
10011111011		466
10010111110		466
10001001101		466
01110010111		466
01101110010		466
11010111101		465
01010101011		465
11010011100		464
10011111100		464
00011110000		464
11111110011		463
11110111100		463
11101110001		463
10110001000		463
10001011011		463
00010110011		463
11000111011		461
01100010101		461
01110011011		460
00011111011		460
11000011100		459
10011011101		459
01101111111		459
01101111101		459
01010101100		459
00110111010		459
01111010111		458
10111110001		457
01110010100		457
01101111011		457
01001100010		457
11110011100		456
01001001100		456
11001011101		455
00110011000		455
00111101011		454
10011001000		453
01100001110		453
10111110000		452
01101001100		452
00101110010		452
11111001101		451
01011111000		451
01100100100		450
01010001000		450
01000111000		450
10001110010		449
01110101111		449
10011001011		448
01111111101		448
10000100100		447
01111101001		447
01011100000		447
01111111011		446
11001110010		445
10001001100		445
01101011101		445
00100101000		445
00011001100		445
11100111110		444
11010011110		444
11000111000		444
10100010100		444
10001011101		444
01111001010		442
11110101111		441
10001111100		441
01010110000		441
01000010100		441
11111011110		440
11110010110		440
11000011101		440
00010110000		440
11101001100		439
11010010111		438
10100111100		438
01011001000		438
00001111111		437
11100001011		436
01000011011		436
10111001101		435
11111011100		434
01111011101		434
01110100101		434
01000111010		434
11101011110		432
10101110011		432
01110001110		432
01000010101		432
11100011010		431
11011101000		431
11000010100		431
00010011100		431
01111001011		430
01100001100		430
01010110001		430
01001000001		430
00011101000		430
11110000110		429
10010010101		429
01100011111		429
01011000010		429
11110001110		428
01111011110		428
01110101110		426
11011110010		425
01111011001		425
01101011001		425
01011110001		425
01000001101		425
00011011000		425
11000111101		424
10111111111		424
01101000010		424
01010100010		424
10111111001		423
10100011110		423
10000011011		423
01100111001		423
00011100000		423
11010110011		422
10011001101		422
01011111001		422
01001100100		422
01001100000		422
01111010110		421
01111000010		421
01100100000		421
01010100100		421
00010011110		421
10000110011		420
10111001100		419
10011011100		419
10010010110		419
10001110001		419
00100011011		419
00010010100		419
00000011110		419
10111111011		418
01110000100		418
01011100011		417
00001011000		417
11100011011		416
10001101011		416
01011000001		416
00100011110		416
00010100000		416
01000110000		415
11110110011		414
10110011101		414
01011101101		414
01010000111		413
01000100101		413
00110110011		413
00000110011		413
11010100100		412
11010001100		412
10111011010		412
10101110001		412
10010001011		412
10001011001		412
11000001110		411
00000011100		411
00100111011		410
00001100001		410
11000010101		409
10101010100		409
10011111110		409
01111111001		409
01010011000		409
11011101011		408
10101011000		408
01000101100		408
00100111101		408
01010100000		407
01001001000		407
10010111011		406
01011111110		406
10101001100		405
10010011110		405
01010100101		405
00010001101		405
11111011000		404
11100111100		404
10110111000		404
10000010100		404
00101111100		404
11101011011		403
11001101000		402
11000001010		402
01001001101		402
00001111000		402
00001011101		402
11110100110		401
11010000100		401
11001111011		401
11111110010		400
11010011011		400
10100111000		400
01101101000		400
01010011001		400
00100101100		400
11111001100		399
11000001011		399
01111001110		399
00010000000		399
11100001110		398
10111101001		398
10001001000		398
01011101100		398
00100111000		398
11110011101		397
01010101000		397
00001111011		397
11110001111		395
01111100011		395
01000001001		395
10011011001		394
10010011010		394
01100111110		394
01100010111		394
00011000000		394
00000011000		394
11000010110		393
10000001010		393
01110001010		393
00111011010		393
10011111111		392
10011100000		392
00010011111		392
00000010101		392
10101111101		391
01001110001		391
00100111001		391
00010001100		391
00001001100		391
10001111000		390
10111111101		389
00111010100		389
10100111110		388
10000001101		388
00100110010		388
10111000000		387
10100110000		387
10011111010		387
01101000000		387
00010111101		387
00010110001		387
11111001010		386
11011011010		386
11011011000		386
10100011111		386
10010000111		386
01010001011		386
01000101101		386
11010001010		385
00110001000		385
10000111011		384
01011001110		384
00000011001		384
01110011101		383
11110100100		382
11001011100		382
10001111101		382
00110101101		382
11111111010		381
11100011000		381
11010100000		381
11000100101		381
01100110001		381
00111011000		381
00010011000		381
00000110001		381
10011011000		380
01011010110		380
11100001111		379
01100011110		379
00110000100		379
00101001101		379
00101011100		378
00100011010		378
00000011111		378
11110111101		377
10010011001		377
01010101111		377
00101111000		377
00001111110		377
10111011100		376
10010011111		376
10010001111		376
10000110010		376
01011001101		376
11111111000		375
10001110011		375
01100110000		375
11100110000		374
11011011110		374
10010001100		374
01101000001		374
01000011001		374
00110111101		374
10010110000		373
10001011111		373
01110101000		373
00011111001		373
11100011111		372
01110010110		372
00100111100		372
10010011011		371
11000001101		370
10111111110		370
01111101101		370
00110011101		370
00110001110		370
00100010100		370
00011111110		370
11000110010		369
11000100100		369
10010011000		369
01010000000		369
01000100011		369
01000100010		369
11111000000		368
11010001110		368
10101111011		368
01010000110		368
10011101001		367
01100001111		367
00111001101		367
10000011110		366
01111100000		366
01000100110		366
11010111010		365
10101011101		365
10011110011		365
10011001111		365
10001111111		365
01101001101		365
00111011111		365
00110110000		365
00100101111		365
11010001111		364
01010101110		364
11111111110		363
11000110000		363
01110101101		363
10110110011		362
10001101001		362
01011101001		362
00111111010		362
00011001011		362
01101000011		361
00001001000		361
11010100111		360
11010100110		360
11001011110		360
10101100010		360
10101011001		360
10000001011		360
01111100010		360
01100100101		360
00100001100		360
00000010100		360
11111001111		359
11110100111		359
11011110011		359
01010000100		359
01000101111		359
00111011001		359
00110010111		359
00101011001		359
10001000000		358
01111100101		358
01000000111		358
11001111100		357
10111100001		357
10110111100		357
01001010111		357
00000110000		357
11110111110		356
11100111010		356
11010111000		356
01111001101		356
01110101010		356
11101111010		355
11101011000		355
11001111101		355
10100001110		355
01001010110		355
00111110001		355
00100001101		355
11101111111		354
11001100111		354
11000010111		354
01000100100		354
00110001111		354
00101111101		354
00010111000		354
00000001100		354
11011111111		353
10101011010		353
10011000000		353
01011101010		353
00110100001		353
00011011111		353
00000001001		353
11110100000		352
10111111100		352
01011010101		352
11011010111		351
11001001000		351
10100100000		351
00111111101		351
11011011101		350
10100011011		350
10010111010		350
01101001110		350
00011111100		350
01000011000		349
01010000101		348
01000000100		348
00010101100		348
00000101010		348
11011000010		347
10101011111		347
10001101100		347
10000110000		347
10000100101		347
01110101100		347
01011000100		347
01000000011		347
00110111000		347
00101001001		347
00011001101		347
11101011100		346
11011001011		346
11010010100		346
10111100000		346
10110100011		346
01110100010		346
00011111000		346
00010111001		346
11011001100		345
01000010110		345
00111001001		345
00111000000		345
00101100010		345
00011110010		345
00001111100		345
11110011011		344
10101111010		344
10001111011		344
01101010110		344
11101001000		343
11001111010		343
01000101000		343
00110001101		343
11101100000		342
11011111011		342
01101011010		342
00011100011		342
00000100100		342
11011111110		341
11010110010		341
11000101001		341
10111010100		341
01100011000		341
10100011100		340
10011001100		340
01110001111		340
00011011011		340
00010001111		340
00001011011		340
11111100000		339
11110011010		339
11110010101		339
11110001010		339
11001011001		339
01101011111		339
01010101001		339
00111110010		339
00011011001		339
11000000100		338
10011110000		338
10011101101		338
01001110000		338
00100011111		338
11110000111		337
10000111000		337
00101011010		337
00101011000		337
11001000100		336
10100011001		336
10000101000		336
01111110001		336
01101011110		336
01001010100		336
00011111111		336
00000001101		336
01111111000		335
00110011010		335
00011100001		335
11101111101		334
01110011010		334
00111011101		334
00100001110		334
00001110010		334
11101011111		333
10000000111		333
01100111000		333
01011101110		333
01011101011		333
01000100001		333
00101011111		333
10110010111		332
10000100010		332
10000001111		332
11111001011		331
11100110001		331
10101111000		331
01111101000		331
00101110011		331
00100110000		331
11011000011		330
11010100101		330
10001011110		330
01111101100		330
01100001011		330
01000000101		330
00001011001		330
11010100001		329
10100001010		329
00000101011		329
11101111100		328
11100110011		328
11111101011		327
11000111010		327
10110110000		327
10110001101		327
10010001110		327
10001001001		327
00100010110		327
00100001010		327
00010001110		327
10100100111		326
10010101101		326
10001001010		326
01111101010		326
01100000111		326
00111001111		326
00101111011		326
00111100100		325
11111100011		324
11100010101		324
11011110001		324
10101100001		324
10100100001		324
10011001001		324
10001110000		324
00010010101		324
11101011001		323
10110101100		323
10100110010		323
10100011101		323
10011101100		323
00000001010		323
11111110000		322
10100101100		322
10001001110		322
00111111000		322
00001011010		322
11101000000		321
11100011101		321
11010101100		321
10100110001		321
01100100001		321
01100000011		321
11101010111		320
10101100101		320
01110100110		320
01011001001		320
00110011110		320
11011000000		319
11001001110		319
10001111010		319
11100100011		318
11001000000		318
01001001011		318
01000101110		318
00101111110		318
00011011110		318
11111010111		317
11011100011		317
11011001000		317
10101100011		317
00101111010		317
00101001010		317
11111101100		316
10110001111		316
10101100000		316
01100000010		316
01001000010		316
00110101011		316
00101100001		316
00101011011		316
00000001000		316
11111011001		315
11001100010		315
11000110001		315
10111101000		315
10110000010		315
01110110001		315
01001001111		315
01000000110		315
00101010111		315
11101100010		314
10000011010		314
01101100010		314
00010001011		314
00101110001		313
11101111110		312
11011100100		312
11011000111		312
10110111101		312
10110011000		312
10000011001		312
01001101100		312
00111100011		312
00110111110		312
00010101010		312
00010100011		312
10011000101		311
01111101110		311
00100110011		311
11111011111		310
10010101100		310
00100100110		310
00000111101		310
11110101110		309
11001101001		309
10010111001		309
11100100100		308
11011100001		308
10100101101		308
01110100001		308
01101001111		308
01101001011		308
01100001010		308
01000001000		308
00101101011		308
00001001101		308
00000111000		308
01110000110		307
01101000100		307
00101111111		307
10011011110		306
10000101101		306
01111100111		306
01100100111		306
00011010100		306
11011001101		305
11010001000		305
11000001100		305
10100111101		305
10010010111		305
01100111101		305
00110110001		305
11001101010		304
10011000100		304
11111101010		303
11110111000		303
10101011011		303
10100100110		303
01001101000		303
00111001011		303
11000100011		302
10011000010		302
01101101001		302
01001010101		302
00000011011		302
11111001110		301
10100110011		301
10000010101		301
01111000111		301
01001100011		301
11011010110		300
01110000010		300
11111101000		299
11100101110		299
11001110000		299
11001001101		299
10111000001		299
10110001010		299
10001100000		299
00100110001		299
11110101100		298
11001101011		298
01101111100		298
00011101100		298
11110100011		297
11000100110		297
01001000011		297
11001011010		296
10011000111		296
10001100010		296
10000010110		296
01111100001		296
10111011111		295
10101011110		295
10100011010		295
10001100001		295
01110100111		295
01110011000		295
00011001000		295
00000101000		295
00000011010		295
10111100011		294
10101001000		294
00011101011		294
11010011000		293
11001001111		293
10111011110		293
10010100101		293
11100001101		292
11000001001		292
10010010100		292
10001111110		292
01100000100		292
11000001000		291
01111001000		291
01101111001		291
01100101111		291
00110001001		291
00000101101		291
11100101101		290
10011101011		290
10001000010		290
01001100001		290
11111011101		289
11011101101		289
10110001011		289
10010100100		289
00110101010		289
00110010101		289
00001110000		289
11110011111		288
10110101101		288
01100101100		288
01010000010		288
00011010111		288
00010100101		288
11101001011		287
10100010110		287
10011011111		287
11110111001		286
11001011000		286
11001010101		286
10111001010		286
10000010111		286
00010011011		286
11100000110		285
11011101100		285
11011001010		285
10111101010		285
01111010101		285
11101011010		284
10110110001		284
10010001101		284
10000111001		284
00111101010		284
00010001001		284
11001100001		283
10110011010		283
10101001101		283
10100100011		283
01000100111		283
00110100101		283
11001000011		282
11001000001		282
10010100000		282
11111001000		281
11000111001		281
10111001110		281
10100111001		281
10010100111		281
00100011101		281
00010001000		281
11000000110		280
10100001000		280
01110100000		280
01100101110		280
00100101110		280
10001010100		279
10001000011		279
00111101100		279
00100011000		279
00100001011		279
00000100101		279
11101111011		278
11101000001		278
10101000000		278
10100010101		278
10100001111		278
10010100011		278
01111000000		278
01110001000		278
01100001101		278
00111011110		278
00100010101		278
00010011001		278
11011110000		277
01110001001		277
00110101100		277
00010010111		277
10110110010		276
01101011000		276
01101010100		276
00110101111		276
00011100111		276
00010100001		276
11001001010		275
11000101111		275
10111101011		275
10100011000		275
10011111101		275
10011000001		275
01111000100		275
01001111010		275
01001000100		275
00101001000		275
11111000101		274
10010100001		274
01011100100		274
00110001100		274
00100100101		274
00100001111		274
00001110011		274
11111100111		273
11000100000		273
10101001010		273
10100101000		273
10001001111		273
01001100101		273
11110101011		272
11100101000		272
10110000100		272
10101111001		272
10101101000		272
01100000000		272
00111101111		272
00101001110		272
11011011001		271
10111010101		271
01010000011		271
11101111001		270
11100010100		270
11011010100		270
11000101010		270
10101100100		270
00110011001		270
11101101101		269
11011100010		269
10101111110		269
01100101011		269
00010101000		269
10111101101		268
10011101000		268
10010001010		268
10001000001		268
10000101001		268
10000001000		268
01111000011		268
10011110001		267
10000101100		267
01110000001		267
01100011101		267
00001100011		267
10011101010		266
01110101011		266
11100111101		265
11100000111		265
10110101010		265
10011001110		265
10001010101		265
01000101001		265
00100100100		265
10101010101		264
10010101110		264
10001100100		264
01110001011		264
00000001111		264
10000001110		263
11101001110		262
11101000101		262
11100011001		262
11001001011		262
10111011001		262
11111000001		261
11100010111		261
11001111000		261
10110011011		261
10100101111		261
01011000111		261
11111100110		260
11010001001		260
01111000001		260
00100100011		260
11110100001		259
11011100111		259
01111000110		259
01101001010		259
00000110010		259
00000101100		259
11110000011		258
11011000001		258
10000110001		258
10000000101		258
10000000000		258
01011000101		258
11111100101		257
11010100011		257
11010010110		257
10101001001		257
01000100000		257
00011100110		257
00001100000		257
10110011110		256
10100101010		256
10100010111		256
10100001101		256
10010000101		256
01111001001		256
01011100110		256
01011100101		256
00001011111		256
11110010100		255
11011001111		255
01100100010		255
00111001010		255
00101011110		255
11111001001		254
11100100010		254
11010000011		254
10111000101		254
00101010101		254
10101101001		253
01110000111		253
00111010111		253
00111010101		253
00100100000		253
11111000011		252
11101101010		252
11100100111		252
11010001101		252
10000100000		252
01100101001		252
00101001100		252
00001000100		252
11110110000		251
11100100001		251
10111000010		251
10110100010		251
10101001011		251
00101100000		251
00100011001		251
00010001010		251
11111000010		250
10111110011		250
10100100101		250
10010001001		250
10000001001		250
01110000011		250
01101010101		250
00110100000		250
00000100010		250
11101010101		249
11011100101		249
11011100000		249
11010000110		249
10100000100		249
01101001001		249
00000101001		249
00000001110		249
00000001011		249
11110001011		248
11110000010		248
11011000101		248
11001010100		248
10011010101		248
01101101101		248
01101100011		248
11111010101		247
11101100011		247
11101010110		247
10010000010		247
10001101010		247
01101101111		247
00100010111		247
01001001110		246
01000000010		246
00110010110		246
00101100110		246
00011001001		246
00001110001		246
11011111000		245
10110010101		245
11101111000		244
11001101100		244
10111011000		244
00111101000		244
00110100110		244
00000100110		244
10110101011		243
10101000010		243
10010101001		243
01101100100		243
01101100001		243
01001001010		243
00110010100		243
11110100101		242
11001100000		242
10111001011		242
10001101110		242
01001101001		242
01001001001		242
00100100001		242
11010000101		241
10100101001		241
10001001011		241
01110000101		241
01101000101		241
01001100111		241
00111111001		241
00010010110		241
11100001010		240
10110010110		240
10110000011		240
10011100100		240
01100100011		240
00110000010		240
00100001000		240
00011101101		240
00011101001		240
11111101111		239
11011101001		239
10111101100		239
10110100111		239
10001101101		239
01100101101		239
00011000001		239
00001111101		239
11010110000		238
10011010111		238
10011010100		238
00111100000		238
11101100111		237
11101011101		237
01100001000		237
11010000111		236
11000011000		236
10110101110		236
10010000110		236
00100000110		236
00001001011		236
11101001001		235
11000000111		235
00101000100		235
11100001001		234
11000101101		234
10110100110		234
10100001011		234
10010111000		234
10000101110		234
01101101110		234
01010001001		234
01001111000		234
00110001011		234
00001000000		234
10001100101		233
10001010110		233
01011100111		233
00110001010		233
00001001001		233
00001000001		233
01111100110		232
11010101101		231
11010000000		231
11000101011		231
10111010111		231
01101100110		231
01001101111		231
10101001111		230
10101000100		230
10100001001		230
10000100110		230
01001101101		230
00110101000		230
00001010110		230
11101100100		229
11100111001		229
11000100010		229
10111001001		229
10101101011		229
10101001110		229
10100100010		229
10100000101		229
00101000011		229
00101000000		229
00011110001		229
00001111010		229
00001101001		229
11100101100		228
11011100110		228
11001111001		228
11000000011		228
10110100100		228
10101101100		228
00100000100		228
00010000100		228
11110101010		227
11010111001		227
11010101110		227
10100100100		227
10010000011		227
01111000101		227
01000101010		227
00110100010		227
00101101010		227
11100110010		226
10001101000		226
10000011000		226
00100000101		226
00010000111		226
00001011110		226
00000000101		226
11010110001		225
10110010100		225
10101010110		225
01111100100		225
01101101011		225
01100101000		225
11110001000		224
11010101000		224
11000100001		224
11000000010		224
10000100011		224
01110101001		224
01011101111		224
00111000110		224
00111000011		224
11111000111		223
11110000100		223
11000101110		223
10100000001		223
10001111001		223
00001101100		223
11101001101		222
11000011010		222
10111000100		222
00101101000		222
00010000101		222
10110101000		221
01101100111		221
00011000010		221
00001010101		221
11110101000		220
11101101110		220
11000011001		220
10111001000		220
00111000101		220
00110110010		220
00110100111		220
01100100110		219
00111001000		219
00111000001		219
00110011111		219
00001111001		219
11011101010		218
10111000011		218
10100000110		218
10000100111		218
11100001000		217
11011111001		217
10010100010		217
01100000101		217
11110110001		216
11110101101		216
11001000010		216
01000101011		216
01000000000		215
11111100100		214
11111010110		214
11100100110		214
11000101000		214
10110100001		214
10000000010		214
11111100001		213
11101001111		213
11010000010		213
11001001001		213
10110101111		213
10000100001		213
11010101011		212
11001010111		212
10011101111		212
00100101101		212
10011100101		211
01001111001		211
00110100100		211
00001101101		211
01101110001		210
00011001010		210
11111000100		209
10011010110		209
00101111001		209
11101100001		208
11010010101		208
10110001001		208
10001000100		208
01101100101		208
00111010110		208
00011100010		208
00000010110		208
11111101001		207
10110001110		207
01100011001		207
00110100011		207
00011000011		207
11011001110		206
10110000101		206
10101010111		206
00111101101		206
00011010101		206
00101001111		205
00011101010		205
00001000011		205
00000010111		205
11000100111		204
10100000111		204
01110011001		204
00001100010		204
00001010100		204
11100101111		203
10110000111		203
10101101101		203
10011100011		203
00111100110		203
00110101110		203
11101101011		202
11010101010		202
11001100100		202
10010110001		202
00101000010		202
11001010110		201
00110000001		201
00010000011		201
10111000111		200
10011100010		200
10011100001		200
00111001110		200
00110000101		199
00010101011		199
00101000001		198
00100000001		198
00011001111		198
00010100111		198
11100000101		197
00110101001		197
00000111001		197
10011111000		196
10011100111		196
10010001000		196
00101100011		196
11100000100		195
10101000001		195
01101101100		195
01100001001		195
00001100100		195
11101101100		194
11100100000		194
10010000100		194
00101101101		194
11100100101		193
10010101111		193
01001101110		193
00101010110		193
10010101010		192
11110001001		191
01001101010		191
00101010100		191
11100000010		190
11100000001		190
11011010101		190
10110011001		190
10001100011		190
01100101010		190
00011000100		190
00001010111		190
00000000000		190
11111000110		189
11001000101		189
10001000101		189
10000101010		189
00100000011		189
00101000101		188
00100101011		188
10101000011		187
00011000110		187
00010101111		187
00000000011		187
11111111001		186
11011001001		186
10111100010		186
10010101000		186
10001010111		186
00101100111		186
00001101000		186
11010100010		185
11000101100		185
10111100111		185
10110100101		185
00010000110		185
00001101011		185
00000000110		185
11001101110		184
00100101010		184
10111001111		183
00010100110		183
11110000101		181
11101101000		181
11101000110		181
10110000000		181
10010100110		181
00111100101		181
11010011001		180
00010101001		180
00000000111		180
11010101001		179
10000000001		179
00011101111		179
00011100101		179
11111101101		178
10110000001		178
10100000011		178
10011111001		178
10011000011		178
10001100110		178
00000101110		178
11101101111		177
10000101111		177
01101010111		177
00111000010		177
00100100111		177
10100000010		176
00101100100		176
00011000111		176
00000100000		176
11111101110		175
11101100101		175
00101101001		175
11000000101		174
10100101110		174
01001101011		173
00010101101		173
11100101010		172
10000000100		172
00100000111		172
00001100111		172
00100100010		171
00011101110		171
10100000000		170
10011100110		170
00100000010		170
00000100001		170
01100000001		169
00011000101		169
00010000010		169
11110011000		168
00111101110		168
10010000000		167
00001000101		167
11110001101		166
11011000100		166
11001101111		166
11001000111		166
10101101010		166
00111000100		166
10111010110		165
10110111001		165
00110111001		165
00001000010		165
11000000000		163
00111100001		163
00001001010		163
00000000010		163
10101100111		162
01101101010		162
11010000001		161
00001100101		161
11101000111		160
10101101110		160
00101100101		160
00101000111		160
11101000100		159
00111101001		159
00010100010		159
00000000100		159
00000000001		159
10111100100		157
10101101111		157
01001000110		157
00100001001		157
11100101011		156
11101000010		155
10011000110		155
00100101001		155
11101000011		154
10111101110		153
10111100110		153
00010101110		153
11001100011		152
00011010110		152
10111100101		151
01100000110		150
11011101111		149
01001100110		149
00001001111		149
11110101001		148
11001100101		148
10110101001		148
00101101100		148
10011101110		147
10001101111		147
00111100010		147
00101001011		147
00011001110		147
00000100111		147
10001100111		146
00001101010		146
10010101011		145
00110000110		144
10000101011		143
11001101101		142
10110000110		142
00111000111		142
00110000000		142
00000100011		142
11001000110		141
10100101011		141
11110000000		140
11011000110		139
00100000000		139
00001101111		138
10111101111		136
00110000111		136
10000000110		135
01011000110		135
01010000001		135
01110000000		134
11101100110		133
11100000000		132
11101101001		131
11011101110		129
10111000110		129
11000000001		128
01001000101		128
00111100111		127
11100000011		126
00011100100		126
10101000101		124
01101000111		122
10001000110		121
00000101111		120
00110000011		119
10000000011		118
00101101111		118
00001001110		117
00001000110		116
01000000001		115
00010000001		115
11100101001		111
10101100110		110
10101000110		110
11110011001		108
10101000111		107
10010000001		107
01101000110		104
00001101110		103
11110000001		102
00101101110		99
00001100110		98
00001000111		96
01001000111		84
10000110100		75
00101000110		72
11001010010		68
10001000111		64
11001100110		63
01101010011		51
11011010001		43
10100010000		43
00100010000		42
00010010011		41
01000110111		38
11001010011		37
10001110101		37
11010110110		35
01001010011		32
00010010001		31
10001010000		29
11110010011		28
01100010011		28
00001010010		28
11101110100		27
11111010011		26
11000010001		26
01100010001		26
10101110111		23
10101010010		23
01100010010		23
01001110111		23
11000010011		21
10110010001		21
11100010001		20
10010010001		19
10001010010		19
11111010000		18
10100110111		18
01101010000		17
00111010011		16
00000010010		16
10000110101		15
01100110101		15
01001010010		15
01110110100		13
01001010000		13
00101010000		13
11110110110		11
11110010000		11
00010010000		11
10011010011		10
01101010010		10
00111110100		10
11110110101		9
11101010011		9
10100110100		9
00011010010		9
11111010001		8
00101110100		8
00101010010		8
00100010001		8
00010010010		8
11011010000		7
11000010010		7
10001010011		7
01100010000		7
00110110111		7
00100010010		7
00011010001		7
00000010001		7
11000010000		6
10101010011		6
10000010011		6
01111010011		6
01111010010		6
01111010000		6
01011010011		6
01011010001		6
01011010000		6
00111010000		6
00110010001		6
00011010000		6
11111010010		5
11100010000		5
11011110101		5
10011110111		5
10011010010		5
10010010000		5
10000110111		5
10000010001		5
01110010001		5
01010010010		5
01010010001		5
01000010010		5
00111010001		5
00001010011		5
00000110110		5
11110110111		4
11101010001		4
11010010001		4
11010010000		4
11001010000		4
10111110110		4
10111010011		4
10110010000		4
10100010001		4
10011010001		4
10010010011		4
10001110100		4
01110010011		4
01110010010		4
01010010000		4
01000010001		4
00110010011		4
00101110110		4
00101110101		4
00000110111		4
00000010000		4
11101010000		3
11100010011		3
11100010010		3
11011110100		3
11011010010		3
11001110111		3
11001110101		3
11001010001		3
11000110100		3
10111010000		3
10110110111		3
10101010001		3
10100010010		3
10011110110		3
10001010001		3
01111110100		3
01111010001		3
01100110100		3
01011110111		3
01011110101		3
01010110111		3
01010110110		3
01010010011		3
01000110100		3
01000010000		3
00110110100		3
00110010010		3
00101010001		3
00011010011		3
11110010010		2
11110010001		2
11101110111		2
11100110111		2
11011010011		2
11010110111		2
11010010011		2
11001110100		2
11000110101		2
10111110111		2
10111010010		2
10111010001		2
10110110100		2
10101110110		2
10100110110		2
10100010011		2
10011010000		2
10010110100		2
10010010010		2
10001110111		2
10000010000		2
01110110110		2
01110110101		2
01101110111		2
01101110100		2
01101010001		2
01011010010		2
01001010001		2
01000110110		2
01000010011		2
00111010010		2
00101010011		2
00100110111		2
00100110110		2
00011110111		2
00011110100		2
00010110110		2
00010110100		2
00001010001		2
00000110100		2
11111110111		1
11111110110		1
11111110101		1
11110110100		1
11100110110		1
11100110100		1
11011110111		1
11010110100		1
11000110111		1
11000110110		1
10111110101		1
10111110100		1
10110110110		1
10110110101		1
10110010011		1
10101110101		1
10101110100		1
10101010000		1
10011110100		1
10010110111		1
10010110110		1
10010110101		1
10000110110		1
10000010010		1
01110010000		1
01101110101		1
01100110111		1
01011110110		1
01011110100		1
01010110101		1
01001110110		1
00111110111		1
00111110110		1
00110110110		1
00110010000		1
00100110101		1
00100110100		1
00100010011		1
00010110111		1
00010110101		1
00001110111		1
00001110110		1
00001110101		1
00001110100		1
00000110101		1
00000010011		1
