10001001101		539
00000001011		406
00000111011		378
01010000111		376
11000011110		366
01010100111		365
01010001111		339
10101100011		332
10011100110		317
01011111100		316
01000011110		310
01100111111		304
01000101101		302
11101111101		292
00111110011		287
00000100100		284
01010011110		278
00000001111		276
11010000110		269
11111111100		267
10010100111		263
01000100100		257
10010100001		255
10010000111		254
00010111101		254
00011010100		252
11111111110		249
00000000110		248
11001011110		247
01001110011		247
11111011100		244
10111011101		242
11111011101		241
10000001100		241
00000100000		240
00111111000		239
01011001011		237
10100011110		235
01111111001		235
00000001101		233
00010010111		232
01001001100		231
00010011010		231
11011111010		230
11011000010		230
00111011100		230
11001011010		229
01011110011		229
01000001100		228
11101011001		227
01111010110		227
01111001111		226
10111011111		225
00010000011		225
00001011011		223
11011100111		221
00111100011		221
00000100010		221
01000001010		219
10000111011		218
10101111100		217
00000001010		216
01001011110		215
10001100101		214
01110011101		214
01001100110		214
01010100011		213
00010011101		213
00001001100		213
01011111011		210
00111000010		210
01101101110		209
00111100111		209
00001001101		209
01010000001		207
00100111010		207
01011000111		206
00101111011		206
10011010100		205
00000000000		205
01111011010		204
00011001011		204
00001001111		204
01110100110		203
01011100011		203
01011011110		203
01001110010		203
00011100111		203
10001011011		202
01001011111		202
11010100000		200
10111111011		200
11001011101		199
10100100101		198
01011000000		198
01010100101		198
01101010110		197
01011001111		197
00000011011		197
10100111111		196
01010110011		196
10101011011		195
01101100111		195
01011011010		195
01001011000		195
00011011000		195
01011100010		193
11001011011		192
00001001010		192
10110011101		191
10001110000		190
01100010100		190
01011101011		190
00000101010		190
11001001110		189
01110101101		189
01000100101		189
00101111000		188
11101001100		187
01011111010		187
01010000011		187
00100111101		187
10101011000		186
10010110010		186
10000000000		186
01111101000		186
01010001101		186
11011011111		185
10000001011		184
01110011110		184
11010111001		183
10100100100		183
01001001101		183
00111011011		183
11000000001		182
01100011100		182
10001001100		181
01110001110		181
00110010110		181
10001011110		180
10000001111		180
01100001111		180
01000100111		180
11111011110		179
11011011100		179
11000101100		179
00000011000		179
11000100111		178
01111110010		178
01000001110		178
00000100011		178
00111000111		177
00001110010		177
10001000010		176
11101101000		175
11011101001		175
10101011111		175
01111100101		175
00000001001		175
10010011101		174
10001001111		174
10000100010		174
01111011111		174
01000100110		174
00111001100		174
00101101100		174
00001011111		174
00000101000		174
10010001111		173
10001110001		173
10000001101		172
01111111010		172
00010001101		172
11010001110		171
10111000101		171
10000100011		171
01000011111		171
10011100011		170
10011100001		170
10001101011		170
01010010111		170
01010000110		170
01001111100		170
01001011101		170
00001111111		170
11011111101		169
11001111111		169
10001110010		169
10000111100		169
00000011111		169
10001010111		168
01110111001		168
00100100011		168
00011001010		168
01011001101		167
01010100010		167
01001100010		167
10001110011		166
10000010100		166
01110011100		166
01011111101		166
00101101101		166
00100011100		166
00100001011		166
00000111111		166
00001100011		165
11001100000		164
10101110000		164
10010001100		164
10000110001		164
01011000001		164
01000001111		164
00110001011		164
11111111010		163
11111100101		163
11111000100		163
11110011101		163
11000111110		163
10110100010		163
01001101001		163
01000011101		163
10100111100		162
10010011011		162
00111111101		162
11110111111		161
11011100001		161
11000100100		161
10001001110		161
11101011010		160
10010011111		160
01000110010		160
00110010111		160
00110000110		160
00010111011		160
10010101010		159
11111011000		158
10001100011		158
10001011010		158
01011000010		158
00111001011		158
11101011000		157
10011110010		157
10000001000		157
10000000010		157
01001100111		157
00000000001		157
10001011111		156
10001011100		156
01000111101		156
01000100011		156
00111011010		156
11100110011		155
10111000100		155
10100100000		155
10000100101		155
01110100101		155
01110010100		155
00000100001		155
11011000000		154
11000101101		154
10110011111		154
10001100010		154
01100001110		154
01000001011		154
11000001011		153
10011010110		153
10010111100		153
01100100111		153
01010100110		153
01010011101		153
01001111011		153
00011000101		153
00011000100		153
00000101101		153
11100100100		152
10111111110		152
10111100011		152
11101001101		151
10010111111		151
10000001001		151
01111100000		151
01110111010		151
00000011101		151
11000111111		150
10100111101		150
01010001000		150
00011000000		150
11000001101		149
10101110001		149
10101011010		149
01011001100		149
00100100110		149
11100011110		148
11001110010		148
10101101000		148
10011011110		148
01110111111		148
01100110011		148
00111110000		148
11111100011		147
11111001000		147
10011001000		147
01111000010		147
01100000011		147
01011101101		147
00110100011		147
00101100111		147
00010110000		147
11111100110		146
11110101011		146
11101100100		146
11011011000		146
11001011111		146
11000100110		146
10101101100		146
10001111100		146
01101001110		146
01011011111		146
01000101001		146
00100111110		146
00010011111		146
00001100111		146
11110011110		145
11010001111		145
10000111111		145
01100100100		145
01011101010		145
01011101000		145
01011000100		145
01001010111		145
01001010110		145
01000000100		145
00011011110		145
01011111111		144
01011011101		144
01000100010		144
11000111011		143
10101100001		143
10011101001		143
10010111101		143
01111111101		143
01111001010		143
01111000101		143
01011101100		143
01010101110		143
01001100101		143
00001101011		143
11111111111		142
11101100101		142
11001101001		142
10011101111		142
10001001010		142
01011010110		142
00001101001		142
00000011110		142
00000001000		142
10101010111		141
01011100000		141
01000101100		141
11001110001		140
11001100001		140
11000101010		140
01110011000		140
01010001100		140
00111000110		140
00010011100		140
00000001100		140
11111001100		139
11100011100		139
11000100011		139
11000001100		139
10111111001		139
10101001001		139
01111011011		139
01110100010		139
01110001011		139
01000111001		139
00111000101		139
00100111011		139
11110000000		138
10011111010		138
01000011100		138
00111011001		138
00101001001		138
00011110000		138
00001010111		138
11111100001		137
11010001011		137
11000110001		137
01110101100		137
00111001111		137
00101000100		137
11111000110		136
11010110010		136
11001001100		136
11001001011		136
10111101010		136
10110001110		136
10101000000		136
10000101100		136
10000100111		136
01101001101		136
01010101100		136
01000000111		136
00110111010		136
00100100100		136
00010011001		136
00000001110		136
11111110010		135
11110000110		135
11100111111		135
11100001101		135
11100001100		135
11011010110		135
11000100101		135
11000011111		135
10000111101		135
01111100001		135
01101001010		135
01000111111		135
00010011110		135
11001001101		134
10110110000		134
10101011110		134
10011100101		134
01110111101		134
01001100000		134
00101000011		134
11011101000		133
11010100111		133
10111101101		133
10000011111		133
01111011101		133
01011001010		133
01001011100		133
00101111100		133
00011100110		133
00000100111		133
11110010110		132
11011000111		132
11001001010		132
10011001111		132
10010100011		132
10000000110		132
01100111010		132
01010111011		132
01010100100		132
01001100011		132
00011111010		132
00010110010		132
00010101011		132
00010001111		132
11111001011		131
11110110001		131
11100111100		131
11011110011		131
11011001110		131
11000101001		131
10111000000		131
10110101000		131
10011110001		131
01101001111		131
01100000101		131
01001101010		131
00110100111		131
00100001110		131
11110100100		130
11110001111		130
11011111100		130
10010111011		130
01111110000		130
01101011111		130
01101011110		130
01100001100		130
01011011001		130
01010111111		130
01010011111		130
01000111011		130
01000100000		130
00110111100		130
00101111110		130
00010111110		130
00010000101		130
11110111011		129
11010011111		129
11000100001		129
10000111110		129
10000011101		129
01110001100		129
00101100100		129
00100100101		129
00011111111		129
00000111001		129
11111011111		128
11110111100		128
11110100111		128
11110001110		128
11011001111		128
11011001010		128
10001000101		128
01110111110		128
01011111001		128
01011110000		128
00101100110		128
00101000010		128
00000011010		128
11111111000		127
11100101101		127
11011000100		127
11010101010		127
10110100001		127
10001111010		127
10001101100		127
10000010101		127
01111100110		127
01010100001		127
01001011001		127
01001001010		127
00100000110		127
00010110001		127
11100111011		126
10100111010		126
10010110011		126
10000111000		126
01110100111		126
01110000001		126
01010001001		126
00111000000		126
00101100011		126
00001011010		126
00000011100		126
11100001010		125
11011011110		125
11010011100		125
10101111111		125
10001001001		125
10000100110		125
01111000111		125
01101111000		125
01101110001		125
01100101111		125
01010111100		125
01001001000		125
01000011010		125
00110001010		125
00001001110		125
11101111000		124
11001101010		124
11000010101		124
10110100110		124
10011001110		124
10000011110		124
01110001111		124
01110000111		124
00111001101		124
00110100010		124
00110001110		124
00101001101		124
00100111111		124
00011111100		124
00011100010		124
00011001111		124
00010100100		124
11111111011		123
11111001110		123
11110010101		123
11010111111		123
11010000001		123
10110001101		123
10100100010		123
10011000001		123
10001100111		123
10000001110		123
01101001011		123
01100101101		123
01100011010		123
01000111100		123
00110000111		123
00101111010		123
00101110011		123
00101011010		123
11010111101		122
11010101100		122
10111010111		122
10110111011		122
10110110010		122
10110110001		122
10110100111		122
10001111111		122
01101100000		122
01101011000		122
01011110001		122
01011010111		122
01011001110		122
01000110001		122
01000001101		122
00111001110		122
00101110010		122
00101001111		122
00001011101		122
00000010110		122
11101111100		121
10110101100		121
10110010100		121
10011011101		121
10000000011		121
01101011010		121
01100001101		121
01011111000		121
01001011011		121
01001001011		121
00101011101		121
11011100000		120
11000111000		120
01001111111		120
01001000010		120
00101011111		120
00010100101		120
00010000111		120
11101101101		119
11101011011		119
11101010111		119
11010111100		119
11010110011		119
11000010111		119
10110111000		119
10010100010		119
01111010111		119
01000100001		119
00100011101		119
00010010110		119
00010001011		119
00001110011		119
00001110001		119
00001011100		119
00000111100		119
00000110011		119
11111111001		118
11110110010		118
11100000110		118
10111110010		118
10111100111		118
10101010101		118
10100000100		118
10001101110		118
01111001100		118
01110011111		118
01110000011		118
01010010100		118
00111100100		118
00111010100		118
00101000110		118
00100001111		118
00011100100		118
00010111100		118
00010101100		118
00010100000		118
00000110010		118
11111010111		117
11010010111		117
11000100000		117
11000000011		117
10100011101		117
10011100000		117
10011011100		117
10011000000		117
10010101100		117
10010100110		117
10010100000		117
10010011110		117
10000100100		117
10000011011		117
01101111010		117
01101101000		117
01101010111		117
01001100100		117
01000000011		117
01000000001		117
00101101011		117
00011011101		117
11110011100		116
11011000001		116
11001011100		116
11000110010		116
10011000011		116
10000101000		116
01111111100		116
01111101011		116
01110101000		116
00110111111		116
00001111000		116
00001100001		116
00000111000		116
11110001001		115
11101000011		115
11011111111		115
11010001101		115
10101111010		115
10100101111		115
10100001011		115
10011101010		115
10010001101		115
10001000011		115
01101101001		115
01010000101		115
01000000110		115
00011011111		115
00000000011		115
11010001010		114
11000110000		114
10100000111		114
10011111100		114
10010101101		114
10001100110		114
01100011111		114
01011100110		114
01011000110		114
01010111010		114
01001101100		114
00111000011		114
00110001111		114
00101110001		114
00010101110		114
00000111101		114
11011001100		113
10110011100		113
10001100000		113
01111110011		113
01111001011		113
00010001110		113
11110100010		112
11000001001		112
10100000110		112
10001001011		112
01110111000		112
00101010111		112
00000111010		112
11110001000		111
11011001101		111
10111110001		111
10111000001		111
10110101101		111
10101011001		111
10011111111		111
10011101011		111
10001101111		111
01111110001		111
01100111100		111
01010101010		111
11011110010		110
11001001111		110
11001000011		110
10111001011		110
10011101100		110
10001111110		110
10001010101		110
01011011011		110
01010101101		110
00111010111		110
11111110001		109
11101001011		109
11010011101		109
11000111010		109
10111001100		109
10111000111		109
10111000011		109
10110111110		109
10101101001		109
10100111001		109
10011111101		109
01111101001		109
00011100101		109
11101100111		108
11011001001		108
11010001100		108
11000010110		108
10111111000		108
10111100110		108
10100001000		108
10000011000		108
01010011001		108
00110111110		108
00010111111		108
00001010101		108
11101001111		107
11001010110		107
11000101011		107
10111110000		107
10111010101		107
10101100101		107
10101001101		107
10100100110		107
10010000110		107
01011100001		107
01010010101		107
01001001110		107
00111101011		107
00110011100		107
00110000100		107
00110000001		107
00100011111		107
00001011000		107
11101011101		106
10101111001		106
10101000001		106
10100011100		106
10011110000		106
01110000101		106
01010010110		106
00100011110		106
00011011010		106
00011000001		106
00001001000		106
11111101010		105
11011101111		105
11001000101		105
10101100010		105
10100010110		105
10100001010		105
10100000010		105
10011011011		105
10011001011		105
10010001011		105
10001000111		105
01110100100		105
01101111101		105
01100101110		105
01010100000		105
00111101000		105
00110101101		105
00011110011		105
00011101011		105
00010100111		105
11111011001		104
11110111000		104
11110000100		104
11100110001		104
11100100111		104
11010100011		104
11000101110		104
11000001111		104
10111101100		104
10111100001		104
10101110011		104
10101100100		104
10011011000		104
10010100101		104
10001001000		104
01111100011		104
01110111011		104
01110101111		104
01100011011		104
01011100111		104
00100001100		104
00001111101		104
00001111100		104
00000011001		104
11111100010		103
11100000100		103
11011000011		103
11001100111		103
11001100110		103
11001100011		103
11000111101		103
10111111111		103
10101101010		103
01111000011		103
01110111100		103
01100000111		103
01011100100		103
01010110010		103
01001001111		103
01000101000		103
01000000101		103
00110101011		103
00100001000		103
00011111001		103
00011001000		103
11111011010		102
11111010100		102
11101100000		102
11101010100		102
11011101011		102
11010100010		102
11010100001		102
11001110000		102
10111101000		102
10101110010		102
10101010100		102
10011010101		102
10010111010		102
10010011000		102
10010010101		102
01111011100		102
01001111101		102
01001110000		102
00111111100		102
00111010110		102
00110111101		102
00101111001		102
00010101111		102
00010101101		102
00000101100		102
11111100111		101
11111000101		101
11101110001		101
11101011111		101
11100011111		101
11001000010		101
10111111101		101
10111011000		101
10100111011		101
10100011111		101
10011001100		101
10010010111		101
10001111101		101
10001101001		101
01011011000		101
01011010101		101
01010111101		101
01010110000		101
01001011010		101
00110101100		101
00100010101		101
00100001101		101
11101111011		100
11100101100		100
11011011001		100
11011001011		100
10111011011		100
10111011001		100
10110111111		100
10100100111		100
10100001100		100
10001101010		100
10001011000		100
01110101001		100
01110010110		100
01110001001		100
01100100000		100
01011110010		100
01010001011		100
01010001010		100
01000111010		100
00101100001		100
00000111110		100
11110110000		99
11101000001		99
11100011101		99
11010000111		99
11001111011		99
11001001000		99
11000100010		99
10100011011		99
10011111110		99
10011111001		99
10011001010		99
10010000011		99
10000110011		99
10000110000		99
01101111111		99
01101100110		99
01000001000		99
00110011000		99
00001011001		99
00000101011		99
11111100000		98
11101011110		98
11100110000		98
11100100001		98
10100100001		98
10100000011		98
10011101000		98
10000101101		98
10000001010		98
01111011110		98
01101110000		98
01001001001		98
00111111110		98
00110011011		98
00100101100		98
00010110011		98
00000000101		98
11110011000		97
11101100110		97
11011111110		97
11010100100		97
11001111000		97
10110111100		97
10110010101		97
10101001000		97
10100110011		97
10011001101		97
10010010110		97
10000101001		97
01111111000		97
01111000110		97
01110100011		97
01010101011		97
01001101000		97
01001000011		97
00101111111		97
00101001010		97
00100101000		97
00011001100		97
00000000111		97
11010010101		96
11001101011		96
10111111010		96
10110001100		96
10110000110		96
10101000100		96
10001011001		96
10000101111		96
01111001101		96
01100111011		96
01011101001		96
01010111001		96
01010011011		96
01001100001		96
00111111111		96
00110001000		96
00101010110		96
00100100001		96
00001111110		96
00001000110		96
11010111011		95
11010110000		95
11001101110		95
11000111001		95
10101100111		95
10100111000		95
10011100010		95
10010010100		95
10000011100		95
01111101111		95
01111100100		95
00111100010		95
00110001101		95
00011111110		95
11011100011		94
11010110001		94
11001010111		94
10111101001		94
10011100111		94
01100010110		94
01000111110		94
00110110011		94
00101110000		94
00100000111		94
00010001001		94
11111101001		93
11101001000		93
11010001001		93
11001111110		93
10111011110		93
10000100001		93
01101010101		93
01101000011		93
01100001011		93
01011100101		93
01011000011		93
01010110001		93
01001111110		93
00101100101		93
00101001110		93
00011101000		93
00011010111		93
00011010110		93
00010100001		93
11111010110		92
11011100101		92
11000000100		92
10110100000		92
10101111000		92
10101101110		92
10011110011		92
10001101101		92
10000111010		92
01001110001		92
01001101101		92
01001000111		92
01000110000		92
00111100001		92
00110001100		92
00101011100		92
00101001000		92
11111000000		91
11110111101		91
11100001001		91
11000000110		91
10110000100		91
10011011010		91
10011011001		91
10000000101		91
01110010111		91
01110000110		91
01101000001		91
01100101011		91
01100011110		91
01011001001		91
01000101011		91
00111100000		91
00100000100		91
00011001110		91
00000010101		91
11101001010		90
11010011011		90
11001101000		90
11000111100		90
10100100011		90
10000010110		90
01110010101		90
01011011100		90
01001000101		90
01000111000		90
00111101010		90
00111100110		90
00110011001		90
00100101111		90
00100010100		90
00100001010		90
00011001001		90
00010001010		90
00001001011		90
00001000101		90
11010000010		89
11000011010		89
10100001111		89
10001010100		89
01111000100		89
01101110011		89
01101101011		89
01101000010		89
01100000001		89
01011000101		89
01010001110		89
00111101110		89
00100101110		89
00100100000		89
00100000101		89
00100000000		89
00010111000		89
11000110011		88
10110001000		88
10001111011		88
10001011101		88
10000110010		88
01111100010		88
01101001100		88
00011101100		88
00011011011		88
11110111010		87
11110000111		87
11101110010		87
11101010101		87
10111100000		87
10111001110		87
10111000110		87
10110111010		87
10110100101		87
10110100011		87
10001100100		87
01111011000		87
01110100001		87
01110100000		87
01100111101		87
01100111000		87
01001010101		87
00101100000		87
00101010101		87
00100110011		87
00011011100		87
00011001101		87
11111000001		86
11101100010		86
11101000010		86
11100001011		86
11100000000		86
11001110011		86
11000001110		86
10111000010		86
10110010110		86
10000000100		86
01111000000		86
01100101100		86
01011010100		86
01010011100		86
00111011111		86
00110000011		86
00101011011		86
00100100111		86
00001100010		86
11110111110		85
11110110011		85
11110001010		85
11110000011		85
11000011101		85
10111111100		85
10110010111		85
10101100110		85
10101011100		85
10010101111		85
01110000100		85
01101100100		85
01101100011		85
01100111110		85
01100101010		85
01100100101		85
01001000110		85
00110111001		85
00110100001		85
11110111001		84
11101010110		84
11011010100		84
11011001000		84
10111101011		84
10110111101		84
10110011110		84
10100101010		84
10100011000		84
01111111110		84
01100100001		84
00110011110		84
00011111000		84
00001100110		84
11101110000		83
11100111000		83
11011011011		83
11010111000		83
11010101101		83
11010100110		83
11001000000		83
10111001010		83
10110101011		83
10100111110		83
10100010111		83
10010001110		83
01101111011		83
01010101000		83
01010011000		83
01010000100		83
01001000001		83
01000010111		83
01000001001		83
00010011000		83
00010000010		83
00001011110		83
00000000010		83
11100011011		82
11011000101		82
11010000100		82
10111011010		82
10111001000		82
10101001111		82
10101001100		82
10101001011		82
10100101001		82
10011000010		82
10010001000		82
10000011001		82
01101001000		82
00110111011		82
00100110001		82
00010100011		82
00010001100		82
00001101111		82
00000101110		82
00000100110		82
11111001101		81
11100111001		81
11011011101		81
11010010100		81
11001100010		81
10110101001		81
10101111101		81
10010011010		81
10001010110		81
10000100000		81
01111111011		81
01101011100		81
01100010101		81
01000011011		81
00111011110		81
00101001100		81
00100001001		81
00001010110		81
11110011010		80
11100111110		80
11001111100		80
10111110011		80
10111011100		80
10011010111		80
10001000110		80
10000010111		80
01110001010		80
01001101110		80
01001101011		80
00110000101		80
00011010101		80
00001100101		80
00000110000		80
11111110011		79
11100010101		79
11000001000		79
10111101111		79
01110011010		79
00111111010		79
00111110001		79
00101101000		79
00101000111		79
00100111001		79
00100010110		79
00010000100		79
00000101001		79
00000010111		79
11110101000		78
11101111110		78
11101100011		78
11011110001		78
10101101011		78
10011000100		78
10001100001		78
01110110010		78
01101011011		78
01100010111		78
01000011000		78
00000010100		78
11100100011		77
11011100110		77
11011010111		77
11001010100		77
11000000000		77
10110110011		77
10100001101		77
10010100100		77
10010000101		77
10000000111		77
01100111001		77
00110100000		77
00000110001		77
11111111101		76
11111110000		76
11010101000		76
11010000000		76
11000101000		76
11000000010		76
10111100101		76
10110001011		76
10110000101		76
10100010100		76
10011000110		76
10010110000		76
10010001010		76
01111111111		76
01101111110		76
01010000000		76
01000010110		76
01000010100		76
00110110010		76
00110101110		76
00110010100		76
00101000001		76
00000000100		76
11101111111		75
11101000000		75
11001000111		75
10100110010		75
10011101101		75
10010101000		75
10001000000		75
01111101010		75
01110011011		75
00111011101		75
00100000011		75
00001101000		75
11111101000		74
11110100110		74
11101111010		74
11100101000		74
11100001000		74
11011111011		74
11011101100		74
11010101110		74
11001000100		74
10110101110		74
10110011000		74
10110001001		74
10010000000		74
10001000001		74
10000000001		74
01110101010		74
01100000100		74
01000101110		74
00111101101		74
00110001001		74
00011101010		74
00010011011		74
00001110000		74
00000100101		74
11011010101		73
11001111101		73
11001101100		73
10111100100		73
10010101011		73
10010001001		73
01101011001		73
01001010100		73
01000000010		73
00111000100		73
00110101000		73
00101011110		73
00100111000		73
00100000010		73
00010111010		73
00001111010		73
00001000011		73
11111101101		72
11100001111		72
11011110000		72
11010100101		72
11010011010		72
11010001000		72
11000011011		72
10111001101		72
10101100000		72
10100101000		72
10011101110		72
01111100111		72
01100001010		72
00110010101		72
00010101010		72
00001101110		72
00001101100		72
11100000111		71
11001000110		71
10110000010		71
10101111110		71
10101010110		71
10011111011		71
10001111000		71
01111011001		71
01111001110		71
01101001001		71
01101000000		71
01100110001		71
01001000100		71
01000000000		71
00101011000		71
00010000110		71
11111100100		70
11111001010		70
11101101110		70
11100111101		70
11010101001		70
11001000001		70
10100000101		70
01010011010		70
01001000000		70
00111111001		70
00110101010		70
00100100010		70
00010100110		70
00001100000		70
11111101100		69
11111011011		69
11100100010		69
11100010110		69
11011000110		69
10111001111		69
10101001010		69
10100011001		69
10011011111		69
10010000100		69
01101111100		69
01100001001		69
01010101111		69
00111011000		69
00110100110		69
00101111101		69
00100111100		69
00100101001		69
00001101010		69
11110101001		68
11110100001		68
11110000001		68
11101000110		68
11100110010		68
11100010100		68
11010111010		68
11010010110		68
10100101101		68
10100010101		68
10000111001		68
01100110000		68
01000110011		68
00110110000		68
00100011010		68
00011100001		68
00000101111		68
11111101011		67
11110010100		67
11110001100		67
11101001110		67
11100111010		67
11100000101		67
11011100010		67
11010011110		67
11000001010		67
10101111011		67
10101000011		67
10010011100		67
10010011001		67
01111000001		67
01100101001		67
01011101111		67
00111101111		67
00101000101		67
00011111011		67
00011110010		67
10110011011		66
10101001110		66
10010111110		66
10001000100		66
01101101111		66
01101101100		66
01101010100		66
01101000111		66
01100100110		66
01100000110		66
01100000000		66
01010111110		66
01010101001		66
01000101111		66
00111100101		66
00111000001		66
00011110001		66
00010001000		66
11110011001		65
11100101110		65
11100100101		65
11001111010		65
11000011100		65
11000011000		65
11000000101		65
10110100100		65
10110001111		65
10011100100		65
10010101110		65
10001111001		65
10000101110		65
01111010101		65
01110110011		65
00110101001		65
00101101110		65
00011000010		65
00010010101		65
00001000111		65
11110101010		64
11101101111		64
11011111001		64
11010011000		64
10110011010		64
10100000001		64
10010110001		64
10000011010		64
01111001001		64
01111001000		64
01011111110		64
00101100010		64
00101001011		64
00101000000		64
00100110010		64
00011100011		64
00010010100		64
00001000010		64
11101101100		63
11101011100		63
11011011010		63
11000000111		63
10110101010		63
01111101110		63
01110101011		63
01101011101		63
01100110010		63
01001101111		63
00110011111		63
00011101111		63
00011011001		63
11111001111		62
11100101111		62
11011101110		62
11011100100		62
11001010101		62
10111100010		62
10100011010		62
10010111000		62
10000101010		62
01111010100		62
00111111011		62
00100011001		62
11011111000		61
11010111110		61
01001111000		61
00010111001		61
11000010100		60
10101011101		60
10010111001		60
10010101001		60
01110011001		60
01110001101		60
01101000100		60
00111101100		60
00110111000		60
00100011000		60
11000101111		59
11000011001		59
10110111001		59
10100001001		59
10001101000		59
01101100010		59
00100011011		59
11111000111		58
11110100101		58
11110100011		58
11110011111		58
11110011011		58
11110001101		58
11110000101		58
11010011001		58
01011001000		58
00110100101		58
00110011010		58
00101010100		58
00100101010		58
00010101001		58
11101110011		57
11010000011		57
11001111001		57
11001101101		57
11001011000		57
10111001001		57
10110101111		57
10101000101		57
10011001001		57
01100000010		57
00111101001		57
00110110001		57
11111000011		56
11100000001		56
10111101110		56
10101000010		56
10011000111		56
01110000000		56
01101100001		56
01010000010		56
01000101010		56
00111110010		56
00111001001		56
00011000111		56
00001111011		56
11111101111		55
11101111001		55
10111010110		55
10110000111		55
10100001110		55
01111101100		55
01110110001		55
01100100011		55
01100100010		55
00111001010		55
00101101010		55
00100000001		55
00011100000		55
00001100100		55
11101101011		54
10100101110		54
01010111000		54
00110011101		54
00100101011		54
00001001001		54
10110001010		53
10101000110		53
01110000010		53
01100011101		53
00011111101		53
00010101000		53
00001101101		53
11100001110		52
10100000000		52
01101111001		52
00110100100		52
00010100010		52
00001111001		52
00001000000		52
11111010101		51
11110010111		51
11110001011		51
11100100000		51
01101100101		51
11100011000		50
11010101111		50
10100110000		50
10100101011		50
10011000101		50
01100011000		50
00111001000		50
00101101111		50
00101101001		50
11111001001		49
11101101010		49
11101101001		49
11101001001		49
11011101101		49
01101110010		49
00110101111		49
00011101101		49
00011101001		49
00011000011		49
11001100101		48
10101101101		48
01101000101		48
00101011001		48
00100101101		48
11110101101		47
11010101011		47
11010000101		47
00100010111		47
00011000110		47
00010000001		47
10110000000		46
10010000010		46
01110110000		46
01100011001		46
11100000010		45
10110000011		45
10101101111		45
10000101011		45
00110000000		45
00001000100		45
11100101010		44
11001101111		44
10101000111		44
00010000000		44
11110101111		43
10100110001		43
10010000001		43
01001111010		43
11101000101		42
01000011001		42
01000010101		42
00011101110		42
11111101110		41
11011101010		41
11001001001		41
00100110000		41
11110101100		40
11110101110		39
11110000010		39
11100101011		39
01101101101		39
01100001000		39
00001010100		39
11111000010		38
11110100000		38
11100000011		38
01101101010		38
00111010101		38
00110000010		38
11101100001		36
11001011001		36
10110000001		36
01100101000		36
11101000111		35
11100100110		35
11001100100		35
10100101100		35
10111010100		34
01110101110		34
01001111001		34
00100010011		34
00001000001		33
11101000100		31
11100011010		31
10011111000		31
01110001000		31
01111101101		30
11100011001		29
11100010111		29
10110011001		28
01101000110		28
11100101001		27
11000010011		27
01011101110		23
00000110100		23
00111010011		21
11011110101		19
10000110100		13
01011010000		12
01001110111		12
01001010011		12
00001010010		12
11111010000		10
11110010000		10
01110110100		10
00101010010		10
11100110100		9
11001010010		8
11100110111		7
11001010011		7
11000110100		7
10001010000		7
01001010010		7
00010010001		7
11101010011		6
10100110111		6
00100110111		6
10110010000		5
01000010001		5
00101010011		5
00001010011		5
11110110101		4
11011110100		4
01110110101		4
01100010001		4
00100010000		4
00000110101		4
11111010011		3
11110010011		3
11100110101		3
11100010000		3
11011010001		3
11000010010		3
10100010000		3
10011010000		3
10001110111		3
10000110101		3
01110010000		3
01101010011		3
01100110111		3
01100110110		3
01011110101		3
01011010010		3
00110010010		3
00011110101		3
00011010010		3
00010110100		3
00000010011		3
11110110100		2
11100010011		2
11011010011		2
11000110111		2
10111010011		2
10111010000		2
10101010011		2
10100110110		2
10011110101		2
10010110111		2
10001010011		2
10000010011		2
10000010001		2
01101110111		2
01101010010		2
01100110100		2
01010110100		2
01001110110		2
01000010000		2
00111010001		2
00110010011		2
00100110110		2
00100110100		2
00011010011		2
00001110100		2
11111110111		1
11111010010		1
11110110110		1
11110010010		1
11110010001		1
11101110100		1
11100110110		1
11100010010		1
11011010010		1
11011010000		1
11010110111		1
11010110101		1
11010010011		1
11010010000		1
11001110111		1
11001110101		1
11001110100		1
11000110101		1
11000010001		1
10111110101		1
10110110111		1
10110110100		1
10110010011		1
10101110111		1
10101110101		1
10101010000		1
10100010011		1
10011110111		1
10011010011		1
10011010010		1
10011010001		1
10010110101		1
10010010010		1
10010010001		1
10001110110		1
10001010001		1
10000110110		1
01111110111		1
01111110101		1
01111010000		1
01101110101		1
01101010001		1
01101010000		1
01100010011		1
01011010001		1
01010110111		1
01010110101		1
01010010011		1
01010010001		1
01001110100		1
01000110100		1
01000010011		1
00111110101		1
00111010000		1
00110110111		1
00110110101		1
00110010000		1
00101110100		1
00101010000		1
00100010010		1
00011110100		1
00010110101		1
00001110111		1
00001110101		1
00001010000		1
00000110110		1
