10000100110		1254
10001100111		1073
10000100100		1042
10001001111		1028
00100100111		1027
10001100110		1016
10100100111		1004
00100100110		997
10111100111		968
10010000111		912
00101100110		907
00101100111		906
10000001110		881
01100100111		879
10101100111		876
10000100111		867
00100000111		862
10001100011		859
01010100110		848
00010100100		837
10000000111		833
10011001111		831
10010100111		831
10001001110		829
10000100101		821
10001100010		820
00000100100		818
10001000011		802
10010100101		801
10001101011		801
00001100001		800
10010100100		794
10100100110		791
10010100110		781
01000100111		776
10101100011		767
10000000110		762
00010100110		756
00000100111		753
10100100101		752
10101100100		749
00110100111		745
10101100110		744
10100000111		731
00000100110		731
10001100100		730
10001101100		726
10001101110		723
00101001111		714
10011100111		711
10110100110		710
00101100011		710
10101100101		708
10001100001		708
10001101101		706
10000100010		705
10001000111		703
00001100111		703
10010001111		697
10011000111		692
00111100100		691
10011001110		690
00111000111		689
00011100110		689
00011001111		688
10111100110		686
00001101011		677
00101000111		675
10100100100		674
10011001011		674
00010100101		672
00011001100		666
00011100111		661
00011100010		661
10110100111		659
01000100110		658
10011100011		657
10001100101		656
10001001010		656
10011100010		654
10001001101		654
00000000110		653
10001001100		652
00001100110		651
10000001100		650
00011000111		647
01001100111		645
00111100110		645
01101100111		643
11000100110		642
00001001111		642
00101001110		640
10010101110		639
00110100110		639
10001000101		638
00100001111		637
00000001111		637
10111001110		633
00111001111		633
10001011111		630
00111000110		623
00100100100		623
10000001111		622
00000000111		620
11101100111		618
10011001101		617
10100010110		612
00001100011		610
00001001100		609
10001010101		607
00000100101		606
10111000111		605
10100001111		604
10011101101		604
10011100110		603
01010100101		603
00110001111		603
01111100110		601
00101101111		601
01111100111		599
00011100011		598
10010001110		594
10010101101		592
10000101111		592
10000101100		592
00101101101		588
10111001101		587
00110000110		586
10001100000		585
01001001111		585
10011000010		584
10001001011		584
10000010110		584
10000000101		583
01010100111		583
00001001101		583
10110000111		582
00010001111		582
10010000110		581
01000100101		581
10110000110		579
00010100111		579
00101100101		577
00100101110		577
10010101111		576
01001100100		576
00101100010		575
00101000101		575
01011100111		574
11000100100		573
10001000010		572
10000001101		572
10001110011		571
10101000011		570
01101100110		568
00001000011		568
10011010110		567
00010000110		567
10010101100		566
11001100111		565
00001100100		565
00011100101		564
10000101110		563
10101001101		562
10011100100		562
00100000110		562
00001000110		562
00110000111		561
00101100100		561
10001000100		560
00000001101		559
10111001111		558
10001101111		558
10100101111		554
10001101001		554
00101010111		554
10101101111		552
10100000110		551
01110100110		550
00111000011		549
10101101110		547
11011100110		545
10101111111		544
00001100101		543
11011100111		541
01111100101		541
01001100010		541
01101101111		540
00101000011		540
00001000100		540
10011101011		539
10011100101		538
10001010111		538
00101011101		538
10010100001		537
01001100110		535
00001101111		535
10100001110		534
00001011111		532
10101000100		531
10001101010		531
01011001111		530
10000010111		529
00111001101		528
00000001110		528
11100100100		527
10110100100		527
10101001111		527
10000001011		527
11010100101		526
00001000111		526
10101100010		524
10011001100		524
10010001011		524
00011000011		522
11001100010		521
10001000001		521
01001101101		519
00100101111		519
01011100110		517
00011010111		517
11110100110		516
10111001100		516
01000100100		516
01001101111		514
00111100111		514
00100001110		513
00010000111		512
00101001101		511
10111011101		510
10100100011		508
10011101100		508
01000000111		508
11010100100		506
10111000010		506
11010100110		505
10111100011		505
10101000111		504
00011000100		504
00001001110		503
10111000001		502
10001111111		501
00000000101		501
10111000110		500
01111001111		499
01011001110		499
00001100010		499
00001001011		499
10110000100		495
11101100110		494
10110101100		493
10101011111		493
10101000110		493
10111101101		492
10111010111		492
00101000100		492
00100000100		492
01001000110		491
10001010110		490
01110100101		490
00010100011		489
11000100111		488
10000101101		488
10101000101		487
00110001110		487
11010100111		485
10110001111		485
10101001110		485
01001100101		485
01101100100		484
00011001101		484
10110100101		483
10101001100		483
10001010100		483
01011100010		483
00011000010		483
00000101101		483
10011100000		481
10000101001		480
10000100011		480
00000101111		480
11001000001		479
10011101110		478
10001110001		477
00110101101		477
01001001110		476
00111001110		476
00011001011		476
11101100101		475
10010000010		475
10001011100		475
10100001011		474
00110000100		474
11100100111		473
01011100011		473
00010001110		473
11101000101		472
10111100101		472
10110001110		472
10100001100		472
00101101110		472
00001101101		472
00100100101		470
10010010100		469
01000001111		469
11001000110		468
11011100101		467
01110100111		467
00110100101		467
00101101011		467
00001010101		467
00011000110		466
00000101110		466
11110100111		464
00010101110		464
10111100001		463
00101100001		463
00101010110		463
10010001101		462
00011101101		461
01010101101		460
00011100001		460
01101001111		459
10101011110		458
10010000101		458
11011001101		457
10100010111		457
10011000101		457
10001000000		457
01110100100		457
10100101100		456
11001101011		455
10101100000		455
01011000001		455
00101000110		455
00011010110		454
10011000100		453
00001010110		453
10011001001		452
10010100011		450
01001000011		450
10110000101		449
10101101010		449
10011101010		449
00001010111		449
10100101101		448
10011001000		448
00011001110		448
10010101010		447
00111010111		446
00001101100		446
00011101111		445
11111100110		444
10101000010		444
01100100110		443
00101000010		443
00011101110		443
10100101110		442
01100000111		442
01001001101		442
11101001010		441
10011000001		441
10010000100		439
11000100101		438
00001001000		438
11100001100		437
10111000011		437
11011100100		436
10101011101		436
10001011110		435
10001011011		435
01111001110		435
10110100011		434
10011101111		434
10110010111		433
10011100001		433
01011100101		433
11001000100		432
10011110010		432
10001011001		432
11111001101		431
00010000101		431
00001011110		430
10111001010		429
10000010101		429
00010101100		429
11001000111		428
00000100010		428
11111100101		427
10001001000		427
10011001010		426
10001001001		426
01010100100		425
01011001100		424
10111100100		423
10011011011		423
00011101010		423
10101010111		422
00101001001		422
10010111101		421
10100000100		420
10011010100		420
01101000100		420
00100001101		420
10111100010		419
10011101001		419
01011000111		419
00000101100		418
00011101100		417
00010010111		417
01111000111		415
11011000111		414
11100100110		413
10110000010		413
10101001010		413
10000001010		413
11101101111		412
10100100000		412
10011000011		412
00001001001		412
10110011111		411
10110011101		410
00110101100		410
10011000110		409
11111100011		408
10111011110		408
10101011100		408
01011001101		408
01001001100		406
00001011100		406
11111100111		404
10110001101		404
10101111110		404
00101100000		404
11001100101		403
10111101111		403
10011010111		403
01001000010		403
10101101001		402
11011100011		401
10111001011		401
10010011101		401
01001100000		401
00000101010		401
11010101111		400
10010000011		400
01100100101		400
01010000111		399
00111000010		399
00100000101		399
00011100000		399
10001101000		398
11100000111		396
10101001011		396
10001111100		396
00001111110		396
11101001101		395
10101101101		395
10000010100		395
00101101100		395
10110000011		394
10001011000		394
10001000110		394
00001101001		394
11101000111		393
00111001100		392
10101101000		391
01100100100		391
11000000100		390
10100011111		390
01011000101		390
00010000100		390
00011011101		389
01011000110		388
00011100100		387
10000101000		386
10000100001		386
01101001110		386
00000010111		386
10110101101		385
10011111110		384
01011101011		384
00011101011		384
00001100000		384
11101100011		383
11100001111		383
11001001000		383
10100001101		383
10100001010		382
10011111100		382
10111000000		381
10111101110		380
00001111101		380
10001011101		379
01001101110		379
00101000001		378
00001101110		378
10101111101		376
10111000101		375
10110001100		374
10110001001		374
10000000010		374
01111100001		374
00001011101		374
00000001011		374
11100101110		373
10000000100		373
00110100100		373
00100101100		373
00100011110		373
00000101011		373
01000000101		372
11100100101		371
10011011111		371
10010001100		371
11101001100		370
10101100001		370
10011011110		370
00001000010		370
01111001101		369
00111000101		369
00101010101		369
00010001101		369
00111101111		368
11111000001		367
10010010110		367
10000011111		367
01011100001		367
01010101110		367
11100001101		366
11001101110		366
10110101110		366
01111000101		366
01010001111		366
11100000110		365
11001001110		365
11001001100		365
10111010110		365
10011011100		365
00001001010		365
10101101100		364
10101010100		364
01000000110		364
00011000101		364
11110101101		363
11110000110		363
11000001111		363
00111100101		363
11110100101		362
11100001001		362
10010100010		362
10110001000		361
01011000000		361
00110010111		361
00110000101		361
00011011100		361
10111011111		360
01101100010		360
00010010110		360
11111100010		358
10110101111		358
01101101110		358
11101001111		357
11100101101		357
11000000110		356
11010001111		355
10100010101		355
10000100000		355
01001100011		355
10100111111		354
10100101010		353
10110100000		352
01010000110		352
11001101100		351
00000100011		350
11001100011		349
01111010111		349
00010100000		349
11001100100		348
00011001010		348
00001000101		347
01111000110		346
00000010100		346
11111001110		345
11101100100		345
10101010110		345
10100100001		345
01101001100		345
00100001100		345
11001101010		344
01101000111		344
01100101111		344
00111010110		344
10111001001		343
10000001001		343
00101001100		343
11000001001		342
10110010101		342
10101011011		342
01010001110		342
11000000111		341
10011000000		341
01001010110		341
01000101101		341
00011011111		341
10000001000		339
00110010110		339
00010101111		338
10011011101		337
00100111111		337
11001001111		336
10111101001		336
10100101011		336
01111100100		336
10011011010		335
01011100100		335
10101101011		334
10010101001		334
11010100001		333
01100001110		333
00110101111		333
00101011111		333
00010010100		333
00000001100		333
11101010100		332
11010000100		332
10110101011		332
11000001101		331
10111010101		331
10010010111		331
01000000100		331
00001111111		331
01100001111		330
00001000001		330
10110011100		329
10001111011		329
01000001011		329
00001111100		329
10101010101		328
11011100010		327
10101110011		327
10010101011		327
00011011110		327
10100000101		326
00011000000		326
10110100010		325
00100010101		325
11001001101		324
10011101000		324
11011101011		323
11010001100		323
11001101101		323
10110111111		323
10101011001		323
10011110000		322
11110000111		321
10000111101		321
10000111100		321
00111000000		321
00101111111		321
11101101110		320
11000101111		320
00100010111		320
00011101000		320
00010101010		320
00000000011		320
11111000111		319
01101000101		319
01011100000		319
00100111101		318
11100000101		317
11011101101		317
10111000100		317
01111000001		317
01011101100		317
00111100001		317
11001101111		316
01101000000		316
11010101110		315
10111001000		315
10011010101		315
01111010110		315
01011000100		315
00100001011		315
10100100010		314
10011110011		314
01011101101		314
01001000001		314
00110001011		314
10111111101		313
01010001101		313
01001100001		313
01000100010		312
00001000000		312
11011100001		311
10111101100		311
10100000010		311
10001111101		311
10111011011		310
10110001011		310
01101100011		310
01011101110		310
00101001010		310
11001011101		309
11000101101		309
11000101011		309
01110000110		309
00100101101		309
00011000001		309
11110100100		308
11011000101		308
10010001001		308
10001110000		308
01101000001		308
11101101101		307
11001000010		307
10100111101		307
00101101000		307
11100100011		306
00101111101		306
00011010100		306
11111000000		305
10111010100		305
00000000100		305
11110001100		304
10100101001		304
10100011101		304
10010011111		304
10000111111		304
11001101001		303
11001101000		303
11001000011		303
10010111100		303
01011001000		303
01000001110		303
00010000011		303
01101000010		302
10101110010		301
11010000101		300
11001100001		300
10011111101		300
00111001011		300
10111111000		299
10001110010		299
01101100000		299
01011111101		299
01001101100		299
00110101110		299
00101000000		299
00000011110		299
11010001001		298
10000101010		298
00111011111		298
00111010101		298
00101001000		298
00100100011		298
11011101111		297
11011101110		297
11001100000		297
10100011110		297
10010010101		297
10000011001		297
00111100011		297
00010001100		297
11001000101		296
00110000011		296
11100001110		295
10000011110		295
00100100001		295
01110000111		294
01101101001		294
00000011111		294
11010111101		293
10101110000		293
10101001000		293
10010111110		293
01011010100		293
01001001011		293
11111000101		292
10110010110		292
01001010111		292
01001000100		292
00011111101		292
11111000110		291
10010011110		291
10000011101		291
01000101100		291
01000100011		291
00111011110		291
00110001100		291
10011111111		290
01111101111		290
00101001011		290
00010100010		290
11111100100		289
11101001110		289
01011010111		289
00100000011		289
11100000100		288
11011011101		288
01001010100		288
00000001001		288
11010000111		287
10111011010		287
10001111110		287
00011111110		287
00010011101		287
11110001110		286
01010000101		286
11101000110		285
01111001100		285
11100001011		284
11011111101		284
11011101100		284
11010100011		284
10100000001		284
10011011001		284
01101101011		284
00010101011		284
11110000101		283
10111101011		283
00100010110		283
10010111111		282
01000101111		282
00001101010		282
11001010111		281
10100001001		281
00010010101		281
00000100001		281
10111100000		280
11001001011		279
10100000011		279
00101011100		279
11110100010		278
10100010100		278
00101101010		278
00000010110		278
01110000100		277
00011110011		277
11111001000		276
11101000000		276
10100011100		276
01101010110		276
01101001000		276
01010101100		276
11010001000		275
01111010100		275
00111111101		275
00111010100		275
00101011110		275
00100101011		275
00001011011		275
11101101010		274
11011000001		274
10111111100		274
10010100000		274
01101000011		274
01011001001		274
11101100000		273
11010001101		273
10000000011		273
01011000011		273
00000010101		273
11111001111		272
11101010111		272
11101000011		272
10110011110		272
00101010100		272
00010000010		272
01111000010		271
00110100001		271
00101101001		271
11110101100		269
11001100110		269
00111001001		269
11001001010		268
10101000001		268
01010001100		268
00110100010		268
11000101110		267
10101000000		267
01101010111		267
11110001001		266
01100000110		266
01011010110		266
00111100010		266
11110101111		265
11110101110		265
10101011000		264
10000101011		264
01010000100		264
11110001111		263
10000111110		263
01111000100		263
01001000111		263
00000011101		263
11101001011		262
11010100000		262
11000001011		262
10111111111		262
01110101110		262
01001000101		262
00111101011		262
11010101100		261
10110111110		261
10110111101		261
01011000010		261
01001010101		261
11011101001		260
11011101000		260
10010011100		260
11111010111		259
11110100000		259
11101101011		259
01001101010		259
11111011110		258
11101101000		258
10101111011		258
01011101001		258
00111000001		257
00111101101		256
00110001101		255
00010101101		255
10001111000		254
10000000000		254
01110001110		254
10010001010		253
10010001000		253
00010001011		253
10110101010		252
01010100011		252
01001111101		252
10100111001		251
00110011111		251
11111001100		250
10100001000		250
01100101110		250
01010001000		250
00100010100		250
10111011001		249
10101011010		249
10000000001		249
01011111100		248
00011011011		248
10111101010		247
01000001101		247
11110010110		246
00100111110		246
00001101000		246
00000111110		246
11100101100		245
01011011111		245
00101011011		245
11111001001		244
11000101010		244
11000001100		244
10000011100		244
00111011011		244
00011101001		244
00001011001		244
01101100101		243
11001111101		242
11001001001		242
11000100011		242
10101111100		242
00011010101		242
00000101001		242
11011000011		241
00100001000		241
11111101100		240
11000011101		240
01111101110		240
01110001101		240
01110000001		240
01011101000		240
00011001000		240
11101100010		238
10111011100		238
10001111001		238
10000011011		238
01110000101		238
01001101000		238
00111001000		238
00110001000		238
11111011101		237
00100000010		237
00011011001		237
00010011110		237
00010000000		237
00001010100		237
10111110001		236
01011101111		236
01001011101		236
10010011010		235
01000101110		235
00011011000		235
11011001111		234
01111001010		234
11111101010		233
11111011000		233
11010101101		233
01110001100		233
00101111001		233
00000100000		233
11110011101		232
11101010110		232
11010101000		232
11000001110		232
00101111100		232
11101000010		231
11010011101		231
01101001011		231
00001011000		231
11110000100		230
11000001000		230
01100101001		230
11110111101		229
11101110001		229
11101000001		229
10100111110		229
00110000010		229
10101001001		228
01011001011		228
01001011100		228
00000000000		228
11110100001		227
11000100000		227
10110000001		227
11010000001		226
10110001010		226
01111000011		226
00111101100		226
00100011111		226
10110111100		225
10110010100		225
11111011001		224
11101101100		224
00110001001		224
00010111110		224
10111110000		223
00111000100		223
00110101011		223
00000101000		223
00000001010		223
11100100001		222
11011011111		222
11011001011		222
01101101100		222
01011011110		222
01001011111		222
11111111101		221
10000110011		221
01101001101		221
00110001010		221
00011111100		221
00000111111		221
11111101111		220
11111000100		220
01101101010		220
01100010110		220
11000100001		219
01101001001		219
00011001001		219
00010001010		219
11110010111		218
11101001001		218
10001011010		218
01101101000		218
01100101101		218
00011110000		218
00001110011		218
11011001100		217
10010000000		217
01111001001		217
00110100011		217
00010100001		217
11010001110		216
10100111100		216
01010101111		216
01001011110		216
00111001010		216
11110001000		215
11000111001		215
11100011100		214
11000101001		214
00100100000		214
11111110001		213
11110000010		213
11101100001		213
11100101111		213
11011000110		213
11010101010		213
00111101110		213
11111101001		212
11101001000		212
01001000000		212
11101011100		211
11001111100		211
11001000000		211
10111111110		211
00101110001		211
00011011010		211
00000000010		211
11011001110		210
11011001000		209
10100111011		209
01011110001		209
01001101011		209
00100100010		209
11001011111		208
11000101100		208
10101110001		208
11110010101		207
11000010111		207
10110100001		207
01100010111		207
01001001010		207
11011101010		206
10010101000		206
11011110001		205
11010000000		205
10011011000		205
10010000001		205
01111100011		205
01101000110		205
01100000101		205
00100000001		205
11011000010		204
00100101000		204
00100011100		204
11101111111		203
11011010111		203
11001111110		203
01010111101		203
11111101000		202
10110101000		202
00101110011		202
00101110010		202
00001111001		202
01111100000		201
01011011101		201
01000001100		201
11111000010		200
11110100011		200
11100000010		200
11010011100		200
11000010110		200
11000010100		200
01110001111		200
01001101001		200
00000111100		200
11100100010		199
10111101000		199
01110101101		199
00011111111		199
00010101000		199
11011011110		198
11010111100		198
01111011111		198
00110011101		198
00101111110		198
00100001001		198
00000001000		198
11111101101		197
11111101011		197
11010101001		197
00110010101		197
00001111000		197
01000001010		196
01000000011		196
11111100001		195
00010111101		195
11000010101		194
10010011000		194
00110011100		194
11011001001		193
10111110010		193
10110000000		193
01111101001		193
11001110001		192
10010110001		192
10010011011		192
01001111111		192
01001001000		192
00111011101		192
00111011100		192
00101011000		192
11111000011		191
11100000001		191
11000000101		191
10110101001		191
10010011001		191
01010001010		191
11101010101		190
11010010111		190
11010000110		190
10011110001		190
01011001010		190
00010001000		190
10100111000		189
10000110001		189
01101011101		189
01011101010		189
00101011010		189
11001110011		188
11000000011		188
01101100001		188
00010011111		188
11100100000		187
11010010100		187
11001010110		187
11000011100		187
10101111001		187
01111001011		187
01000000010		187
11111100000		186
10010110010		186
01111011101		186
00100011101		186
11111101110		185
11111001011		185
11100010101		185
01110101100		185
01100001100		185
01010011101		185
00111111100		185
00101011001		185
00100001010		185
11000111100		184
11111010101		183
10011111011		183
10000110000		183
01101010100		183
01001011000		183
00111110000		183
11101111110		182
01101101101		182
10000111001		181
01100000100		181
11101011101		180
11001011110		180
01010010111		180
01000010111		180
00110011110		180
11100101011		179
11010100010		179
11001010100		179
10100101000		179
01010101011		179
00010011100		179
00001110010		179
01010010101		178
01001001001		178
01100101100		177
00110101010		177
11110001101		176
11100001010		176
10100000000		176
10011111001		176
11110111001		175
11101111101		175
10100110011		175
01011011100		175
01000011111		175
01111011100		174
11000000001		173
01000100001		173
01110100011		172
00100101001		172
00000000001		172
10111011000		171
00010101001		171
11011100000		170
10010111011		170
01100001011		170
00111101010		170
00100101010		170
11111001010		169
11011011011		169
10001111010		169
01110101111		169
01000101011		169
00010001001		169
01100001101		168
01010100010		168
11100101000		167
10011111010		167
10000011010		167
01001111110		167
00111111110		167
11101011110		166
00101110000		166
11111010100		165
11111111100		164
10100110001		164
01110001001		164
11100010110		163
11011000000		163
01011010101		163
00111011000		163
11011011100		162
01110010110		162
11011010110		161
11001011100		161
10010111000		161
01100101011		161
01010101001		161
01010000000		161
01001011001		161
11010101011		160
11010001011		160
01010101000		160
00010000001		160
01100100001		159
11011111100		158
11001111111		158
11001010101		158
10110111001		158
01000011110		158
01000010101		158
01010001001		157
11010010101		156
11001011011		156
10100011011		156
11000000010		155
01101001010		155
00000011100		155
11000100010		154
11000000000		154
01101011100		154
11011010101		153
01101011110		153
01100010100		153
00110100000		153
11110101010		152
11110011100		152
10111111001		152
00110000001		152
11110000011		151
11011000100		151
11101011111		150
00101111000		150
11110101011		149
11101011001		149
11101011000		149
10010110000		149
01101111101		149
00111101000		149
00101111011		149
11111010110		148
11100010111		148
10010111001		148
01111000000		148
01100100010		148
01100001001		148
01000001001		148
00111011010		148
00001110001		148
01111111101		147
01010001011		147
01000111101		147
11010011111		146
01011110011		146
01001111100		146
01000101010		146
00111110001		146
10010110011		145
01111101101		145
01111011110		145
01000011100		145
11110011110		144
01011011001		144
01010100001		144
11100011111		143
11000011111		143
10010111010		143
01111101100		143
00110111101		143
00011111001		143
11101101001		142
11001110000		142
01011011000		142
11011110010		141
11000011001		141
01111001000		141
01000101001		141
00110010100		141
11110001011		140
01101011111		140
00111111111		140
11101000100		139
11100001000		139
11101110000		138
11100101010		137
01101010101		136
11110000001		135
01100000011		135
11100000011		134
01111010101		134
00001111011		134
00000111101		134
11111011111		133
10110110000		133
01110011101		133
01110010111		133
11000111000		132
10000110010		132
01110100001		132
00001011010		132
11101011011		131
11001011000		131
01111110001		131
01010011100		131
01001110011		131
00100011011		131
11100111100		130
00100111100		130
00010011001		130
11011111110		129
11000011110		129
01100100000		129
01010101010		129
01010000011		129
00010111100		129
10100110000		128
01110011111		128
01000011101		128
11010001010		127
11010000011		127
01110010101		127
01100111111		127
01010011110		127
00100111001		127
00011110001		127
01100010101		126
01010010100		126
11101111100		125
11010110001		125
01000000001		125
00000011011		125
11011111001		124
01110010100		124
00111100000		124
00110011011		124
00011110010		124
01100011111		123
01100011101		123
11110101001		122
11000101000		122
01010010110		122
11011110000		121
11001011001		121
01101111110		121
11101110011		120
11101110010		120
11000001010		120
10101111010		120
00111011001		120
00000110001		120
11011011001		119
10000011000		119
00111101001		119
11111110000		118
11111011100		118
11011111000		118
01110100010		118
11001111001		117
01101011011		117
00000111011		117
11110000000		116
11100110001		116
11000111101		116
01100011100		116
01100000010		116
00001110000		116
11110001010		115
11100011101		115
11010010110		115
10000111010		115
01010111100		115
10110011000		114
01101011001		114
11100111000		113
10100111010		113
01110111101		113
01110101011		113
00011111010		113
00011111000		113
11011001010		112
10100110010		112
01010000001		112
00010111111		112
00000110011		112
11100011001		111
10000111000		111
01110001000		111
01001110001		111
01000100000		111
11110101000		110
11010111000		110
10100011001		110
01000001000		110
00100000000		110
10101111000		109
01110011100		109
01110000011		109
01100100011		109
01000000000		109
11100011110		108
10110011011		108
11001111000		107
10011111000		107
01110101010		107
01101011000		107
01100111100		107
01100000001		107
00110111100		107
00001111010		107
01101111000		106
01000111100		106
01111101011		105
01011111001		105
00100111011		105
00011111011		105
11010011000		104
01111100010		104
01101111100		104
10111111010		103
00010110000		103
11110111100		102
11100011000		102
10110111000		102
01101111111		102
01010011111		102
10110011010		101
01100000000		101
01011110000		101
01010000010		101
11111011011		100
11101111001		100
11100101001		100
11010111111		100
11000110001		100
10111111011		100
10111110011		100
01011110010		100
01010100000		100
01110001011		99
00000110000		99
11001110010		98
01111111100		98
01111101000		98
01111011011		97
00101111010		96
11111011010		95
11110010100		95
01111111001		95
01100111101		95
01100011110		95
01010110001		95
01001111001		94
01001011011		94
00000111010		94
11101011010		93
11011110011		93
10110110001		93
01110001010		93
00110101001		93
11100111011		92
01011111111		92
00111111001		92
11110110001		91
11101111000		91
11100000000		91
01100101010		91
01100101000		91
00000111001		91
11011010100		90
01111011000		90
01110000010		90
01001011010		90
11100010100		89
01100001010		89
01000101000		89
11100111001		88
11100110000		88
11000011000		88
10000111011		88
01111101010		88
01011011011		88
01000010110		88
00111110011		88
00100110011		88
01011111110		87
11111111000		86
11100111101		86
11010011110		86
01111011001		86
01100001000		85
01000111111		85
00100110001		85
00000011010		85
11011011000		84
00111111000		84
01011011010		83
00110111111		83
00000011001		83
01111110000		82
01110011110		82
00100111010		82
01100111110		81
01100111001		81
01000111110		81
01000111000		81
00110101000		81
00000011000		81
11111111001		80
11110011000		80
01000010100		80
10110011001		79
01111111111		79
01001110000		79
00010011010		79
11101111011		78
11010110000		78
00100110000		78
01110100000		77
00100111000		77
01110101001		76
01001110010		76
10110110011		75
01110101000		75
01101110000		75
11111110011		74
11011010001		74
11010000010		74
01001110111		74
01000011001		74
11110011111		73
11110011001		73
11100111110		72
01001111011		72
00010111010		72
00000111000		72
11110111110		71
11101111010		71
11010111110		71
00010110001		71
00000110010		71
11111111110		70
11111110010		70
11110111111		70
11010011001		70
00110011010		70
00110000000		70
11001011010		69
11000111110		69
11100111111		68
01101110011		68
01010111001		68
00010011000		68
11000110011		66
10100011010		66
01010110000		66
01000110001		66
10110111010		64
10110110010		64
01010111111		64
00010111000		64
01110111100		63
01000011011		63
00010110011		63
01110110001		62
00100011001		62
00010111001		62
00010011011		62
11110111000		61
11011111111		61
11111111111		60
11011011010		59
11000110000		59
00110011001		59
11010111001		58
10110111011		58
01110000000		58
01010011000		58
00111110010		58
11011111010		57
01001111000		57
11110011011		56
11001111011		56
11000111011		56
01110111111		56
01101110001		56
00110110001		56
00110111110		54
01110011001		53
00110111001		53
11100011011		52
11000111111		52
11000011011		52
01101111010		52
01000110000		52
00110110000		52
01100111000		51
00100011000		51
11010011011		50
01101110010		50
01101011010		50
01011111000		50
01010111110		50
01010011001		50
01000111001		50
01000011010		50
01000111011		49
00100011010		49
11010111011		48
01111111110		48
01100110011		48
00100110010		47
10100011000		46
01111110011		46
01101111011		45
11000111010		43
01111111000		43
01101111001		43
01100110000		43
11111111011		42
11010011010		42
01100011000		42
00110110011		42
01111110010		41
11001111010		40
01100011001		40
11110110000		39
11011111011		39
01011111011		39
11100110011		37
01110111110		37
00110011000		37
11000110010		36
10001110101		36
01100011010		35
01000011000		35
01100110001		34
01010011011		34
11010110011		33
01110111001		33
01100011011		33
01000111010		33
11110011010		32
10001010011		32
01100111011		32
11100110010		31
01110110000		31
00010110010		31
11110110010		30
01010111010		30
11110111011		28
11100011010		28
01110011010		28
01010111000		28
00110111000		28
01110110010		27
01100111010		27
01010111011		27
11011110101		26
11000011010		26
10001010010		26
01111011010		26
01110111000		26
00110111010		26
11100110101		25
00111111010		25
00010111011		25
01100110010		24
01000110010		24
11110110011		23
11100111010		23
11010110010		23
10010010001		23
01110011011		23
01110011000		23
01001111010		23
11110111010		22
01111111011		21
01000110011		21
00111111011		20
01010110011		19
11111111010		18
11010111010		18
10001010000		17
01111111010		17
00111110100		17
01011111010		16
10000110101		15
01110111011		15
11101110100		14
01010110010		14
01110110011		13
00110110010		13
10111010000		12
10010110100		12
11001010010		11
00110111011		11
00101110110		11
00000010011		11
00101110100		10
10100110100		9
01111010010		9
00000110100		9
11110010000		8
10000010011		8
01010011010		8
01001010000		8
00101010000		8
00001010010		8
11100010001		7
11001010011		7
10101010010		7
01110111010		7
01101010011		7
00010010001		7
10100010000		6
00100010011		6
10011010001		5
11101010011		4
11100110100		4
11011110100		4
11011010000		4
11010010001		4
10110110111		4
10110010001		4
10000010001		4
00011110101		4
00000110101		4
11111010000		3
10100110111		3
10010110101		3
10010010011		3
10001110110		3
10001010001		3
10000110100		3
01111010000		3
01001010001		3
01000110110		3
00111010011		3
00111010010		3
00101010011		3
00101010010		3
00100110101		3
00100010010		3
00011010000		3
00010010000		3
00000010010		3
11111010011		2
11111010010		2
11100110111		2
11100010011		2
11100010000		2
11001110101		2
11001010000		2
10111110101		2
10111010010		2
10111010001		2
10110110110		2
10110010010		2
10011110110		2
10010010010		2
10001110111		2
10001110100		2
10000110111		2
01101110110		2
01100010000		2
01011110100		2
01011010001		2
01000110111		2
00011010001		2
00010110101		2
00010110100		2
00010010010		2
00001110111		2
00001110101		2
00001010011		2
00001010001		2
11111110111		1
11111010001		1
11110110111		1
11110010010		1
11101110111		1
11101110110		1
11101110101		1
11100010010		1
11011110111		1
11001010001		1
11000110100		1
11000010010		1
11000010001		1
10111110100		1
10110010011		1
10110010000		1
10101110111		1
10101110110		1
10101110101		1
10101110100		1
10101010011		1
10101010001		1
10101010000		1
10100110110		1
10100110101		1
10100010010		1
10011010011		1
10010010000		1
10000010010		1
01111110111		1
01111010011		1
01110110111		1
01101110100		1
01100010010		1
01100010001		1
01011110111		1
01011110101		1
01011010011		1
01011010010		1
01010110111		1
01010110101		1
01010010001		1
01001110110		1
01001010011		1
01001010010		1
01000110101		1
00111110111		1
00111110101		1
00111010001		1
00111010000		1
00110110100		1
00101110111		1
00101110101		1
00101010001		1
00100110110		1
00001010000		1
00000110111		1
00000110110		1
00000010001		1
00000010000		1
