00000001011		488
00010011010		388
10001001101		356
01011100000		331
11011110011		313
01011000001		309
10000011000		296
00000010111		296
11001110000		292
00000111011		290
01001001100		285
00010010111		285
01001011101		279
01000100100		252
10111011111		251
01110000111		242
11000001101		239
01000101101		229
01101101110		228
01011000000		228
00001110011		228
11111011100		226
01010110000		225
11101111101		221
11111011101		220
01011111101		218
01011001100		217
00001011011		217
11000100111		214
00110101110		214
00101001111		214
00101011010		212
01001110011		210
11001000000		209
01100111111		204
00111111110		201
10001001100		200
10011100001		199
00100011101		199
00111110011		198
01011100101		196
01010110001		195
01011100100		194
01000011111		194
10010100111		192
01010000111		192
01011110011		188
01011001111		188
00100100011		188
00000100100		188
11010011101		185
01000111100		185
11011000011		184
01011001110		184
00010000111		183
01001100000		182
00100001100		181
00001111111		181
00100111100		180
00000111001		179
11010110000		178
11011011011		176
11001001111		176
00001001101		176
11001100000		174
11001011010		174
00101011101		174
00011100111		173
11001011011		170
01100001111		170
00000001000		170
01001011111		168
10100011011		167
10001111111		167
11000011010		166
00011011100		166
00000100001		166
11101111100		165
10001110000		165
01000001011		165
00111011010		165
10100100111		164
01010100010		164
01000001010		164
00110001100		164
00110000100		164
00010000011		164
11100011111		163
10001011111		163
01011100001		163
10000011010		162
00000100000		162
10010110000		161
00001100010		161
01111011101		160
00101000001		160
11011011111		159
00001100011		159
01010010100		158
11010101101		157
10101100001		157
01101010110		157
01011000110		157
10100011101		156
00000000000		156
10010100001		155
10010000010		155
01111100101		155
01010100011		154
10111011101		153
10000100010		153
01001011011		153
00011010100		153
01010001011		152
01110010111		151
01010100000		151
00101100000		151
00010100100		151
00000001101		151
11000101100		150
10101011110		150
10000100100		150
01010010111		150
01010001101		150
00011011101		150
11001010110		149
00010000101		149
11001100001		147
01111011011		147
01010100101		147
11001110011		146
11001011110		146
10100110011		146
01011011000		146
00110010110		146
00100011100		146
11111100101		145
11110100111		145
11101100101		145
00000010101		145
11001000101		144
10011100101		144
01100001011		144
00110001101		144
01111011010		143
01010011000		143
00011110011		143
00010101101		143
00001001111		143
11111111100		142
10100111111		142
00101111010		142
01111001111		141
01010100111		141
11111011110		140
01110101011		140
01011011110		140
11000110000		139
10111000100		139
00000000110		139
00000011000		138
11000111001		137
10000011101		137
01110011100		137
00110000101		137
00011010111		137
11000001011		136
10000001101		135
01110101001		135
01011111100		135
01001100101		135
00011111001		135
00010011100		135
00000100010		135
11111010110		134
10110011101		134
10011100110		134
01100011010		134
01000011110		134
00010011011		134
11000111010		133
11000000100		133
10011011010		133
10010000111		133
10000111011		133
10000100101		133
00111011011		133
11011011110		132
10011110010		132
10000100111		132
01111010110		132
11000111000		131
11000010101		131
10101100011		131
10011010100		131
11101111000		130
01011000100		130
11110000110		129
10111011001		129
10011101001		129
10010110010		129
10000101101		129
01111010111		129
00011011110		129
11000001001		128
10011100111		128
10000001010		128
01010011110		128
11010010101		127
10011010110		127
10000010111		127
10000000000		127
01111111101		127
01111000111		127
01100101000		127
00111011111		127
00101010010		127
11010111011		126
11000001100		126
11000001000		126
10100100000		126
01110001111		126
01010001100		126
00011110000		126
11101101101		125
11101011000		125
10101000011		125
10010001111		125
01100110011		125
00011011111		125
11110011110		124
11000000011		124
10111010111		124
00111000000		124
11110011100		123
11000011110		123
10110111000		123
01101001011		123
01010001111		123
00101010110		123
00010010110		123
11001100111		122
10100101011		122
00110001111		122
00101110011		122
00001100101		122
11101101000		121
10111001010		121
10001001111		121
01011011100		121
00111000011		121
11111011000		120
11010110001		120
11001011000		120
11001010111		120
01110001110		120
00111001100		120
00011000010		120
00000111100		120
10000010110		119
10000001111		119
01000100110		119
01000001101		119
00110011110		119
00101100010		119
00011101110		119
00011001100		119
00010111011		119
00001011001		119
11110110000		118
11101011101		118
11100011110		118
11100011001		118
10010011111		118
10001111000		118
10001011010		118
01111100110		118
00101100001		118
00100000111		118
00011001010		118
00010101110		118
00010000010		118
11110110001		117
11011000010		117
11010001011		117
10011001111		117
10001100010		117
01100010101		117
01000111011		117
00011100100		117
11111000100		116
11101001000		116
10100111101		116
10001111110		116
01000000110		116
00001011000		116
10011111111		115
10011011101		115
10001011000		115
01011011010		115
01001011100		115
01000111110		115
00101111011		115
11011000000		114
11000000110		114
10111000001		114
10100100110		114
10010001101		114
10001111100		114
01011100011		114
01010010101		114
00111101101		114
00101010111		114
00000000011		114
11101000101		113
11000111101		113
10101111111		113
10000000010		113
01010100110		113
00110100100		113
00010111101		113
00010001111		113
11111111101		112
01111011000		112
01110110001		112
00111101011		112
00001011111		112
00000011010		112
00000001010		112
10110101101		111
10001000100		111
01100010110		111
00110001000		111
00110000011		111
00100111111		111
11011001110		110
10101011111		110
10101000111		110
10001110001		110
10001011011		110
10001000010		110
10000001011		110
10000000110		110
01010011101		110
01000001111		110
00000101110		110
11001111111		109
01010111101		109
01010011100		109
01001001101		109
11000101110		108
01100111011		108
01001001111		108
00011111010		108
00010110000		108
00001110010		108
00000001001		108
10011111010		107
10011100100		107
01110011010		107
01110000011		107
01101010111		107
01100011100		107
01011010111		107
01001100100		107
01000000111		107
01000000101		107
11111011010		106
11101110001		106
10101011101		106
10000111111		106
01111101000		106
01110111000		106
01110011001		106
01011111111		106
00111111000		106
00100001101		106
00011100011		106
00010101100		106
00001010100		106
11110011101		105
11001101001		105
10111111110		105
10110100011		105
10101001100		105
10000000011		105
01110100100		105
01101111111		105
01001100011		105
11111100110		104
11101111011		104
11001000001		104
10110001100		104
10101111010		104
10100111010		104
01100011011		104
01011010110		104
01000100111		104
00111000110		104
00100111010		104
00100001111		104
00010101000		104
11100001100		103
11011011100		103
11010010111		103
10111100000		103
10110110011		103
10001110011		103
10000001110		103
00111100000		103
00100111110		103
00011000101		103
11100011100		102
11011000101		102
11010111111		102
10110000110		102
10101001001		102
01111111010		102
01111000110		102
01011101110		102
01001110001		102
01000000010		102
00101000100		102
00011000100		102
11011111010		101
11010100000		101
10110001111		101
10011010111		101
10010111111		101
10000100110		101
01001011000		101
00110010111		101
00100001001		101
00000101101		101
00000011110		101
00000000001		101
11110111110		100
11011010111		100
11010000110		100
10101101100		100
01110111111		100
01011111011		100
01010000010		100
01000100101		100
00100001000		100
00011011000		100
11110111010		99
11110001110		99
11101001111		99
11011111011		99
11010111001		99
10110111111		99
10100001100		99
01101001010		99
01000111001		99
00111111101		99
00001101011		99
11101010101		98
11100011000		98
11010000011		98
10111111100		98
01111100100		98
01011110010		98
01011100010		98
01010011111		98
01001100111		98
01000111101		98
00000111111		98
00000111010		98
11110000111		97
11100010100		97
11100001011		97
11010011111		97
11001111110		97
11001110001		97
10111011011		97
10100011100		97
10011100011		97
10000010101		97
01110111010		97
01101011011		97
01000100001		97
00111111010		97
00101011111		97
00100011001		97
00010111010		97
00010001101		97
11001000111		96
11000100100		96
11000011011		96
10011000011		96
10010110001		96
01111111001		96
01110011011		96
01001111111		96
01000100000		96
01000001000		96
00011000110		96
11101101010		95
11100111100		95
11011001001		95
11001010100		95
11000011101		95
10000111010		95
10000110001		95
01100011111		95
01100001000		95
01010111000		95
00111100011		95
00110111010		95
00011010110		95
00010101111		95
00000011011		95
11010011100		94
11000001111		94
10110110000		94
10011011110		94
01110100011		94
01110011110		94
01011011101		94
01011000011		94
01000001110		94
00111101100		94
00110011100		94
00101101000		94
00010011101		94
00001100001		94
11110101011		93
11000100101		93
10101110001		93
10101101000		93
10001101111		93
10000011111		93
01110111101		93
00111011100		93
00001010111		93
00001001100		93
00000111000		93
11101001100		92
11100110011		92
11100000111		92
11011110000		92
11011000001		92
11010001110		92
11001101100		92
11000101011		92
10110001110		92
10010001100		92
01110000100		92
01011111010		92
00101001001		92
00100010101		92
00010010100		92
10111111101		91
10010010100		91
10001001110		91
01100000111		91
01001101011		91
00100101100		91
11011101001		90
11011000100		90
11010111110		90
11010100001		90
11001100010		90
11001011101		90
10110100001		90
10101011001		90
10010011101		90
10001011101		90
01111001000		90
01110001100		90
01011110000		90
01000111111		90
00111110001		90
00110011001		90
00101000010		90
00100111101		90
00011101011		90
00011001011		90
00001011010		90
00000100011		90
11101110010		89
10111101010		89
10101001110		89
10001010100		89
01010100100		89
11111000001		88
11011011101		88
11000111111		88
10110000100		88
10100100100		88
10011101110		88
01110001101		88
01100001100		88
01010101100		88
00100100000		88
00000111101		88
11110100110		87
11110011111		87
11101001110		87
11000100110		87
11000000001		87
10101000101		87
10100011110		87
10000111000		87
01110100010		87
01110001001		87
01001001110		87
00101000111		87
00100001011		87
00011101000		87
00011011010		87
00011001110		87
00001011101		87
10101100000		86
10100100011		86
10000110000		86
10000011110		86
01110100111		86
01100111000		86
01011000101		86
00011100001		86
00010010101		86
00001010101		86
00001000101		86
00000100110		86
11111001000		85
11110000000		85
11101001101		85
11101001010		85
11011111000		85
11011001100		85
11010100010		85
11001000110		85
10011111011		85
10000010100		85
01001110010		85
00111111100		85
00111011110		85
00100110001		85
11101011111		84
11101011011		84
11100111101		84
11011101100		84
11001101011		84
10011011011		84
10011011000		84
10011001110		84
10010000101		84
01110111011		84
01110100001		84
01010111111		84
01010011001		84
00100101101		84
00011001111		84
00010100010		84
11111001011		83
11110100010		83
11101110011		83
11101010111		83
11100100101		83
11100001110		83
11010111100		83
11010001101		83
11010000111		83
11000000111		83
10101110010		83
10100011111		83
10100001111		83
10011001100		83
10001111001		83
10001100001		83
10001100000		83
01011001001		83
01010010110		83
01010000110		83
01001101001		83
01001011001		83
01000101110		83
00101011100		83
00101010101		83
00000110000		83
00000101010		83
11101000000		82
11100111111		82
11100001111		82
11000000010		82
10100100001		82
10010001001		82
10001010110		82
01110111001		82
01101101011		82
01101001110		82
01100111110		82
01010001000		82
00011001000		82
00010110001		82
00001101001		82
00001011100		82
11111001010		81
11010011010		81
11001011111		81
10111110010		81
10111100001		81
10111011110		81
10100001010		81
01111001110		81
00110010101		81
00010001110		81
00001110001		81
00000001100		81
11111001111		80
11110100001		80
11100000100		80
11011100101		80
11011010110		80
11000111011		80
10110111110		80
10110100100		80
10011100010		80
10000011011		80
01111101111		80
01110001011		80
01011101100		80
01010101101		80
01001100110		80
00101001110		80
00011100000		80
00011011011		80
00011010101		80
00000101011		80
00000000111		80
11111110000		79
11010001010		79
11000101101		79
11000100010		79
10101111101		79
10101111001		79
10100101001		79
10011011001		79
10001101110		79
10001101011		79
10001001010		79
01100111101		79
01100111010		79
01010100001		79
00111111111		79
00110011101		79
00101000000		79
00100100111		79
11111110011		78
11111011111		78
11110000001		78
11010001001		78
11001111001		78
11000011111		78
10111100111		78
10100111001		78
10010100000		78
10000111101		78
01111101100		78
01111011111		78
01010111011		78
01010001010		78
01010000101		78
01000111000		78
01000001100		78
00111001101		78
00111000111		78
00101000101		78
00100000100		78
00000101001		78
11111011011		77
11100101100		77
11011111111		77
11011111110		77
11010101100		77
10111101100		77
10111000000		77
10110111010		77
10110100010		77
10101111110		77
10011100000		77
10011000111		77
10010111100		77
01110011101		77
01110010110		77
01110000001		77
01101101111		77
01100011101		77
01100011001		77
01000000000		77
00111011101		77
00000011101		77
11111111010		76
11111111000		76
11110001101		76
11100111011		76
11000111110		76
10101110011		76
10101101001		76
10011110011		76
10010110011		76
10010101101		76
10001000011		76
10000101100		76
01111001101		76
01001111100		76
01001011010		76
00110001110		76
00101100011		76
00101011011		76
00000001111		76
11111001110		75
11101111010		75
11010100101		75
10000000111		75
10000000100		75
01101011110		75
01001010110		75
00111011001		75
00111001000		75
00101000011		75
00100110011		75
00100011111		75
00011011001		75
00010011110		75
00001111000		75
00000011111		75
00000000100		75
11101110000		74
11000010110		74
10111111011		74
10111111001		74
10110100101		74
10110010101		74
10010111101		74
10010011110		74
10001111011		74
01011101011		74
01011011011		74
01011011001		74
00101010100		74
00101001100		74
11111111011		73
11110100100		73
11010011110		73
10111001110		73
10111000011		73
10110011110		73
10101011011		73
10100100101		73
10100001011		73
10100000111		73
10011101011		73
10011000001		73
10001011100		73
01111100000		73
01101101000		73
01101000010		73
01011101000		73
01011011111		73
01000101100		73
01000011010		73
00101101101		73
00100101011		73
00100011110		73
00010111111		73
00010100011		73
00001101100		73
00000110011		73
11110010111		72
11110010101		72
11101111110		72
11101011010		72
11100000110		72
11100000010		72
11001111100		72
11000101111		72
10110001101		72
10001100101		72
10001001000		72
01101100011		72
01011101010		72
01011001011		72
01010011010		72
01001100010		72
01000011000		72
00111100111		72
00111100100		72
00111001110		72
00011110010		72
00011000011		72
00010111110		72
00001001010		72
11111101010		71
11110111001		71
11100000001		71
11001101010		71
11000000000		71
10100111100		71
10010101111		71
10000001001		71
01111111100		71
01111110011		71
01110000101		71
01011111000		71
01010110011		71
01001111101		71
01000111010		71
01000000100		71
01000000011		71
00100000011		71
00010101011		71
11111011001		70
11101111001		70
11011111101		70
11011101010		70
11011011000		70
11011000111		70
11010000101		70
11000010111		70
10111110000		70
10111000010		70
10100101010		70
10000111100		70
01101100111		70
01100011110		70
01010101000		70
01001001000		70
00101110001		70
11110111111		69
11011100001		69
11011001111		69
11010100111		69
11010010100		69
10101100111		69
10101001101		69
10011110000		69
10011000110		69
10010100011		69
10010001010		69
10000100011		69
10000000101		69
01110010101		69
01001010111		69
00010111000		69
00000110001		69
11101011001		68
11010011000		68
11010010110		68
11000001010		68
10110100000		68
10100000110		68
10010011001		68
10001011001		68
01110011000		68
01101101100		68
01101100101		68
01100100111		68
01100100101		68
01011111110		68
01010101111		68
01001011110		68
00001000010		68
00000110010		68
11011001011		67
10010100101		67
10010011010		67
10001111101		67
10001010111		67
10001000101		67
01111100010		67
01111011001		67
01000011101		67
00111001010		67
00111000100		67
00100110010		67
00001100100		67
00001000001		67
00000101000		67
11100100011		66
11100010111		66
11100001001		66
11011111100		66
10111111111		66
10110111100		66
10100101111		66
10011101111		66
10011000000		66
10010101100		66
10001100011		66
01110000110		66
01101011010		66
01011101101		66
01000010111		66
00111101111		66
00110100001		66
00110011111		66
00110001001		66
00100010100		66
00011100110		66
00010100000		66
11100110000		65
11011101011		65
11011100111		65
11011010100		65
11000100011		65
10101100101		65
10101100010		65
10101000000		65
10011001011		65
10010111011		65
10000011001		65
10000001100		65
01111111000		65
01011001010		65
01010111100		65
01001000011		65
00111000001		65
00110111100		65
00101111111		65
00101111100		65
00100000101		65
00011100101		65
00011000000		65
00010110010		65
00001111100		65
11101011100		64
11100101101		64
11011100100		64
11000111100		64
10111000111		64
10110101111		64
10100111011		64
10010001110		64
10001101101		64
10000001000		64
01110011111		64
01101100110		64
01011001101		64
01011000010		64
01001000010		64
00111001011		64
00111000101		64
00100111011		64
00100000001		64
00010100111		64
00001001000		64
11101010100		63
11100100100		63
11011101101		63
11001111010		63
11000100001		63
10111011000		63
10110011111		63
10110011100		63
10101011010		63
10100001101		63
10100001000		63
10100000010		63
10010101010		63
10010100110		63
10010000100		63
10001111010		63
10001001001		63
01111001010		63
01101111100		63
01101000100		63
01011100110		63
01001111110		63
00111111011		63
00111000010		63
00101001101		63
00010011111		63
00010011001		63
00000010100		63
11111001100		62
11110111011		62
11101000100		62
11011101000		62
11011100010		62
11001001110		62
11001001010		62
11000101000		62
10111111010		62
10111011010		62
10111001100		62
10011101000		62
10011011100		62
10011000010		62
10010100100		62
10001100111		62
01111000000		62
01101110011		62
01001000001		62
01000100011		62
01000011001		62
00110111111		62
00101001000		62
00011111101		62
00010001001		62
00001100111		62
11110001100		61
11101000110		61
11100111001		61
10001101001		61
10000111001		61
01111101001		61
01100100000		61
01100001010		61
01011111001		61
01001111011		61
01001001001		61
01000101011		61
00111110000		61
00110101100		61
00101111101		61
00101110010		61
00100011010		61
00011111011		61
00001010110		61
00000010110		61
11111100001		60
11111100000		60
11110111000		60
11110011010		60
11110001001		60
11110000100		60
11100001010		60
11010111000		60
11010000000		60
11001001101		60
10111100101		60
10110011010		60
10110000011		60
10101100100		60
10101011000		60
10010001000		60
10001000000		60
01111001100		60
01101001000		60
01100101101		60
01010011011		60
01001111010		60
01001001011		60
01001000110		60
00101101100		60
00101011001		60
00100111001		60
00100100101		60
00011101010		60
00010100110		60
00010001100		60
11111111110		59
11111101011		59
11110001111		59
11110000011		59
11101001011		59
11010000100		59
10110101110		59
10110000111		59
10101000010		59
10100101101		59
10100010111		59
10010011000		59
10010000110		59
10001100110		59
01111111110		59
01111000011		59
00100100110		59
00100100010		59
00100010110		59
00011101100		59
00011000001		59
00000111110		59
11111110001		58
11111010101		58
11111010100		58
11110111101		58
11110110011		58
11101111111		58
11001100110		58
11001011001		58
10110001001		58
10110000010		58
10101001111		58
10011111100		58
10011011111		58
10000101110		58
01110100110		58
01101111010		58
01101011000		58
01101000001		58
01100101110		58
01100000110		58
01011000111		58
01001010100		58
01000110011		58
01000011011		58
00110011010		58
00011100010		58
00011001101		58
00010101010		58
00010000110		58
00000101111		58
00000101100		58
11111010111		57
11100111000		57
11010110011		57
10111101011		57
10110011011		57
10101101011		57
10100000001		57
10000101111		57
01100010111		57
00111010101		57
00110101101		57
00110101010		57
00110100000		57
00100100001		57
00011101001		57
00001000111		57
00000000010		57
11111111111		56
11111110010		56
11100101111		56
11010100011		56
11001111101		56
11001011100		56
11001000011		56
11000100000		56
10111101000		56
10111001101		56
10010101000		56
10010011011		56
10010010111		56
10000111110		56
01101010100		56
01100100100		56
01011100111		56
00111100001		56
00110010011		56
00101101111		56
00010110011		56
00010100101		56
00001100000		56
11111100010		55
11111000110		55
11101000001		55
11100000101		55
11000110011		55
11000110001		55
10111001011		55
10111001000		55
10110001000		55
10100010110		55
10010111000		55
10010001011		55
10010000011		55
10001110010		55
10001101100		55
10001011110		55
01111111111		55
01111110001		55
01110100101		55
01101110010		55
01000100010		55
00110111011		55
00101110000		55
00100010000		55
11110100000		54
11110010110		54
11101100000		54
11101000010		54
11011110010		54
11010001000		54
11001111000		54
11001001100		54
11001001001		54
11000011000		54
10111100011		54
10110101010		54
10110100111		54
10101010100		54
10011110001		54
10011101100		54
10000110011		54
01111111011		54
01111101110		54
01101001101		54
01101000101		54
01100001110		54
01000011100		54
00111100101		54
00111010111		54
00110111110		54
00101100100		54
00100101110		54
00100010111		54
00100000010		54
00010000000		54
00001000011		54
00000011100		54
11011001101		53
11010001111		53
11001001011		53
11001000100		53
11000000101		53
10101111011		53
10100101100		53
10100001001		53
10010011100		53
01111110000		53
01111011100		53
01110110000		53
01101100001		53
01101001111		53
01100101001		53
01010110010		53
01010000100		53
01010000011		53
01001110000		53
01001101000		53
01001001010		53
01000010110		53
01000001001		53
00111001111		53
00011000111		53
00010111100		53
11110001010		52
11101100100		52
11001000010		52
10111110011		52
10111010101		52
10110111101		52
10101010110		52
10100111110		52
10000100001		52
01111110010		52
01111101101		52
01110101101		52
01110010100		52
01101101010		52
01101011101		52
01100111001		52
01100101010		52
01100001101		52
01010101110		52
01010001110		52
01000010100		52
00111111001		52
00110100010		52
00000100101		52
11100101110		51
11100011101		51
11100001000		51
11011100000		51
11010110010		51
11000011100		51
10110101011		51
10101001011		51
10101000001		51
10100011010		51
10010111110		51
10010111010		51
10000100000		51
10000011100		51
01101001100		51
01011110001		51
01011010100		51
00111010100		51
00110100110		51
00101111001		51
00101101110		51
00010001000		51
11111001101		50
11101010110		50
11100111110		50
11100110001		50
11000011001		50
10111100100		50
10110000001		50
10011111101		50
10011101010		50
10011001101		50
10001001011		50
10000000001		50
01110001010		50
01110000010		50
01110000000		50
01101100100		50
01100110010		50
01100100001		50
00111101010		50
00110100011		50
00110011011		50
00100001110		50
00011111110		50
00001110000		50
00001000000		50
11111001001		49
11110011011		49
11100010101		49
11011100110		49
11001101101		49
10101100110		49
10101000110		49
01101001001		49
01100101100		49
01100010100		49
01010101010		49
00111101001		49
00101100111		49
00100001010		49
00001111110		49
00001111010		49
11111000111		48
11110101110		48
11110100011		48
11100111010		48
11010111101		48
11010000010		48
11001110010		48
10111001111		48
10110111001		48
10110001011		48
10101010111		48
10101001010		48
10100101110		48
01111101011		48
01010101011		48
01001101111		48
00111100110		48
00101111000		48
00101101011		48
00100100100		48
00011111100		48
00010100001		48
00001001011		48
00000100111		48
11111100100		47
11101100011		47
11011010101		47
10111100110		47
10111000110		47
10110010100		47
10101111000		47
10101011100		47
10100001110		47
10000101011		47
01101100000		47
01101011111		47
01010111110		47
01001101100		47
01001100001		47
00111001001		47
00110100111		47
00110010100		47
00110000111		47
00001001110		47
11110001000		46
11101000011		46
11100010110		46
10110111011		46
10010101001		46
10010000000		46
01111000010		46
01111000001		46
01110111110		46
00101101010		46
00101011110		46
00101001011		46
00100110000		46
00011110001		46
00010101001		46
00010001011		46
11111101001		45
11111100011		45
11100100111		45
11100100110		45
11011011010		45
11010000001		45
10111110001		45
10111010100		45
10101111100		45
10101001000		45
10010010110		45
10001000001		45
10000101001		45
01110101100		45
01100101111		45
01100100011		45
00111100010		45
00110101111		45
00101111110		45
00000001110		45
11111101000		44
11101010011		44
11011001000		44
11001100011		44
11000110010		44
11000001110		44
10111100010		44
10100101000		44
10011010101		44
10001101010		44
01111100111		44
01111011110		44
01101111011		44
01100111100		44
01000101000		44
00111010110		44
00110111001		44
00110001010		44
00101001010		44
00011111111		44
00011101111		44
00001100110		44
11111100111		43
11111000010		43
11100011011		43
11010101110		43
11010011011		43
10111011100		43
10111010110		43
10110110010		43
10110001010		43
10100011001		43
10011001010		43
10010101110		43
10000101000		43
01111010100		43
01100000101		43
01000000001		43
00110111000		43
00110011000		43
00001111001		43
00001011110		43
11110100101		42
11110000101		42
11101101111		42
11100011010		42
11001001000		42
10101101101		42
10100111000		42
10100110010		42
10100110000		42
10011001000		42
10010100010		42
01111100011		42
01111100001		42
01101111000		42
01101110001		42
01100101011		42
01011101001		42
01010111010		42
01001101101		42
01001101010		42
01000110010		42
01000110000		42
00111011000		42
00110110011		42
00101100101		42
00100011011		42
00011001001		42
00001101111		42
00000011001		42
11111000000		41
11100000000		41
11001010101		41
10110010111		41
10101101110		41
01111001011		41
01101000011		41
01100001001		41
01100000011		41
01010001001		41
01000110001		41
11110011000		40
11101011110		40
11100100001		40
11011001010		40
11011000110		40
10111101110		40
10110101100		40
10110101001		40
10110010110		40
10001101000		40
01111010101		40
01110110011		40
01011101111		40
01001000101		40
01000101010		40
00110111101		40
00110000110		40
11100101011		39
11011110001		39
11011011001		39
11001101000		39
11000101010		39
10111101101		39
10110110001		39
10110101000		39
10110011000		39
10100010100		39
10010111001		39
01110111100		39
01101101101		39
01101100010		39
01101011001		39
01100000010		39
00101100110		39
00100011000		39
00010000100		39
00001101101		39
11110011001		38
11100100000		38
11011101111		38
11010101010		38
11010101000		38
11000010100		38
10110010000		38
10011111110		38
10010010101		38
01110101010		38
01101111101		38
01101110000		38
01101010101		38
01100000000		38
00111101110		38
00110000001		38
00100101000		38
00011111000		38
00001000100		38
11111101101		37
11101101001		37
11010001100		37
11001100101		37
10100000100		37
10011000100		37
10010101011		37
01000010101		37
00100000110		37
00001101010		37
00001001001		37
00001000110		37
11111000101		36
11111000011		36
11101001001		36
11010101001		36
10111101001		36
10001100100		36
10001010101		36
10000101010		36
01111001001		36
01101101001		36
01101000000		36
01100100110		36
00100101001		36
11111111001		35
11101101110		35
11001101111		35
11001101110		35
10101000100		35
10001000111		35
01110100000		35
01010111001		35
00110110010		35
00110110000		35
00110000000		35
00100111000		35
00010000001		35
11111101110		34
11110101100		34
11101101011		34
11101100001		34
11010100110		34
11000101001		34
10111111000		34
10110100110		34
10101110000		34
01110101000		34
01110001000		34
01100000100		34
01001111000		34
01001000111		34
01001000000		34
01000101001		34
00011101101		34
00010001010		34
00001111101		34
11111101100		33
11101100110		33
11101000111		33
11011111001		33
11010010001		33
10111000101		33
10011000101		33
00010011000		33
11100001101		32
11011100011		32
11010101111		32
11000010011		32
10110000101		32
01110101110		32
01100110000		32
00100000000		32
11101100010		31
11010111010		31
11010100100		31
10011101101		31
01111000100		31
01010101001		31
01001010101		31
01000101111		31
00110100101		31
00101101001		31
10100100010		30
10100000011		30
10011111000		30
10011001001		30
10001000110		30
01111101010		30
01110101111		30
01100110001		30
01100010001		30
11110101111		29
11101100111		29
10100010101		29
10100000101		29
10011111001		29
01100100010		29
01001010011		29
00111110010		29
00111101000		29
00101011000		29
00101000110		29
00100101111		29
11110000010		28
11010101011		28
10110011001		28
10000110010		28
01100011000		28
01011010101		28
01011001000		28
01001000100		28
00000000101		28
10110000000		27
10101101010		27
01110110010		27
01101111110		27
00110110001		27
11110101010		26
11101101100		26
01100000001		26
00010111001		26
00010110101		26
00001101000		26
11011101110		25
10010000001		25
01001111001		25
00110000010		25
11110111100		24
11110101001		24
11110010100		24
11110001011		24
11100101001		24
10101010101		24
10100000000		24
10011010011		24
01101011100		24
01001110111		24
01111000101		23
01010000000		23
01001101110		23
00110101011		23
00110101001		23
00110001011		23
00100101010		23
11100110010		22
11100000011		22
10100110001		22
10001010000		22
11111101111		21
11110101101		21
11100100010		21
10111101111		21
10111010011		21
00001101110		21
11100101000		20
11010011001		20
10111001001		20
10100011000		20
00110101000		20
11001111011		19
10101101111		19
01101111001		19
00001111011		19
11001100100		18
11001010010		18
01010000001		18
11100101010		17
11110101000		16
01101000111		16
01101000110		15
00111010001		15
10010010001		14
11101010010		13
10000010001		13
01111010010		13
11100010000		12
01101010011		12
00001010011		12
01001010010		11
00101010011		11
00010010001		11
11111010000		9
10011010001		9
00110010010		9
11001010011		8
10100010000		8
10001010011		8
01010110101		8
11110110010		7
11101010001		7
10110010001		7
01101010010		7
01100010000		7
00100010001		7
00001010010		7
11111010011		6
11000010010		6
10001010010		6
00011010010		6
11100010001		5
10111010010		5
10111010001		5
10100010001		5
11011010000		4
10110010011		4
10101010010		4
10000010011		4
01011010011		4
01000010011		4
01000010001		4
00110010001		4
00000010001		4
11110010011		3
11110010000		3
11011010010		3
11001010000		3
10101010011		3
01111010011		3
01011010010		3
01000010000		3
00111010000		3
00110010000		3
00101110101		3
00011010011		3
00011010001		3
11100110100		2
11100010011		2
11011010001		2
11010010000		2
10111110101		2
10101010000		2
10100110111		2
10011010010		2
10010110101		2
10010110100		2
10010010000		2
10000110100		2
10000010010		2
10000010000		2
01111010000		2
01110010011		2
01110010001		2
01101110101		2
01010010011		2
01001010000		2
00111010011		2
00110110101		2
00010010011		2
00000110111		2
00000010000		2
11111110101		1
11111010010		1
11111010001		1
11110110101		1
11110110100		1
11110010010		1
11110010001		1
11101110111		1
11011110101		1
11011010011		1
11010110111		1
11010110110		1
11010110101		1
11010110100		1
11010010011		1
11000010001		1
11000010000		1
10111110110		1
10111010000		1
10110010010		1
10101110101		1
10100110110		1
10100110101		1
10100010011		1
10001010001		1
01111110111		1
01111110110		1
01111110100		1
01110010000		1
01100110111		1
01100010010		1
01011110100		1
01011010001		1
01011010000		1
01010010001		1
01010010000		1
01001110110		1
01001010001		1
01000010010		1
00111110111		1
00111110110		1
00111110101		1
00111010010		1
00101010000		1
00100110111		1
00100110101		1
00010110100		1
00001110110		1
00001010001		1
00001010000		1
