01010110011		1128
01011110011		1079
01010011111		977
01010111111		955
01011111100		935
11010111111		904
11001110011		869
01000011111		864
01010011100		848
01001110011		846
00110111111		832
01010111101		829
01000001011		829
01110111110		820
01000111111		807
01001111101		806
10010111111		805
01010111100		805
00000111011		801
01011011111		799
11010011111		797
00010111010		796
10000111100		791
01011111101		783
01010010111		782
01010111000		773
01010100011		763
01000110001		762
10110111111		758
00111111100		750
01010001111		748
01011111010		746
00111111110		741
01011110001		740
01100111111		739
00010111111		738
11000111000		735
01110111111		729
10011110010		727
11110111111		724
01011111011		724
01001110010		722
11010111100		720
01001011000		720
01011000000		718
01010101101		718
01110011100		713
10000111111		709
01000111011		709
10000011101		705
11110001100		703
10010110011		702
10011011011		698
01010011101		696
00000111111		695
01110011101		693
00010011101		690
11010001111		688
10010111100		688
01001011111		687
01000001100		685
00111110000		685
01000111101		683
01011001101		682
01010100111		682
01000011100		682
01011100010		675
01011001100		675
00000111010		675
11111111111		674
01011011110		673
01010110010		673
11001011011		671
10000001100		669
01011011100		669
00000011101		669
01001111111		668
10000111101		667
11111111100		665
01011011010		662
10111111010		661
01100111011		661
01010101100		660
01111011011		659
00011110011		658
01011111111		657
10001110001		656
11110111101		655
00010111110		652
00000111100		651
10000011111		649
11000110011		648
00010110000		648
11111011110		643
01011011001		643
00100111111		643
00010111101		643
11110111011		642
11000010101		642
10100111100		642
01111111111		642
10110111000		640
11011111101		639
00010111100		639
01011110010		637
10101110000		635
01110111101		635
01011011101		635
01110001100		634
01010010101		633
01000111100		632
00110111100		632
10010110010		631
01010111011		631
10111011011		629
01001011101		629
01000001111		629
01010001100		628
00111111101		628
01111111100		626
00100011100		626
00010110010		622
10110111011		621
01100111100		620
01011010111		620
00010111011		620
10010111101		619
01011100000		618
01011100011		616
11010111101		615
01001111011		615
01000011101		615
10111110010		613
10110111110		613
01010011110		612
11100111111		611
11001111111		611
01101111010		611
10101011100		610
01000110010		608
10001111100		607
10001011000		607
01111001111		607
01110111100		605
11011011011		604
01000001101		604
01011001011		603
10111111000		602
10100111101		601
01010001110		599
11001110001		598
11001011101		598
10010111110		597
00011111010		597
11000111101		596
10000110011		595
01111101111		594
01010000111		594
00011011010		594
10010111011		592
01010001101		592
10000111010		591
01110011110		591
00001011000		588
10111111111		587
01101111110		587
01011101000		585
01000111001		585
11010001011		584
10001011011		584
01001011110		583
11110011100		582
01001111100		582
01001011010		582
00011011100		581
11000011011		580
01111111110		580
01001100011		580
01011001111		579
00011011101		579
11001111110		578
11011011111		575
01100111001		575
01000000111		575
10110001100		574
11010111011		573
10110011100		573
10011111100		573
10000111000		573
00100001101		572
10001011100		570
11000111100		569
10100111011		569
10011110000		569
00010011100		569
10000011001		568
11000001111		566
01010111010		565
01001001101		565
00010101100		565
01100001110		564
00110111011		564
00000111110		564
11001110010		563
01000100101		562
01001001100		561
10001001101		560
01111101001		560
01101110011		559
01000111110		559
01101011011		558
10011110011		557
01000100010		557
11100101101		556
01100111101		556
01001011001		556
01000011110		556
00101011011		556
11011111100		555
10000111011		555
01000101101		555
00011001100		555
10111101001		554
01010110000		553
01110111010		552
10011001000		551
01001011100		550
11000111111		549
10100011111		549
01100001100		549
01110011111		548
00010111001		548
01000001010		547
11111111101		545
01011001110		545
00100011011		545
10000011011		544
10010000111		543
01100100111		542
01010010100		542
00100111101		541
10111111101		540
11000111011		538
00100011110		538
10100111010		537
00111001100		537
00100111000		537
01111011111		536
01010100110		536
11011111010		535
01110100101		535
11010011011		534
10010011101		534
01111100011		534
10011011010		533
11000001011		532
10111011101		532
01010101010		531
00010101011		531
10110111101		530
10000111110		530
11100111100		529
11001111101		529
11000011100		529
10110011111		529
10000011100		529
01111110000		529
00110111101		528
11101001100		527
11100111011		527
11100010110		527
01110101111		527
01000001110		527
11000111001		526
10101110011		526
00100111100		524
10111110000		522
01010111001		522
01010010110		522
00100111001		522
01000101100		521
11000110010		519
11000011101		519
10100001100		519
01000110011		519
01011000011		518
01111111010		517
01011011011		517
01001011011		517
10100111111		516
10001011001		516
01110110010		516
11010101111		515
10111111100		515
01111110010		515
00011111101		515
10000001101		514
01100011100		514
11111111010		513
11111110001		513
11111011010		513
11100001100		513
11000011111		512
11000001001		511
10101110001		511
01100011110		511
11110001110		510
01111011101		510
01000011010		510
01111001100		509
01000110000		509
00010010101		509
00000001101		509
11100111000		508
11011110010		508
01110001110		508
01100111110		508
01100010101		508
00111111011		508
00100111110		508
01010001011		507
00111101011		507
00101110010		506
10001110000		505
00010011110		505
00001111111		505
01111011000		504
01011101011		504
10011111111		503
00001011001		503
11000011110		502
10110110011		502
10001110011		502
10100111000		501
10001011111		500
11001001100		498
01000010111		498
00110101101		498
00010110001		498
11101001010		497
10010011001		497
00101111111		496
10101110010		494
01010001000		494
10010001111		493
00011011001		493
01000100001		492
11010011100		491
11000001100		491
01111100101		491
11111111011		490
11001011110		490
01100100100		490
01011111000		490
00111011100		490
00011110000		490
00011011011		490
11110011101		489
11101011011		489
01011011000		489
00111110011		489
00011100000		489
00010100100		489
11010001100		488
11001011111		488
01010011000		488
10000100110		486
01110001101		486
11110011110		485
01001111000		485
00001110010		485
11011110011		484
10100011110		484
01001110000		484
00001011100		484
00000111000		484
10100100001		483
10010011111		483
10001111111		483
00001011101		483
00000110001		483
10010111010		482
10000001011		482
11010111000		481
10110111010		481
01010011001		481
11010110010		480
11010010111		480
01011111001		480
00000011001		480
10001100011		479
01011110000		478
01011101010		478
01000010100		478
00011101000		478
11111010100		477
11100100100		477
10101111011		477
10000110010		477
10000010111		477
00010111000		477
11110111001		476
10111111001		476
00111011000		476
00011111100		476
01111110011		475
00001011011		475
11110111110		474
11011001100		474
00110001101		474
10111100000		473
10111011010		473
10001111101		473
00000001100		473
11101110001		472
01101111101		472
01010011011		472
01000011001		472
00100100110		472
11010110011		471
10010001110		471
01100001101		471
00000011000		471
11100011111		470
10010001100		470
11100011110		469
11010100001		469
10000100100		469
11100111110		468
11001101001		468
10010101101		468
00110101111		468
11101110000		467
10111011001		467
10001111000		467
00110011011		467
00110001111		467
10011011001		466
01010100001		466
01000000100		466
00110001000		466
11100110000		465
10011001101		465
10001101001		465
10000100010		465
10000001111		465
01101111100		465
01010110001		465
00100101111		465
00011111111		465
00010101010		465
11110101111		464
10010011010		464
01010001010		464
10100010100		463
01001100010		463
01000111000		463
10111001100		462
10110111100		462
10101011111		462
10101011101		462
10011011000		462
10000010100		462
10000001110		461
01011010110		461
00111111111		461
11110001111		460
10000110001		460
01110100011		460
01000100100		460
11101110010		459
10111111110		459
01101101000		459
10010011100		458
01101111000		458
00101111011		458
10010011000		457
01110101101		457
00110110011		457
00000011011		457
11010000101		456
01110100111		456
11100011100		455
11011101000		455
10110110010		455
10101011011		455
10001001100		455
01110111000		455
01010101011		455
01001111110		455
10100011011		454
10001001001		454
01100011011		454
11100011000		453
10010011011		453
00110011101		453
00100111011		453
11100100011		452
01110010101		452
01010100101		452
00010011111		452
00010001011		452
11110111010		451
10010100111		451
11011110001		450
11010011010		450
01111001101		450
01011000100		450
00101001001		450
00000001011		450
11101111100		449
10100111001		449
00101011101		449
00100101100		449
11110111000		448
10110100000		448
01111011010		448
01001100100		448
00111001101		448
00000010100		448
10101111111		447
01111000101		447
01010111110		447
11110110011		446
11001100010		446
10010110000		446
10001101011		446
10000010110		446
00010010100		446
11011110000		445
10011001111		445
10011001100		445
01000111010		445
00001100001		445
11111001100		444
10001000011		444
01111111001		444
01011100001		444
11101000000		443
01100100001		443
01010101110		443
01000100011		443
11110100101		442
10000110000		442
01011010100		442
01010100100		442
00000011111		442
11010100000		441
01110000100		441
11111100011		440
10001001111		440
01110101100		440
01001101000		440
11111011000		439
01111100000		439
01110101000		439
01001110001		439
00110101011		439
00100101000		439
00011111011		439
11110010111		438
11011111110		438
11001101011		438
01101110000		438
01100010110		438
10011011101		437
10010100001		437
00011101011		437
10101001100		436
10001000001		436
01111011100		436
01110111001		436
11000001110		435
01111101011		435
01011111110		435
00001001100		435
11000111010		434
11000100000		434
01101100011		434
01100101100		434
01100001111		434
01011000101		434
01000100111		434
01000100110		434
00100111010		434
00010100000		434
10110001000		433
11010111110		432
10111111011		432
10001111010		432
01101111011		432
00010001100		432
10111001101		431
10011101001		431
11011111111		430
10100101101		430
01001001111		430
00110111000		430
11010110001		429
11010101101		429
11010100100		429
10101111100		429
01101100000		429
00101011100		429
11101110011		428
10001001000		428
01110001111		428
01101011101		428
01011101001		428
00110110001		428
11010101100		427
10111110001		427
00101110000		427
00010001101		427
10111101000		426
10100011100		426
10011111110		426
01111111101		426
01100100000		426
00001100011		426
11111001111		425
11010100101		425
11000011000		425
10000000111		425
01110100100		425
01001000010		425
00111000000		425
00101110011		425
11100101000		424
11100001011		424
10101111000		424
01111110001		424
01110101010		424
00000110000		424
00011111110		423
11010100111		422
00101001101		422
11010010100		421
10010001011		421
01101110010		421
00000100101		421
11011100011		420
10011001011		420
10011000000		420
01010101001		420
00111011011		420
00010001111		420
11000101011		419
10101111101		419
01101101001		419
01001001000		419
00110101100		419
11010011101		418
00110100001		418
11001011100		417
10011111101		417
10001111011		417
01110111011		416
00000110011		416
00000110010		416
11111110000		415
01111100111		415
01111010111		415
01011100101		415
11111101011		414
11000001010		414
00100010101		414
11110001010		413
11101011111		413
11011011100		413
10111101101		413
01110000111		413
00111011110		413
00000011100		413
11001111100		412
01100110011		412
01010101111		412
11001111011		410
10001000101		410
10000011010		410
01011101100		410
01011001000		410
00001111000		410
11111101010		409
11101011000		409
11010001001		409
10000101100		409
10000001001		409
00111100001		409
00111011010		409
11111011011		408
00010110011		408
00001001000		408
11010011110		407
10010100101		407
00101011001		407
00001110011		407
11001001111		406
10000000101		406
01110110011		406
00111001001		406
00101111000		406
00001111110		406
11001111010		405
11001001010		405
11000010110		405
10100100111		405
10001011101		405
00010011001		405
11111101100		404
10100111110		404
01010101000		404
00011111000		404
11100110011		403
10101111110		403
10000111001		403
11011000101		402
10001100010		402
10001011010		402
01111011001		402
00010010110		402
01101000011		401
00101110001		401
11110101101		400
11110101011		400
10110101100		400
01111000010		400
01010000000		400
11100111101		399
10010100100		399
01110100001		399
01010011010		399
00010000011		399
00001001101		399
11111100010		398
11000001101		398
01100011010		398
00110110000		398
00001111100		398
11111111000		397
11010100011		397
11001001110		397
11001010111		396
10011111010		396
01101001100		396
01101001011		396
00011001001		396
11111110010		395
01000001000		395
00110011100		395
00101100001		395
11111110011		394
10001110010		394
10000001010		394
10000001000		394
00110001001		394
00011001101		394
11101010100		393
10100101100		393
00111111000		393
00111101111		393
00010001000		393
11110100111		392
10011001001		392
01010000110		392
00101000010		392
00011011000		392
11110011011		391
11000100111		391
10100110010		391
10011111011		391
01111100110		391
00011111001		391
00011001011		391
11101001101		390
10011011100		390
10001001010		390
10001000000		390
01011000001		390
00100001111		390
10111000000		389
10101011001		389
10101001000		389
01100111010		389
01100101101		389
01001000011		389
01000100000		389
00001001111		389
10100011101		388
00011110010		388
10110100111		387
10100001110		387
10011101010		387
00001111101		387
11111011100		386
11110010101		386
11000111110		386
11000101101		386
10110011000		386
10100110011		386
00111011001		386
00101111100		386
00100110011		386
00001001010		386
00000100100		386
11101100000		385
11000010111		385
01111100010		385
11010001110		384
11010001101		384
11111001110		383
11111001010		383
11101111101		383
11010000100		383
11000110001		383
10010111000		383
10001100000		383
01011001010		383
10011101011		382
10010110001		382
00000100010		382
11001111000		381
01001000001		381
00111001011		381
11111011001		380
11110011010		380
11001001101		380
10001111110		380
10000100101		380
01111001010		380
01110100000		380
00101100010		380
00010010111		380
00000101100		380
01000011000		379
11100001111		378
01001101111		378
00001011111		378
11001110000		377
10011101101		377
01010100000		377
00001110000		377
11100111001		376
10001011110		376
01101010111		376
00010011010		376
11110100100		375
11100110001		375
10101100001		375
01100011111		375
01000101001		375
10111011111		374
10110100101		374
10010001101		374
10000011110		374
00110001100		374
00100001110		374
00000001001		374
11001001000		373
10100010111		373
10001001011		373
01110100110		373
00101111110		373
10101111010		372
01100101111		372
01011001001		372
00111101000		372
00010101111		372
10101101001		371
01110010111		371
01011100111		371
01000101000		371
00110001110		371
11111000000		370
10110011101		370
01101101011		370
00100011111		370
11001000111		369
10110110000		369
00110010110		369
00011100011		369
00000111101		369
10101100000		368
01110101110		368
01110101011		368
00111011101		368
00111001111		368
00110001011		368
00011100001		368
10001101100		367
01111011110		367
01100010111		367
00111110010		367
00010100101		367
11110110001		366
11101100001		366
10001100001		366
01101011001		366
01100101001		366
00101000011		366
00100010100		366
00000010111		366
11101111111		365
10010101111		365
10000100000		365
01111001011		365
01010100010		365
01001100001		365
01001100000		365
01001001110		365
11011101011		364
10110101101		364
10110100011		364
00101101000		364
00011000011		364
00010001001		364
00000101011		364
00000001110		364
11001101000		363
10100010110		363
01101011111		363
01000000101		363
00101100000		363
11000100001		362
11011001101		361
11001111001		361
11001100011		361
11000000110		361
10111011110		361
10100110000		361
01000101111		361
00011000000		361
10110011011		360
01101011110		360
00100001010		360
01001010100		359
01000011011		359
11110100000		358
11110000110		358
11001011001		358
11001000100		358
10111010100		358
10110101011		358
01101001000		358
11001011000		357
11000011001		357
10101001101		357
00110011111		357
00101111010		357
00011010101		357
00000011110		357
11101111010		356
10111101100		356
01110001011		356
01101000010		356
01001010111		356
00101101101		356
11111111110		355
11110101110		355
11110100110		355
00100110001		355
11111101000		354
11001000000		354
00101001100		354
11101011101		353
11011111000		353
10110100100		353
10110011010		353
01100110000		353
01100101011		353
01100001011		353
00111101101		353
00101011010		353
00010100011		353
11100001001		352
11000000100		352
10100000100		352
10001000010		352
00110100111		352
00100001100		352
00010101000		352
10010111001		351
01001001011		351
00101010111		351
11110010110		350
11101000001		350
10011100001		350
01101100100		350
00111111010		350
00110011110		350
00001001011		350
00000101001		350
01110010100		349
01101101100		349
00111011111		349
00101011000		349
11011011101		348
10011100000		348
10011011111		348
01101101111		348
00101001000		348
11101011110		347
10111010101		347
10001100111		347
01100100110		347
00101000001		347
00100001011		347
11111011101		346
10101111001		346
10011011110		346
10001010100		346
10000011000		346
11101101010		345
11100100110		345
11011011010		345
10111100111		345
10111000001		345
10110001101		345
10101100100		345
10101011110		345
10101011000		345
01010000101		345
11100001110		344
10100100000		344
01100100011		344
01100010100		344
01011000111		344
00100011000		344
11100101100		343
11011100111		343
01101111111		343
01100011101		343
00110111010		343
00100100011		343
11000101010		342
10101101101		342
10000101010		342
10000101001		342
01111001110		342
01110010110		342
01101000100		341
00111101100		341
11000100100		340
10010101110		340
01001100111		340
10110000100		339
10010101100		339
01011100110		339
01000010110		339
00111100011		339
00110110010		339
00100101101		339
00000001000		339
11000100110		338
11000100101		338
10110101000		338
10110011110		338
01111010110		338
01111010100		338
01110000110		338
01000001001		338
00101100011		338
00100011010		338
00000000111		338
10111011000		337
10101010100		337
01111100001		337
01100100101		337
00010000000		337
11101100011		336
10100001011		336
01000010101		336
00001011010		336
01110000011		335
01101001001		335
00100100100		335
11110111100		334
11011000000		334
11001101100		334
10101000100		334
10100100011		334
10011110001		334
10001001110		334
10000101101		334
01101100010		334
01101010101		334
01100000111		334
01010000010		334
10011000111		333
01000000110		333
10111110011		332
10000000000		332
01101000000		332
11011001011		331
11000000010		331
01111101010		331
01100110010		331
11110001000		330
11110000111		330
11100001101		330
01110110000		330
00101100110		330
11001101010		329
10010001001		329
10001100110		329
00000100011		329
11111001101		328
11101011100		328
11011111011		328
11010101001		328
10010010111		328
01111101101		328
00000100111		328
11010101011		327
11001000010		327
10101101000		327
10010011110		327
00111000001		327
00001000000		327
11111100000		326
11110100001		326
10110010111		326
10110010101		326
01101001111		326
01011010101		326
01010000100		326
11111101111		325
10111001111		325
10111001011		325
10100101000		325
01111000011		325
01001000000		325
00110011000		325
11010001000		324
01111101000		324
01110001010		324
11111111001		323
11110000011		323
10101001010		323
11110001001		322
11011000111		322
10101100010		322
10100001000		322
10011000101		322
01101011100		322
00110100101		322
00101111001		322
00011001111		322
00000001111		322
11010001010		321
10110000101		321
10101011010		321
10011000001		321
00100100000		321
01111111011		320
01010001001		320
00000011010		320
01101011010		319
11011100010		318
11010011001		318
00111110001		318
00101000000		318
11101100010		317
11100010101		317
11010000111		317
11001000011		317
10011100010		317
10010001010		317
00110101110		317
00100010111		317
00010011011		317
11110001011		316
11101111110		316
11101111001		316
11011100101		316
10000100001		316
11001011010		315
10100100010		315
00111100000		315
00000101010		315
10110000111		314
10010010101		314
00110111110		314
00101101011		314
00101011110		314
00000010101		314
11110001101		313
11010111010		313
11010011000		313
11000101111		313
10101010101		313
10010010100		313
01100111000		313
00111010100		313
00110010101		313
11001101110		312
01000101011		312
00011011111		312
11001000001		311
10110101010		311
10101101100		311
01100101110		311
00011101010		311
00000111001		311
11101011001		310
11000000011		310
10101100101		310
10000101000		310
00001010101		310
11011001001		309
11010010110		309
10101000000		309
10100000001		309
01001001001		309
00110010111		309
10010100000		308
00001110001		308
11100011010		307
00000001010		307
11000100011		306
10111101010		306
10011010111		306
10000010101		306
01000000011		306
00100000111		306
00001000100		306
11100100101		305
11010100110		305
11010100010		305
11010000011		305
10110000010		305
10101101011		305
00101001010		305
11100010111		304
10111000111		304
10101101010		304
10100010101		304
10011111000		304
00011101001		304
00010001010		304
11011011001		303
10010101010		303
00111100010		303
00011100111		303
00010000010		303
11100011101		302
11001100001		302
10011101000		302
00100100111		302
00001101011		302
11110000010		301
11100000111		301
11011000010		301
01110000101		301
00110111001		301
11111001000		300
11110100010		300
01100011000		300
01011000010		300
01001010101		300
11000101100		299
10111101011		299
00111100100		299
11100001010		298
10100100100		298
10010000000		298
00001100010		298
10000000100		297
00110000100		297
11011011000		296
11000001000		296
10110110001		296
10110001111		295
10101000011		295
01110100010		295
00011101101		295
10110111001		294
11100101110		293
11010101110		293
01001101101		293
01001100101		293
11110110000		292
11101000101		292
10100011010		292
10011100101		292
10010100110		292
00100110010		292
00011001000		292
00011000010		292
00001100000		292
00000101101		292
11111000001		291
11100000101		291
10111011100		291
10011001010		291
01100101000		291
01001101001		291
00111001110		291
11011001000		290
11000101001		290
00100011101		290
11111000101		289
10111000100		289
10001111001		289
00011011110		289
00001000011		289
11100010100		288
10100001111		288
10011100011		288
01100000101		288
00110011010		288
00101100111		288
00000000001		288
11011101001		287
01110101001		287
00100010110		287
00011000100		287
00001100111		287
11111011111		286
11011100100		286
10100101010		286
10011010100		286
00000000011		286
11110101100		285
10001010111		285
10000100011		285
01111000001		285
01110011011		285
01001101100		285
00101011111		285
11100111010		284
11011001111		284
10111101111		284
10110001001		284
00100100001		284
00011110001		284
00001001110		284
11011011110		283
01111001001		283
10110001011		282
01011101101		282
01001111010		282
00111000101		282
00111000011		282
00110100011		282
00101111101		282
00000000101		282
10101001001		281
10000000010		281
01100001010		281
01010000001		281
01001111001		281
11111010111		280
11111001001		280
11101001000		280
10101100011		280
10100100110		280
01111111000		280
00111100110		280
00110010100		280
11100011011		279
10111001000		279
10011000010		279
10001101101		279
01101110001		279
01001101010		279
00110000111		279
00000100000		279
11110011111		278
10111000101		278
10100101001		278
01101000001		278
00010101001		278
10000100111		277
01110000001		277
11011101100		276
11011000011		276
01111000100		276
01100110001		276
00110100010		276
00001000001		276
11101111011		275
11101100111		275
11010111001		275
10111100001		275
10100011000		275
10000101111		275
00011010100		275
00001000111		275
11101101101		274
11010110000		273
11001001011		273
10000000110		273
01110110001		273
00100101110		273
11000010100		272
01101101010		272
00100011001		272
10100001101		271
01110011000		271
01110001001		271
01000101110		271
00110101010		271
10011100100		270
10010100011		270
10001101000		270
00101001110		270
00100100101		270
00001111010		270
11111010101		269
11101001011		269
11001101101		269
10011000011		269
10111001110		268
01011101110		268
00110100000		268
10110000011		267
10100101011		267
01111100100		267
01000000010		267
00010011000		267
00000100001		267
11111001011		266
11110000100		266
01111101110		266
00010100111		266
11101101111		265
11101000011		265
11000011010		265
11000000000		265
00010101101		265
00001101001		265
00001011110		265
10011101100		264
10000101110		264
00101001011		264
00010100110		264
11100100010		263
01111101100		263
01100101010		263
00111101010		263
00100110000		263
00100000100		263
11011010111		262
11001010100		262
10110010110		262
10001010101		262
00001000101		262
11111000100		261
11000101110		261
11000101000		261
10011000100		261
10010100010		261
10100100101		260
01011100100		260
00011000001		260
00000000110		260
10110011001		259
00011000111		259
00010100010		259
11101010111		258
11011000001		258
10011010110		258
01001101011		258
01001100110		258
00100001000		258
11100000001		257
01100000011		257
00011100010		257
00010001110		257
00001001001		257
11100100001		256
11100000110		256
11011001110		256
10010001000		256
00111001000		256
00110100110		256
00101101010		256
11111101110		255
11111100100		255
10111100011		255
01100001001		255
01100000010		255
01001001010		255
00101101001		255
11111100101		254
10101010110		254
10101000101		254
10100101111		254
00100000110		254
00000000000		254
11101111000		253
11101101000		253
11101100101		253
11011100110		253
10101010111		253
10001100101		253
01101001101		253
01011101111		253
00101100101		253
00000010110		253
11100100111		252
11000000111		252
10110100110		252
01111000111		252
00001101101		252
11001100000		251
10001101110		251
01101010100		251
10111010111		250
10100001001		250
10001101010		250
01100100010		250
00101010101		250
11010000000		249
01101011000		249
01010000011		249
11111000111		248
01101001110		248
00101001111		248
00011010111		248
11001000101		247
10110100001		247
10010101001		247
10010101000		247
00110000101		247
00001111011		247
11001010110		246
11001010101		246
10100011001		246
10010000010		246
00010100001		246
11111000010		245
11010101010		245
10111001010		245
10100110001		245
10010101011		245
00001101010		245
11110010100		244
11010010101		244
11001100100		244
10101101110		244
01111001000		244
10111100101		243
00001111001		243
11100100000		242
10111100010		242
10101001011		242
10100001010		242
10011001110		242
10110000000		241
10000000001		241
01101000101		241
11001101111		240
10101000001		240
01111010101		240
00111010111		240
10001101111		239
10001100100		239
01101101101		239
01001000100		239
11111010110		237
11101000010		237
10010000101		237
01101111001		237
11101001110		236
00100101011		236
01100000000		235
00000100110		235
11000110000		234
10110100010		234
10101001111		234
01011000110		234
00001010111		234
11101010101		233
11001001001		233
01101100111		233
00110011001		233
00011101111		233
10110000001		232
00101101100		232
11110000101		231
10010010110		231
00111000010		231
11011100001		230
11000000101		230
10101100110		230
11110110010		229
10101100111		229
00111101110		229
11110000000		228
11011101110		228
10010000100		228
00110001010		228
11001100111		227
01001101110		227
11111101001		226
10100000111		226
00100000001		226
00010000110		226
00000101000		226
11011000100		225
11010000110		225
10101001110		225
01100001000		225
00110000110		225
00100000101		225
00011101100		225
11011001010		224
11000100010		224
01111000000		224
01001000110		224
10110101111		222
10100000101		222
00010000111		222
11111100001		221
11101101110		221
10110001010		221
01101101110		221
01001010110		221
00101100100		221
11010000010		220
10001000111		220
00110101001		220
11111100111		219
11011101111		219
11100101111		218
10110101110		218
10011100111		218
11111000011		217
11100110010		217
10001010110		217
01110011010		217
11110100011		216
11101100110		216
11101001111		216
11100011001		216
11000000001		216
10100000110		216
11101101100		215
11101011010		215
01100000100		215
01000000000		215
00111111001		215
11011101101		214
10111100100		214
01110011001		214
00101010110		214
11001100101		213
01100000110		213
11101010110		211
11011010100		211
11100101011		210
01101100001		210
01100000001		210
01001000101		210
11100000100		209
00111100101		209
00011001110		209
00010000100		209
10101000111		208
01101010110		208
10111101110		207
00101000100		207
00001101000		207
00001000110		207
11110101000		206
11101001001		206
11100000010		206
11011101010		206
11011010110		206
10111000010		206
00100101010		206
00011100110		206
10111000011		205
01100011001		205
01000000001		205
00001100100		205
10101101111		204
10100101110		204
10011101111		204
00010101110		204
11101101011		203
10011000110		203
00101101110		203
11011100000		202
10000101011		202
01101100110		202
00000101110		202
11111100110		201
11010000001		201
00111010110		201
00001100110		201
10111001001		200
10110001110		200
10010000011		200
00011000101		200
11001000110		199
10011010101		199
00111000111		199
11110101010		198
00011100100		198
01111000110		197
10001000100		196
01110001000		196
00111101001		196
00011101110		196
00001010110		196
00100100010		195
01101100101		194
00111001010		194
11110011000		193
11100101010		193
10111100110		193
00100001001		193
00100000000		193
00000101111		193
10100000010		192
00001100101		192
00101010100		191
00001101100		191
00111100111		190
01110000000		189
00110101000		189
00011100101		189
00110000011		188
00101101111		188
00101000101		188
11111000110		187
11100001000		187
10101000010		187
10011111001		184
00001000010		184
10010000110		183
01000101010		183
10111010110		180
10011101110		180
11111101101		179
10010000001		179
00001101110		179
00100101001		177
00000000100		175
00111010101		174
00000000010		174
11101000111		173
11011111001		172
10110010100		172
00110100100		172
00101000111		172
10110000110		171
00100000011		170
11101100100		169
11100000011		167
01101001010		167
11110101001		166
11011010101		166
00110000000		166
11110011001		165
11100000000		165
10100000011		165
10011100110		165
00110000010		165
00011010110		165
00011001010		164
11101000110		162
00110000001		161
00001101111		160
00001010100		160
00010000101		158
10110101001		157
00011000110		157
11010101000		156
10111000110		156
11101000100		153
11100101001		150
01110000010		150
11101101001		149
10001000110		149
11011000110		148
00111000110		147
00100000010		147
01001000111		145
11110000001		144
00111000100		137
00010000001		131
10101000110		130
10100000000		129
10000000011		129
01101000111		127
11001100110		125
00101000110		111
01101000110		80
01110110100		71
11110010011		52
11011010001		51
00010010001		49
11111010011		44
11110010000		41
00010010011		36
11101010010		33
01100010001		33
01111010010		32
01100010010		32
11111010000		31
11001010011		31
10100010000		31
10110010001		30
10001010011		30
01010010010		29
00111010011		28
10001110101		25
01100010011		25
10010010001		24
11001010010		22
11000010001		22
01001110111		22
01001010011		22
00111110100		22
10001010000		21
00101110101		21
11010110110		20
10001010010		19
00100010011		19
01001010010		18
10000110101		17
01101010000		17
11110110110		16
01010110101		15
00110010011		15
11101110100		14
11101010011		14
10000110100		13
01110010000		13
00011010010		13
10111010000		12
10011110111		12
00101010000		12
00011110101		12
10100110100		11
10000010011		11
01000110110		11
01000010010		11
00001010010		11
11111010010		10
10010110100		10
00110010000		10
11010110100		9
01000110111		9
00101110110		9
10101010000		8
10000010001		8
01100010000		8
01001110110		8
00100010000		8
11000010011		7
10110110100		7
01101010011		7
01000010011		7
00011010000		7
01111110100		6
01111010011		6
11110110100		5
11110010001		5
11101110101		5
11100010001		5
11000010010		5
10110010011		5
10001010001		5
01110110101		5
01100110100		5
01011110111		5
01011010000		5
00100010010		5
00010010000		5
11110010010		4
11100010010		4
11010110101		4
11010010010		4
10111110100		4
10110010000		4
10011010001		4
01101010010		4
01101010001		4
01010010011		4
01000010000		4
00110010001		4
00101110100		4
00010110100		4
00001010011		4
00000010011		4
00000010010		4
11111010001		3
11100010011		3
11011110111		3
11010010011		3
11001010000		3
10101110101		3
10101010011		3
10101010010		3
10011010000		3
01110010011		3
01110010010		3
01101110101		3
01011010011		3
01010110100		3
01010010001		3
01010010000		3
00110010010		3
00100110100		3
00011010001		3
00010110110		3
00001110101		3
11110110101		2
11101010000		2
11100110100		2
11011010011		2
11010010001		2
11001010001		2
11000110111		2
11000010000		2
10111010010		2
10111010001		2
10100110111		2
10100010001		2
10011110110		2
10010110101		2
10010010011		2
10001110111		2
10001110100		2
10000010000		2
01111010001		2
01101110100		2
01011010010		2
01000110100		2
00111010010		2
00110110101		2
00101010010		2
00100010001		2
00011110100		2
00010110101		2
00010010010		2
11111110100		1
11110110111		1
11100110111		1
11100110110		1
11100110101		1
11100010000		1
11011110101		1
11011010010		1
11011010000		1
11010110111		1
11010010000		1
11001110111		1
11001110101		1
11000110110		1
11000110100		1
10111110111		1
10111110110		1
10111110101		1
10111010011		1
10110110111		1
10110110110		1
10101110100		1
10101010001		1
10100010011		1
10011110101		1
10011110100		1
10011010011		1
10011010010		1
10010110111		1
10010010010		1
10010010000		1
10000110111		1
01111010000		1
01110010001		1
01011110110		1
01011110100		1
01011010001		1
01010110110		1
01001110101		1
01001010001		1
01001010000		1
01000110101		1
00111110111		1
00111110101		1
00111010001		1
00111010000		1
00110110110		1
00101010011		1
00100110101		1
00011110111		1
00011110110		1
00011010011		1
00010110111		1
00001110111		1
00001110110		1
00001010000		1
00000110110		1
00000110101		1
00000110100		1
00000010000		1
