01010100111		2163
01011111101		1789
01100100111		1643
11011111101		1613
11010100101		1474
11110100111		1464
11000100110		1457
11000100111		1434
01011111100		1428
01000100111		1413
01011110011		1409
11001100111		1408
01001100111		1396
11010100111		1393
11110100110		1386
01001111111		1379
01010111111		1370
01010111101		1355
01010100110		1330
11101100111		1320
01101100111		1301
01001111101		1300
11001110011		1264
11110111101		1259
11001111111		1249
01011100111		1232
01000111101		1225
11110100101		1218
11111100111		1203
01011111111		1202
11010111111		1199
01110111101		1196
11000100101		1179
11010111101		1175
11011100111		1163
11110111111		1159
11010100100		1153
01110100111		1147
11000111101		1130
01010100101		1127
11001110001		1125
01110100110		1124
01001111110		1123
01111100111		1117
01000100110		1101
01010000111		1100
01101111111		1088
11100100111		1080
11011100110		1068
01111111101		1062
11111111101		1061
11001111101		1060
01100111111		1044
01010110011		1039
11010100110		1033
01101111101		1027
11000111001		1023
11011100101		1013
10010100111		1011
11100111111		1009
11000100100		1007
11111100110		1004
11101110001		1004
01011110001		1004
11111100011		1002
11110111001		1002
01011100101		995
10010111111		991
11000111111		987
11111110001		986
01011100110		985
11101111101		976
11001111110		973
01001111100		973
01000111100		966
01001100110		962
01111100110		957
11010101111		956
01000111001		953
01001111011		936
11010111011		933
11010100001		932
01111100101		932
01001110011		927
11101111111		926
11111100101		925
11110011101		923
01000111111		919
11001011101		917
01101111110		915
10001100111		904
01111111100		904
11010111100		903
11100111011		902
11100100100		902
10000111101		901
10001111111		900
01110111111		900
11111111111		898
11111111100		893
01010111100		893
11011111100		890
11010100011		890
11110100100		883
01101100110		880
01011010111		875
11011100011		873
10010111101		872
01100111101		872
11000100011		871
11100000111		868
01110111100		866
11101110011		865
11000111000		862
11110000110		860
11000111100		860
11001000111		852
01110111110		849
11101100110		848
01111110001		848
11011111111		843
11010011101		841
11110010111		839
11011011111		833
01011111001		833
10100100111		832
11100100101		831
11101100101		830
10001111100		813
01011110010		813
01011111011		806
11010110001		805
11001011111		804
01111111111		804
11100100110		799
11110010101		797
11011110011		793
11000011111		793
11000011101		791
10010000111		786
10000111111		786
11000110011		785
01010111001		784
11001111100		782
01101110011		781
11000110001		777
11011011101		771
11011111110		770
11001100010		769
01011111110		766
11100111101		765
11010111110		759
11011000111		758
11000010111		757
10000111100		757
11001101011		756
11011011011		754
10110100111		751
10001111101		751
11110110001		749
11111011101		741
10001110011		741
11001101001		738
01010111000		733
11101110010		732
11101110000		730
11001111001		728
11010101101		726
11110111100		723
11110111011		721
11000111110		721
01110111001		718
10101100111		716
10000011111		716
11111011110		714
01110000111		714
11101111110		713
11001110000		713
11000101011		713
10111100111		712
01011000111		712
11010010111		711
01100100110		710
01111010111		709
01111110011		704
11100111000		703
11000010101		703
01010111011		703
01111000111		702
11011110001		699
11000000111		699
11001100101		698
10100111111		695
01111111110		695
11100111100		694
11101010111		692
11001010111		691
10010100110		691
11010111001		689
11001000110		689
01011011111		689
01100111011		688
11001011011		687
11010011111		686
10110111111		686
10101111111		686
01100111100		684
11101100011		682
11110111000		681
11110000111		681
10000100111		680
11110111110		679
11011010111		679
10111111111		679
10011111101		678
11010000111		677
11110101101		676
10000010111		676
01000111110		676
11100100011		674
10011110010		672
10111111101		671
11001010101		670
11101111100		668
11000101111		668
11111011001		667
11000000110		667
11110101111		663
11000010110		663
10001110001		662
11100111001		660
01010111110		658
10011110011		657
01110100100		656
11011110010		654
11010011100		654
11001100011		652
11100010111		651
11011100100		651
11010111000		651
01110100101		650
11011101111		648
10100111101		648
01111111001		647
11100011111		646
10010011101		646
11010110011		645
10101111101		643
11111010111		641
10001011011		640
11001010110		639
10101110011		639
10000100110		638
01111110000		638
11100010101		637
11000101101		637
10010111100		637
01100111110		637
11001111000		635
11010000101		634
11100111110		633
10000110011		629
11101010100		627
11111111110		624
11111100100		624
10000011101		624
01001111001		624
01000111011		623
10010100101		622
11001100100		621
11011111010		619
10001011111		619
11011100001		618
11011111001		615
11100011100		614
10011111100		614
11110011110		613
11011011001		612
11001101101		610
11100110001		608
11000100001		608
01011100011		608
11110110011		606
11001110010		606
10001111110		606
11101101111		602
11101000101		602
11100101110		602
11100010110		602
11101100100		601
10110111101		600
01011111010		600
01010100100		600
11101011111		599
11010100000		598
01010000110		598
11001011110		597
11110100001		596
11100101101		596
11001101111		596
11111100010		595
11011100010		592
10010011111		592
01010110001		592
11111101011		591
11111000111		591
11011111011		591
11111000101		590
11010010101		590
10100010111		590
10010111110		590
11001000011		589
10000000111		588
01011010110		588
11111010100		586
10000100101		586
11111110011		585
11111111011		583
11001111011		583
10111110001		583
01011110000		583
10001111011		582
10011100111		580
11000011110		579
11011110000		578
10110100110		577
10110011111		577
10010010101		573
11110011100		570
10100111011		570
01111100100		566
01111010110		566
10011111111		565
01001110010		562
11111011011		561
10110111110		561
11100000110		560
01000111000		560
10111111001		558
01101111100		556
11001100001		555
01101111011		555
01010100011		555
11001111010		553
11111101111		551
11101101101		549
11111110000		548
11110100010		548
10100010101		548
01100111001		548
01010010111		546
11111101010		545
11101011011		545
11100110000		545
11000111011		545
11111000001		544
11110000101		544
01000000111		544
10111000111		543
10001010111		543
01101111001		543
11001101010		542
10010111011		542
11111111000		541
11100101111		541
11000101110		541
01001110001		541
11110101110		540
11001100110		540
11101000111		538
11010101110		536
10011011011		533
11110100011		532
10111111100		532
10011010111		532
11101111011		531
11011101101		531
11000011100		531
01000110001		531
11011101110		530
10000111110		530
01001010111		529
11010101011		528
01101110001		528
11110100000		527
10111010111		527
11101100001		525
11010110010		524
11101111001		520
11100110011		520
10010110011		519
10010000110		519
10001010101		519
10000010110		519
01111101111		517
01111000110		516
00111111101		516
10000111011		515
11110010110		514
11100000101		514
11011011100		514
00011111101		513
11000011011		512
10110011101		512
01110111011		512
11000010100		511
01000110011		511
01101111000		509
10010010111		508
11101010101		507
10111111000		507
11010010110		504
10101110001		504
10101011111		504
11111110010		503
10001100110		503
01101111010		503
01010111010		502
10001011101		500
01010110010		500
10110111100		499
11001010100		498
11010101001		497
10100011111		496
01001100100		496
11101100000		495
11010010100		495
10000011011		495
11111100001		494
10101111100		494
11111111001		493
11010100010		493
10001011110		493
01001100101		493
11001011001		492
10011000111		492
10100111100		491
11111011000		490
10100000111		490
10110000111		487
10010101101		486
01111110010		486
01000000110		486
10010101111		485
11000110010		484
11101111010		483
11011101000		482
11001101110		482
11110110010		481
11110011111		481
10110110011		481
11101010110		480
11010110000		480
01101101111		480
11110101011		479
11101101110		478
11001000010		478
11100011110		477
10000010101		477
11111010101		476
11011011110		475
11011101011		474
11010011001		474
11001101000		474
11111111010		472
11011111000		472
11010000110		471
11001000100		471
10011011101		471
11101011101		470
10111011101		470
10100100110		470
11111011100		469
01110111000		469
11101111000		468
10110011100		468
10011111110		466
10001011001		466
11101101010		465
11010101100		465
10101111110		465
10001010100		465
11111101100		464
01100110011		464
11101011001		463
11011000101		463
11000100000		463
11110111010		462
11100011101		462
11001000001		462
10001110010		462
01100000111		462
10110111011		461
10101100101		461
10000111001		461
01110000110		458
11101011000		456
11010111010		456
01110101111		456
11101100010		455
11111011111		454
11110011011		454
10011111011		454
01001101111		454
11000110000		453
11000000101		453
10111011111		453
11111010110		452
11011010101		452
11000000100		452
10101010111		452
01011111000		451
00101111111		451
11000101001		450
10100111001		449
10000111010		449
01110010111		449
10010011100		448
10011011111		447
11101011110		446
11010011110		445
10111100110		445
10111110010		444
10010010110		444
11001101100		443
10111111011		443
10011011001		443
10110100101		442
10101110010		442
10100100101		442
11100101100		441
11011000011		441
10001011100		441
01011101111		441
01001110000		441
01011011110		440
11110010100		439
10010011001		439
01101110000		439
11110000011		438
10110111001		438
11101101011		437
10011011110		437
11011101100		436
10001000111		436
01011000110		436
10011100110		435
11011101001		434
01101110010		433
10001010110		432
01001000110		430
11011100000		427
11001100000		427
11011010110		425
10001110000		425
01000100101		425
11000011001		424
10000101111		424
01010011101		424
10111111110		421
10011101101		421
10010011110		420
00001111111		420
10011110000		419
11111000000		418
10010100100		418
10000000110		418
10011010110		417
01101010111		417
11110101100		416
10110010111		416
10101100110		416
11111011010		415
11000111010		415
10010111010		415
11011011000		413
10101011110		413
10000011100		413
01010101111		413
11001011100		411
10010111001		411
10100111110		410
10001111001		410
11110110000		409
10110100100		408
10000011110		408
11111101101		407
10111011011		407
10010110010		407
01000101111		407
11100100001		406
00011111111		406
11010000100		405
01100101111		404
11111100000		403
10000010100		403
10011100101		402
10010011011		402
10101010101		401
01110111010		401
11000000010		400
11111000110		399
10000011001		399
01011100100		399
11011011010		398
11010001011		398
11110101001		397
11010011011		397
00111111100		397
11111101110		396
01111111011		396
11101000011		395
11101000001		395
10110010110		395
10100010110		395
01111100011		395
10011010100		394
11100100010		393
10101111011		393
10101010100		392
11001000101		391
10100101111		391
11001011000		390
10101110000		390
10100110011		390
01110110011		390
01001010110		390
01101010110		387
11000100010		384
10010010100		384
01010010101		384
10111110000		383
01100111010		383
11010000011		382
01111011111		382
10111011110		381
11111101000		380
11000000011		380
01111111000		380
11100111010		378
10001100101		378
01110110001		377
11111000011		376
11010101010		376
11101011100		375
10111111010		375
11011000001		374
11010000001		373
10000100100		373
11100101011		372
10110011110		372
10000111000		372
01001100011		372
10001101111		371
11011010100		370
10110101111		370
01100110001		370
01001111000		370
10110111000		369
10001011000		369
11010011010		368
10110000110		368
01011100010		367
11010001001		366
10110101101		366
10101011100		366
10011010101		365
00100111111		364
11100011001		363
10111100101		363
11000101010		362
10101011101		362
10011100100		361
01001011110		361
01000110010		361
10111010101		360
11000101100		359
10111011001		358
10100011101		358
10011111010		358
01100010111		358
10101111001		357
10001111010		357
01101000111		357
01011011101		357
01001011111		356
10011011100		354
00010111111		354
01010110000		352
01001111010		352
11000011000		351
10101011001		351
10100111000		351
10100011110		351
10001101110		351
01010101101		350
10010101110		348
10000101110		348
01011010101		348
10100000110		347
11110011010		346
11010011000		346
00110111111		344
01101100100		343
11100011000		341
11001011010		341
10100011100		341
11111001111		340
10111011010		340
10111010100		340
10011110001		340
11100001011		339
11111000100		338
10101100100		338
10101010110		337
10101000111		337
01010011111		337
01010010110		337
01000010111		337
10011111001		335
01110010110		335
11011000110		334
10111010110		332
11100011011		331
01100010110		331
10111101111		330
11101000000		329
01111111010		329
01111011101		329
10110110001		328
10000110001		328
10010110000		327
01011101110		327
00111010111		327
11011000010		326
01101000110		325
10100010100		324
11111101001		323
10001111000		323
01011010100		323
10101101111		321
01101100101		321
00110111100		320
10111110011		319
10111011100		319
10101011011		319
10001101101		319
01001000111		318
01000111010		318
01100111000		317
11101000110		316
10100110001		315
10100011011		315
00011011101		315
10011011010		314
00111111110		314
11110001111		313
11000001111		313
10010110001		313
10001011010		313
00100111101		313
10110110010		312
10010011010		312
11110101000		311
01110101110		311
01100000110		311
10111000110		310
10110010101		310
00110010111		309
11110011001		308
10011000110		307
11101101100		306
11101000010		305
11100000100		304
10101111010		304
00111111111		304
11011001011		303
01011101101		302
01101101110		301
11111000010		300
01100100101		300
11100010100		299
10011101111		299
11110000010		298
10000101101		298
11011101010		297
01100100100		296
11010000010		295
01110101101		295
00110111101		294
11110101010		292
11100000011		291
01011011001		291
11101001111		290
10101111000		290
10100111010		290
01001101110		289
01001011101		288
01000011111		288
11001001111		287
10100101101		287
11110011000		284
11100100000		283
00011011001		282
00011000111		281
10110110000		280
01111101110		280
01110110000		280
11110000100		279
11100110010		279
11000001011		279
10111100100		278
01010101110		278
10111100011		274
10110111010		274
10000110010		274
00000111111		273
01111010101		272
10110101110		270
10010111000		270
01110011101		270
01011101011		270
11010001111		267
00011111100		267
11001001010		266
10011011000		265
01000100100		264
11100001111		263
11100000010		263
01101011111		263
11011000000		262
10101011010		262
01110011111		261
00111010110		261
10101000110		260
00101111101		260
11101011010		259
11100101000		258
10111000101		258
01110110010		257
10100100100		256
10110011001		255
10101101110		253
11110000001		252
11110001100		251
10111101101		251
11000001110		250
01011011011		250
00010011101		250
10010101100		249
01111011110		249
11101000100		248
10011101100		248
11111001101		247
11100000001		247
10000101100		247
00111011100		247
11110001001		246
11010000000		246
00111000111		246
11011001111		244
10110011010		244
10011000101		244
10100110000		243
01110100011		243
10011111000		242
01000010110		242
11000011010		241
10101101101		240
10011100011		240
11110001110		238
10111101110		238
00001111101		237
00001010101		237
11010101000		236
11000001001		236
10110100011		236
01111010100		236
10001101100		235
10001000110		235
11101101000		234
11100011010		234
11001000000		233
11011001101		231
11000000001		231
11011000100		230
11111001011		229
11101001010		229
11100101010		229
10110011011		229
00111000110		228
00011010100		228
00101010111		227
11000101000		225
00001111110		225
00010111101		224
00001011001		224
10110010100		222
10100110010		222
10011101110		222
10000110000		222
10101011000		221
01101100011		221
00011111110		221
10001100100		220
10110000011		219
00011111001		218
11100101001		217
10010000101		216
01000101110		214
01001100010		213
10001001111		212
10011101011		209
00001010111		209
11100001001		208
10011001111		208
01000110000		207
10010011000		206
00111011001		206
00101111100		206
00011010111		206
11010001000		205
10100101110		205
01011100001		205
11001001110		204
10111101100		203
00110011101		203
11101101001		202
10000011010		202
11010001110		201
10110101100		201
01110011110		201
01100011111		201
00100010101		201
11110001101		198
11001001011		197
01100110000		197
00010000111		197
01010011001		195
10110011000		193
11111001110		192
11010001101		192
01100110010		192
00101011001		192
00010010110		192
00001011101		192
01110010101		191
10100011001		190
01011011100		190
01010011110		190
00110000111		190
10111011000		189
00010010111		189
11101001101		187
01111101101		187
00000111100		187
11100001010		186
00111011101		186
10101000101		185
00100111110		185
11111001010		184
01101011110		184
01010010100		184
00110010110		184
00101111110		184
00010111110		184
01101011101		183
01010101011		181
11001001101		180
10110000101		179
00111010101		179
11011001001		178
10010100011		178
00001111100		177
11110001011		176
11101001110		176
00011010110		176
00010010101		176
11101001011		174
10100101100		173
01100100011		173
00101011101		173
11100001100		172
00000111101		172
11100001101		171
01011101100		171
11101001100		170
10111001111		169
01001101101		169
00111011111		169
10001100011		168
01000011101		167
11110001010		166
10110001111		165
10000011000		165
01100101110		165
00010010100		165
01111011001		162
01000010101		162
11111001100		161
11100001110		161
10000001111		161
01001011001		161
11000000000		160
01001011100		160
00111010100		160
10100000101		159
01111011100		159
01001010100		159
11000001101		158
01101101101		158
01000011110		158
01010011100		157
00100010110		157
00011010101		157
10110000100		156
00111111001		156
00011011111		156
11010001100		155
10101001111		155
01101010100		155
01100010101		155
10001000101		153
01000011100		153
00011011100		153
00001011100		153
11001001000		152
01001010101		152
00101000111		150
00010111100		150
01101010101		149
11000001010		148
11111001001		147
00101010101		147
01111011011		146
01011101001		146
01010100001		146
00000010101		145
11011001010		144
01010100010		144
11010001010		143
10100011000		143
01001011011		143
00101011100		143
00101011000		143
10101100011		142
01111100010		141
00100111100		141
10010101011		140
10010001111		140
10111000100		138
10010000011		138
01101011001		138
11011001000		137
01101100010		137
01011000101		137
01000100011		137
11000001000		135
10001101011		135
00110010101		135
00000010100		135
11110000000		134
00000111110		134
11011001100		133
10101101100		133
01000101101		133
00110011001		133
00010111001		133
00100111001		132
01000010100		130
00101000110		130
10010000100		128
00111011000		128
00101010110		128
00100000111		128
10111000011		127
01100011110		126
00001010100		126
11111001000		125
01110011100		125
00101011011		125
00101111001		124
00100010111		124
00001011111		124
00001010110		124
11001001001		123
01101011011		123
00110111110		122
00001111001		122
11110001000		121
11101001001		121
11001001100		121
10100100011		121
10011000011		120
01110100010		120
11011001110		119
10111101011		119
10001001110		119
01010101100		119
01001101100		119
00100011001		119
00011000110		119
10111001110		118
10111000010		118
10110101011		118
10011100010		118
10001000011		118
01101011100		118
00110010100		118
10011000100		117
01111101100		117
01000101011		117
01110101100		116
01110011001		116
01100010100		115
00011011000		115
11000001100		114
10100001111		114
01110010100		114
00100011100		114
00001000111		114
00001000110		114
10010001110		113
01010011000		113
11011010001		112
10101000011		112
10000000101		112
10101000100		111
01110011011		111
00100010100		111
01111100001		110
01011000011		110
11100000000		109
00110000110		109
00001011110		109
10011000010		108
00010011001		108
01111011000		106
01000100001		106
10000001110		105
01100011101		105
00001011000		105
01110101011		104
11101001000		103
10011100001		103
01011001111		103
00101111000		103
10010001011		102
01011011000		102
00011011011		101
01101101011		100
01100101100		100
01100011100		100
01000011011		100
00000010111		100
00011100111		99
01111101011		98
01100101101		98
01010011011		98
01010000101		98
01000011001		98
10100001110		97
00111011110		97
01001000011		96
00101011110		96
00010000110		96
01001011010		94
00101010100		94
00001011011		94
01010100000		93
10110001110		92
10100011010		92
01000100010		92
00000011001		92
01011101010		91
01011011010		91
01001011000		91
00111011011		91
10011001110		90
00010100111		90
10101101011		89
00110100111		89
10111001101		88
10000101011		87
01001101011		87
10110001101		86
10010100001		86
10000100011		86
01110100001		86
00110111001		86
00000011101		86
00000000111		86
10111100010		85
01111000101		85
01001100001		85
01001000100		85
00011011110		85
10101001110		84
10100000100		84
00010011111		84
10111000001		83
10100101011		83
10110000010		82
10010001101		82
00000010110		82
01001110111		81
01001000010		81
00000011111		81
11100001000		80
10010000010		80
01100100001		80
00110011100		80
00101011111		80
00011111000		80
01111000011		79
01001101001		79
00010111011		79
00010011100		79
10110100001		78
10011001011		78
10010101010		78
01111101001		78
01101100001		77
10111101010		76
10001100010		76
01111100000		76
01101100000		76
00100011111		76
00010100101		76
10110100010		74
10011101010		74
01100101011		74
01011100000		74
00110011011		74
10001101001		73
01111000100		73
01011101000		73
10111001011		72
10100000011		72
10010100010		72
01000101001		72
00111100111		72
00100011101		72
00010011110		72
01101011000		71
01010011010		71
01110011000		70
01110001111		70
01101101100		70
00110100110		70
10101100010		69
10111100001		68
01111011010		68
01111000001		68
00111111000		68
10100100001		67
01110000100		67
01100011011		67
01100011001		67
00101100111		67
10011000001		66
01111101010		66
01110000011		66
01101000011		66
01011000100		66
10011001101		65
01000000101		65
00111100110		65
00100100111		65
10101000010		64
01110000101		64
00011111011		64
10001000010		63
10000100001		63
01110101010		63
01010101010		63
00000011100		63
01010101001		62
01010000100		62
01010000011		62
01001000001		62
01000101100		62
10001000100		61
01011000010		61
01010001111		61
01001101010		61
00110011000		61
00000100110		61
10001101010		60
01110011010		60
01010000001		60
01001100000		60
00011100110		60
10110000001		59
10000000100		59
01101000101		59
00001111000		59
01101101010		58
01100011000		58
01011000001		58
00111110001		58
00110011111		58
00001100111		58
00000100111		58
10001100000		57
01111101000		57
01111001110		57
01101000010		57
01001101000		57
01000011000		57
00100011110		57
00011110011		57
10011101000		56
10010100000		56
10000000011		56
10010101001		55
01100000100		55
00110100101		55
00101110001		55
01111000010		54
01001000101		54
00111111011		54
00100011000		54
00011110001		54
10110001011		53
10101101010		53
01100000101		53
01010101000		53
01010001011		53
01010001001		53
01000000100		53
00001111011		53
10110101010		52
10011101001		52
01110101001		52
00110111011		52
00100000110		52
00000111001		52
00000011000		52
10000001101		51
01111001111		51
01100001111		51
01010001110		51
01111000000		50
01000001111		50
00110011110		50
00011110010		50
00010100110		50
00000110001		50
10111000000		49
10001101000		49
10001100001		49
10001001101		49
01110100000		49
00111110000		49
00101111011		49
00100011011		49
00011111010		49
00011100101		49
00000111011		49
10111101001		48
10110101001		48
01110001110		48
01011001110		48
01000100000		48
00100111000		48
10101100001		47
10101001101		47
10000100000		47
10000000001		47
01100100010		47
01100000011		47
01000101010		47
00111110011		47
00111011010		47
00011000101		47
00001100110		47
00000100101		47
10111100000		46
01100100000		46
01011001101		46
01001001111		46
00101110011		46
00101100110		46
00100110001		46
00010100100		46
00010011000		46
11001010010		45
10100001011		45
01111001101		45
01101001111		45
10101100000		44
10011100000		44
01101011010		44
00110110001		44
00101100101		44
00000111000		44
10100100010		43
10000001011		43
01010000010		43
01000011010		43
01000000011		43
10010001100		42
10001000001		42
01101101001		42
01101000000		42
00111100101		42
00010111000		42
00001110011		42
11001010011		41
01111001010		41
01001000000		41
00110111000		41
00100100110		41
10111001100		40
10010001001		40
10001110101		40
10000100010		40
01100011010		40
01100001011		40
01011000000		40
00111100011		40
00101110000		40
00011011010		40
00010110011		40
00010101111		40
11110010000		39
10110001100		39
10100100000		39
01110101000		39
01110000010		39
01100000010		39
01000110111		39
01000001110		39
00111110010		39
00101011010		39
00100100100		39
00011110000		39
00000000110		39
10111101000		38
10000101010		38
01101101000		38
01101000001		38
01000001101		38
00010110001		38
11101110100		37
10100101001		37
10010101000		37
10010000001		37
01100101010		37
01100101001		37
01000110110		37
01000001001		37
00100111011		37
00000011011		37
10100000010		36
10000101001		36
00110011010		36
00011100011		36
10110101000		35
01101000100		35
01001001001		35
00001110010		35
10110100000		34
10101000000		34
10100101000		34
10011000000		34
01101001110		34
01101001011		34
01011001011		34
00111101111		34
00111100100		34
00110110011		34
00110100100		34
00100111010		34
00001110001		34
00001110000		34
10110001001		33
01111001011		33
01110001011		33
01110000001		33
01101001100		33
01101001010		33
00110101111		33
00101111010		33
00100110011		33
00001100011		33
11100110101		32
10101001011		32
10100101010		32
10001001011		32
10000110101		32
01100001101		32
01001110110		32
01000101000		32
00010100011		32
00001111010		32
00001100101		32
10000001001		31
01100000001		31
01010000000		31
01001001110		31
01000000010		31
01000000001		31
00110111010		31
00101100100		31
00011101101		31
00010101101		31
00000111010		31
00000011110		31
11111010011		30
10011001100		30
10000000010		30
01100101000		30
01100001110		30
01010001100		30
01000001011		30
00100100011		30
00010110000		30
00000110011		30
10010110100		29
10001000000		29
01010001101		29
01010001010		29
01001001011		29
00101101101		29
00010111010		29
10100110100		28
10100001100		28
10011001010		28
01110110100		28
00110110010		28
00001011010		28
11100010001		27
10101101001		27
10010001010		27
10010000000		27
01110001101		27
01100001010		27
01100001001		27
00110101110		27
00101110010		27
00011101011		27
00011100100		27
00010011011		27
00001101110		27
11111010000		26
10110001000		26
10101001100		26
10101000001		26
10100000001		26
10001001010		26
01011001001		26
01011001000		26
01010001000		26
01000001010		26
00111111010		26
00110101101		26
00110101000		26
00110100011		26
00001101111		26
11110110101		25
10101101000		25
10101001010		25
10010001000		25
00111100000		25
00110110000		25
00101101111		25
00100100101		25
00100011010		25
00001101001		25
10111001010		24
10111001001		24
01110001001		24
01100001000		24
00000101111		24
00000100100		24
00000000101		24
10100001101		23
10011001001		23
01100000000		23
01011001100		23
01001001100		23
01001001010		23
00101100010		23
00101000101		23
00100110000		23
00100101100		23
00100001111		23
00010100001		23
01111001000		22
01110001010		22
01110001000		22
01100110101		22
00100101101		22
00011000100		22
00000110000		22
00000101101		22
00000011010		22
10100110111		21
01101001101		21
01001001101		21
00111100001		21
00100101111		21
00100100001		21
00100000101		21
00011101111		21
00010101011		21
00010100000		21
00001101100		21
00001100100		21
11010110110		20
10100001001		20
10000001010		20
01110001100		20
01000000000		20
00111000001		20
00101101110		20
00101100011		20
00100101110		20
00011000001		20
00010000011		20
00001100010		20
10110001010		19
10000000000		19
01011001010		19
00111101110		19
00111101100		19
00111000101		19
00111000011		19
00010101100		19
10011001000		18
10001001001		18
10000101000		18
01110000000		18
01100001100		18
01001001000		18
01000001100		18
00111101011		18
00100110010		18
00011101100		18
00011101000		18
00010101110		18
00010011010		18
00010001011		18
11110110110		17
10100001010		17
10001010011		17
10001001100		17
10001001000		17
00111101101		17
00110101100		17
00110001111		17
00011101110		17
00011000010		17
00011000000		17
00010110010		17
00010000101		17
00001101101		17
00001000011		17
00001000010		17
00000110010		17
00000100001		17
00000000011		17
11101010011		16
11011110101		16
10111001000		16
10110000000		16
10101001001		16
10001010010		16
10000110100		16
10000001100		16
00110101001		16
00101101100		16
00101101010		16
00011100010		16
00011000011		16
00010100010		16
00001101011		16
00001000101		16
00001000001		16
00000101110		16
11101010010		15
01111001100		15
01101001000		15
00111101000		15
00111100010		15
00111000100		15
00110101011		15
00110000011		15
00110000010		15
00101101011		15
00100000011		15
00011101001		15
00011100000		15
00010101001		15
00000100011		15
10100010000		14
01000001000		14
00110100010		14
00110000001		14
00100000100		14
00011001011		14
00010001111		14
00001101000		14
00001100001		14
00000100000		14
01111001001		13
01011110111		13
00111110100		13
00111101010		13
00110100001		13
00110000100		13
00101000010		13
00100101000		13
00100100010		13
00100000001		13
00011100001		13
11110010011		12
11010110100		12
10101001000		12
10100001000		12
10011010001		12
01101001001		12
00111001011		12
00110000101		12
00101001111		12
00101000100		12
00101000011		12
00100100000		12
00011001111		12
00011001110		12
00011001100		12
00010001110		12
00000101100		12
00000101001		12
00000001011		12
00000000100		12
11011010010		11
10100000000		11
10010010001		11
10001010000		11
01110110101		11
00111101001		11
00110001110		11
00101000000		11
00100101011		11
00010110101		11
00010001001		11
00010000100		11
00001001100		11
00001001010		11
00000101011		11
11001110111		10
00111001111		10
00111001101		10
00111000010		10
00100001101		10
00010000000		10
00001001101		10
00000101010		10
00000001111		10
00000000010		10
11011010000		9
11000110101		9
11000010001		9
10101110111		9
10001110100		9
10000001000		9
01010110101		9
01010110100		9
00101001100		9
00100001001		9
00011101010		9
00010101010		9
00010000010		9
00001001000		9
11100110100		8
10101010010		8
00111001110		8
00111000000		8
00110101010		8
00110100000		8
00110001011		8
00101001110		8
00100101010		8
00001100000		8
00000001110		8
11100110111		7
11010110101		7
10111010011		7
10111010000		7
10110010001		7
10100110101		7
10100010001		7
10011110110		7
10000010011		7
00111001010		7
00111001000		7
00110001101		7
00110001100		7
00110001010		7
00110001001		7
00101110100		7
00101001011		7
00101000001		7
00100001011		7
00011110101		7
00011001010		7
00001001011		7
00000001001		7
00000000001		7
11111010001		6
11110010001		6
11000110110		6
10010110101		6
10001110111		6
01001110101		6
00110110111		6
00110000000		6
00101101000		6
00101100001		6
00101100000		6
00101001010		6
00101001001		6
00101001000		6
00100001110		6
00100001010		6
00100000010		6
00010101000		6
00010001101		6
00010001000		6
00001101010		6
00000001010		6
00000000000		6
11111010010		5
11101110101		5
11010010001		5
11001110110		5
11001110101		5
11000010011		5
10110110111		5
10011110111		5
10011010011		5
01111010011		5
01111010000		5
01100110100		5
01011110110		5
00111001001		5
00101101001		5
00100101001		5
00100000000		5
00011001101		5
00010001100		5
00010000001		5
00001001111		5
00001001110		5
00001000100		5
00001000000		5
00000110110		5
00000101000		5
00000100010		5
00000001100		5
11111110101		4
11110010010		4
11011110111		4
11011010011		4
11010110111		4
11001010001		4
11001010000		4
11000110111		4
11000010010		4
11000010000		4
10110110100		4
10011010000		4
01111110101		4
01110010000		4
01101010011		4
01101010010		4
01100010000		4
01011110100		4
01011010001		4
01011010000		4
01001010011		4
00110001000		4
00101001101		4
00100001100		4
00011001000		4
00000001000		4
11110110100		3
11100010000		3
11011110100		3
11010010010		3
10111110110		3
10101110101		3
10101010011		3
10011110101		3
10011010010		3
10010010011		3
01111110111		3
01110010011		3
01101110100		3
01100010001		3
01010110110		3
01010010001		3
01010010000		3
01000010011		3
00111010011		3
00111001100		3
00100001000		3
00010001010		3
00001010010		3
00001001001		3
00000110100		3
11111110100		2
11110110111		2
11101110111		2
11101110110		2
11001110100		2
11000110100		2
10111110101		2
10111110100		2
10110110101		2
10101110100		2
10100110110		2
10010010000		2
10001110110		2
10001010001		2
10000110111		2
10000110110		2
01111110100		2
01111010001		2
01110110111		2
01110110110		2
01110010001		2
01101110101		2
01101010001		2
01100110111		2
01100010011		2
01100010010		2
01011110101		2
01011010011		2
01010110111		2
01001010001		2
01000110100		2
01000010000		2
00111010000		2
00011110110		2
00011001001		2
00010110100		2
00010010001		2
11111110111		1
11111110110		1
11101010000		1
11100110110		1
11100010010		1
11010010000		1
10111010001		1
10110010000		1
10101010001		1
10100010011		1
10100010010		1
10010110110		1
10000010010		1
10000010001		1
10000010000		1
01111010010		1
01101110111		1
01101110110		1
01011010010		1
01010010010		1
01001110100		1
01001010010		1
01000110101		1
01000010010		1
01000010001		1
00111110101		1
00111010001		1
00110110101		1
00110010001		1
00101010011		1
00101010000		1
00100110100		1
00100010010		1
00100010000		1
00011110100		1
00011010011		1
00011010000		1
00010010000		1
00001010011		1
00001010000		1
00000010001		1
00000001101		1
