11011111101		1519
01010100111		1506
11110100111		1404
01011111101		1349
11000100110		1341
11010111101		1276
11111111101		1249
11110111101		1247
11010100111		1242
11001111111		1219
11010111100		1216
10000111101		1215
11010100101		1202
11000100111		1186
11110100110		1161
11110100100		1147
01000100111		1133
11111100111		1123
10010100111		1121
11000111101		1115
11001011101		1099
01011111100		1098
11010100110		1097
11001100111		1095
11010100100		1088
01010100110		1082
11111111100		1076
10001111111		1063
01001111101		1062
01101100111		1041
10000111100		1030
01001111111		1030
01100100111		1029
11101100111		1014
10001111100		1011
10010111101		1008
11110111111		1007
11001111101		1005
11101111101		1004
10010111111		1001
11111111111		998
11011100110		995
11001111100		994
11000100101		991
11011100111		989
11000100100		987
11001110001		983
11111100110		982
10010111100		971
10100100111		970
01011110011		969
11100111111		958
11110111001		957
11001111110		956
11111100011		955
11011011111		947
11010111111		947
11100100100		946
10001100111		944
11001110011		942
10000111111		942
10000010111		941
11010101111		937
11000111100		935
01001100111		933
01010111101		932
10001111101		921
01000100110		917
11110100101		911
11111010111		908
10000100111		908
11011011101		900
10011110010		898
10000011111		896
11111100101		889
01110100111		886
10011111100		885
11011110011		883
10101011111		875
11101110001		871
10001110011		871
10001011011		869
01111111101		866
10110111111		865
10100111111		865
11111110001		861
01011111111		861
11000101111		859
01010111100		859
01000111101		859
10111111101		858
01110111101		858
11101111111		856
11011111110		855
10010000111		855
10000100110		850
10111100111		848
11101110000		847
10110100111		847
11011100101		846
10101111111		846
11011111100		845
11011100011		844
11010101101		838
01001111110		838
10110111101		837
11001000111		833
01111111100		826
10111111111		824
11111011101		823
11000111111		823
10000010110		820
11101110011		819
10100111101		819
10001011111		818
11100100111		816
11100101101		815
01111100111		810
11000011101		804
11001011111		803
11101100110		800
10101100111		800
11010100001		796
10010011101		795
10000000111		789
01010111111		789
10101111101		785
10011111101		785
11010010111		782
11111011110		781
11100111100		779
11110011101		778
11011111111		778
10001010111		777
11011000111		776
11000111110		774
11000110011		773
11101111100		770
10110011111		769
10010111110		769
11100111101		766
11010011101		766
01010100101		766
10111111100		763
10010100110		763
11110111100		757
11001010111		756
10110011101		756
10011010111		756
01110100110		753
11010011100		752
11111101111		751
11110101101		749
11001011110		748
11101110010		746
01001111100		745
11110101111		744
11110000111		743
11000000110		743
11001101011		742
01011100110		742
11110111110		741
11110000110		740
10110100110		740
10011111111		740
11001101001		739
11000111001		738
11011110010		737
11100111011		736
11000011111		736
11101011111		735
10011000111		734
11101100101		733
10100010111		732
01000111111		732
11010100011		727
11101010111		725
01101111101		725
11110010111		724
11100100110		724
01111010111		724
10111011101		721
10110111110		721
10011110011		721
10101110011		720
10001011101		720
01100111111		720
11000010101		717
11100011111		715
10010011111		715
11011110001		713
10011111110		713
11010111110		712
11000111000		712
10001111110		710
01101111110		709
11101011101		708
10011011110		706
01000111100		705
11100100101		703
11010011111		703
11000101101		703
10110111100		703
11000100011		701
11001011011		700
01101111111		698
11100000111		696
11100111110		694
10011011111		692
11000010111		691
11000000111		691
11101010100		690
11011011011		690
11000010110		690
11111000111		689
11011111010		689
11100101110		688
10000111110		688
11011100100		687
10101111100		687
11110111011		685
11101101111		685
10101011100		685
10011011011		685
10101010111		684
11010000111		683
11001000110		683
11001111001		678
11111011100		677
10100111100		677
01011100111		676
10101011101		675
11111101011		670
11010100000		670
10111011110		670
10001011100		670
01001100110		670
10111110001		667
10111100110		666
10000011101		664
11110011100		663
10010010111		663
11111111011		662
11100111000		662
11001110000		662
10011010110		661
10011100111		660
11111100010		659
11110000101		659
10110011100		659
10100111011		659
11100111001		657
11110010101		656
10010010101		656
11100011100		654
11001100100		654
11101101101		653
11010111011		652
11111101100		651
10001111011		651
11011101111		650
11111111110		649
11101111110		649
10100010101		649
10001110001		649
11110111000		646
11100100011		646
10111111000		646
11001100010		645
10010100101		645
01101100110		644
01110111110		642
11100010110		641
11011010111		641
01110111111		641
01011111011		641
11010110001		640
11000011100		639
10100011111		639
11001100101		638
11000111011		638
10000110011		637
11110011110		635
11100010101		635
11011101011		635
11001110010		634
10111000111		634
01011110001		634
11110101110		633
10101110001		631
10001100110		629
11100000110		628
10110000111		628
10100101111		626
11100101111		625
11011110000		625
11101100100		624
11000011110		624
11101010101		623
01011110010		623
10111111001		622
10001011110		622
11111110000		621
11011011100		621
11010001011		620
11000101110		620
10011011101		620
10101100101		618
11010101110		617
11000101011		617
11001101111		616
11101011110		613
11100010111		613
10011011001		612
11101101110		611
11001101110		611
11111011001		610
10111010111		609
10101011110		607
10110100101		606
01111111111		605
01100111101		605
11010111000		604
10001110010		604
10111011111		603
11100011110		602
10101010100		602
10011011100		602
11010111001		601
10011100110		601
01110111100		601
11111100100		598
11001010101		597
10010011100		597
01111100101		597
11011100010		596
11111010100		595
11010000101		595
10111011011		595
10110111011		595
01011000111		595
11111110011		594
11110100010		594
10011110000		594
01010000111		594
11110110001		593
11100110001		593
11010010100		592
10111110010		592
11010010101		591
01111100110		588
11100110000		587
10101111110		587
10100011110		587
11111111010		586
11100011101		585
10001010101		585
01101111100		584
11001000100		583
11000010100		583
10001010110		583
11101000101		581
11111101010		578
11010110011		578
11001100011		578
11111001101		576
11101011011		576
10110010111		576
10101110010		574
11001010110		573
10010111011		573
01001111011		573
11011101100		572
11001101101		572
10100111110		572
11110101100		571
10100100110		571
10001010100		571
11000101100		570
10010100100		569
10010101111		568
10000101111		568
11111111000		567
11111000101		567
11110010110		566
11000001111		566
01100111100		566
11110100001		565
10111010101		565
01111110001		564
01110100101		562
10000000110		561
11001111011		559
11011011110		558
10100111001		557
11001101100		556
10010101110		554
11111011111		553
11001011100		553
01011111010		552
01010110011		549
11001100110		548
01011010111		548
11101011001		547
11101010110		547
10001011000		547
11111000110		546
01111000111		545
01110100100		545
10010000110		541
01011111001		541
10110111000		540
10001011001		539
10000100101		539
11111010101		537
11011100001		537
10111111110		537
11111011011		536
11110100000		534
11010110000		534
11001111000		534
10110011110		534
10000111011		534
11110111010		533
10000011110		533
10110000110		532
11101000111		531
10101100110		531
10010010110		531
11011011001		530
11111011000		529
11011101110		529
10001110000		529
10010110010		528
10000111001		528
10000010100		528
01000111001		527
11100101100		526
11010110010		526
11111100001		525
11001001111		525
10110111001		525
01011100101		525
10000010101		524
11011010110		523
11000001011		523
10101011011		523
10001101111		523
11100000101		521
10100010110		521
11011111011		520
11011000011		519
10010101101		519
10100000111		517
10111111010		516
11111110010		514
11101011100		514
10100100101		514
11010010110		512
10100011101		512
10001111010		512
01101110011		512
11000110001		511
10111101101		510
11101100000		508
11010101100		508
10100101101		508
10011010101		508
11101100011		507
01111111110		507
10010011110		506
11101011000		505
10000111010		504
01101101111		504
01011011111		504
11110011111		503
10111011001		501
01011111110		501
10011101101		500
10000110001		500
11001111010		499
10011111011		499
10011100101		499
10010110011		499
01010111011		499
10001000111		498
01111010110		498
11011101101		497
10001101110		497
11011101000		496
11001101010		496
11001100001		496
11110100011		495
11111001111		494
11111101110		493
10111010100		492
01010111110		490
01001110011		490
01100100110		489
11101101010		488
10000011100		488
11110110010		487
11000000100		487
10001011010		487
01111000110		487
11110001111		486
11010101001		486
01010111001		486
01000111110		486
10100010100		485
10011000110		485
11011111000		484
11111011010		483
11010101011		483
10111110011		483
10101011001		483
01001100100		483
11110101011		481
10111110000		481
10100111000		480
10010111010		480
11000110010		479
10010111001		479
11001000011		478
10011011010		478
11011111001		477
10000101110		477
11101100010		476
11001010100		475
01011101111		474
11110110011		471
10101110000		471
10011111010		471
10110100100		470
10101010101		470
01100111110		470
11101111010		469
10101100100		469
11001011001		468
01010111000		468
11111101101		467
10110010110		466
11010011110		465
10001101101		465
10011010100		464
11111010110		463
01100111011		462
11000111010		461
11111111001		460
01011110000		460
01111101111		459
11101111011		458
10101101111		458
10011001111		458
11001011000		457
10111101111		457
11111000001		455
01011100011		455
10101010110		454
01111110000		453
10100110011		450
11101100001		449
10011101111		449
11101111001		448
01101111010		448
01001110010		448
10000011001		447
11011100000		446
11010000110		445
10111111011		445
11000110000		444
10110101101		444
11000100010		443
11000100001		443
01110000110		442
11000001001		441
10110010101		441
11001000010		440
10100011100		439
10011110001		439
10010011001		438
11001000001		436
10011100100		435
11101001111		434
10111000110		434
10010010100		434
11110001110		433
10111010110		433
11000000101		432
11011001111		431
11000101001		430
01110000111		430
11100110011		428
10000111000		428
01011000110		428
11000011001		426
11011000101		425
10100000110		425
11101111000		424
11010001111		424
01001110001		424
11010111010		422
10001111001		422
10000100100		422
10110101111		421
10100111010		421
11100001011		419
11011010100		419
10101000111		419
01100111001		419
10110110010		418
10111011100		417
01010010111		417
11010100010		416
11001101000		416
01011101110		416
11011010101		415
10110111010		414
10010110001		414
01001111001		414
10111100100		412
10110110011		412
10110101100		411
01110111001		409
10000011011		407
01000111000		407
11110011011		406
10001001111		406
11001000101		405
10011101110		405
01001101111		403
10111101110		401
10101111011		401
11001001010		399
10111011010		398
10101111001		398
10101101101		398
01000000111		397
11010001101		395
10100011011		395
00011111101		395
11011000110		394
01011010110		394
01001010111		394
11010001001		393
11110001100		392
11100010100		392
11010011011		392
11011011000		391
01111110011		391
01010101101		391
10000101101		390
10100101110		389
10001100101		389
01100000111		389
11101001011		388
11011001011		388
10101111000		387
11011000001		386
11000011011		386
11011101010		385
11100111010		384
11100011000		384
11111000100		382
11110010100		382
10111101100		378
11101101011		377
10110110001		377
01010101111		377
00011111111		377
11111100000		376
11101101100		376
10101000110		376
10100110010		375
10001100100		375
11111000011		374
11100001110		374
11011101001		374
11010101010		374
10100110001		374
10010101100		374
01100101111		373
01111100100		372
01010000110		372
10111100101		371
01010110001		371
11101001010		370
10110110000		370
11101000110		369
11011001101		368
10011111001		368
10010011011		368
11110110000		365
11111000010		364
11110000100		363
11000011000		363
01110101111		363
11111001110		362
11011011010		362
11000100000		361
11001100000		360
11100001111		359
00111111100		359
11000000011		357
01001000110		357
11010011000		356
11010000100		356
10101111010		356
10101101110		356
10010111000		356
11010011001		355
10101011000		355
11101011010		354
10010110000		354
01010100100		354
01000111011		354
11011000010		352
10110101110		352
10010011010		352
11000101010		351
01101010111		351
11101000001		350
11010000001		350
11001001110		350
00101111111		350
11110101010		349
10101011010		349
01101111011		348
11110000011		347
11100101011		346
01111111001		346
01000000110		345
11100100001		344
10001111000		343
01110111011		341
01101010110		341
11110000001		340
11111001100		339
11100001100		339
10110011011		338
10110011010		338
01101111000		338
01000110001		338
11110101001		337
11111001011		336
10011101100		336
01110111010		336
01101110010		335
11100001101		334
10011011000		334
11001011010		333
01010010110		333
10010011000		332
11111101000		330
11101000011		330
11000001110		330
01101100100		330
00100111111		330
10010001111		329
01110010111		329
10000110010		327
10111000101		326
11000000010		324
01010101110		324
11100101000		323
11001001011		323
11000001101		323
01001110000		323
11100100010		321
11010001110		321
11111101001		320
11110011001		320
10111100011		320
11101001110		319
11010011010		316
10100110000		316
01110111000		316
01110110001		315
01011100100		315
10110001111		314
10000101100		314
01011111000		314
01000101111		314
11110001001		313
10110010100		313
00111000110		313
11100011001		311
10100001111		311
01111011111		311
01111111010		310
01101111001		310
01011011101		310
11101001101		309
11100110010		309
01101110001		308
00111111101		308
11110001101		306
11100011011		306
10111001111		306
10000011010		306
01111110010		306
01111101110		305
00111010111		305
01100010111		304
11101000000		300
11001001101		300
01110110011		300
10011000101		298
10001000110		298
11111000000		297
10010000101		297
01001111010		297
10010001110		296
11100000011		295
10000110000		295
00101111101		294
10101000101		292
01011011110		291
11101000010		289
11000001010		288
11011000000		287
10110000101		287
11110101000		286
00001111111		286
01101110000		285
10011101011		284
10001001110		283
01100110011		283
01011100010		283
00110111111		282
11001001000		281
11010001100		280
01010111010		280
01010110010		280
11100101010		279
10100011001		277
01001101110		277
01001011110		277
01111111000		276
01111010101		276
01100010110		276
01001010110		276
00011011101		275
11111001001		274
01100111000		273
11100100000		271
11110001010		270
11100001001		270
11011001110		269
10110100011		269
01001100101		269
00111111111		269
10100100100		268
10011001110		268
11010101000		266
01001111000		266
00011010111		265
11110011000		264
10011111000		263
10000001111		263
01101000111		263
01111111011		262
10001101100		261
01010010101		261
01001000111		261
00011000111		261
11001001100		260
01000111010		260
01010011101		259
01111011101		258
10101001111		257
01110101110		257
11101101000		256
11111001010		255
01100100100		255
11101000100		254
11011001001		254
01100000110		253
01000110011		253
00111011001		253
10011100011		252
01101011111		252
11100000001		251
10110011001		251
11011000100		249
11010000011		249
11000001000		249
10111011000		249
01101100101		249
11000101000		248
00010111101		248
10111001110		247
11010001000		245
10110000100		245
00111000111		245
00110111101		245
11110011010		244
01001011111		244
00010000111		244
00011010110		243
11001000000		242
10000011000		242
10000001110		242
01110010110		242
00010111111		240
10110011000		238
01111100011		238
01011010101		237
00000111111		236
00111010100		235
11010001010		233
01011101101		233
01011010100		232
11100000100		231
01010011111		230
11000011010		229
11011001100		228
01010100011		228
11101001100		227
11010000010		227
01000100100		226
01110011101		225
11110001011		224
01010110000		224
10100101100		223
10101001110		220
10111000100		219
01101011101		218
10010100011		216
01101101110		216
00011111110		216
00111111110		215
01110110010		214
01001011101		214
11000000001		213
01000100101		213
00101011101		213
00101010111		213
10000000101		212
01111010100		212
11001001001		211
11110001000		210
11100101001		210
01110101101		210
00111010101		209
00011011111		209
11011001000		207
10011000011		207
01111011110		207
01101000110		206
11100001000		204
01110110000		204
01000011111		204
11101101001		203
10100001110		201
11110000010		200
11100011010		200
01001010100		200
11000001100		198
10110000011		198
11100000010		197
10100011010		197
01100110010		196
01100110001		196
00010011101		196
10111101011		195
00101111100		195
11010000000		194
01001100011		194
01111101101		193
01110100011		193
01101010100		193
00001111110		193
10100011000		192
01011101011		192
00101111110		192
00011011001		192
01111011001		191
00111011100		190
11100001010		189
01000010111		189
10110001110		187
01010101100		187
01000101110		187
00110010111		186
10101101100		185
00011010100		185
10110101011		184
01100100101		184
01011011011		184
00010111100		183
01100101110		182
01100111010		181
00011010101		181
01011011100		179
00010111110		179
00001010111		179
01011011001		178
00110111100		178
00100111101		178
10100000101		177
01111100010		177
00001111101		177
01110011111		175
01101011110		175
00101011100		175
11101001001		174
00111011000		174
00100111110		174
01111011011		173
11011001010		172
01101100011		172
01011101100		172
00011111100		172
10111000011		171
11101001000		170
01000110000		170
00001011101		170
01000110010		169
00111011101		169
10001000101		167
00011000110		167
00111010110		166
11111001000		164
10111001101		164
00101011001		164
01100110000		162
00101010110		162
10001101011		161
10100100011		159
01110011110		159
11110000000		158
01001101011		158
01111011100		157
10101100011		156
10011000100		156
10010001011		156
01101010101		156
01001101101		156
01010011100		154
10111100010		153
00001010110		153
01010011110		152
01000010110		151
01000101101		150
00110010110		150
10001000011		149
01110010101		149
01101011100		149
00001010101		149
00000010100		149
10101000100		148
00111011110		147
01000100011		146
11011010001		145
01100011111		145
00110010100		145
00111011111		143
01010010100		142
00011111001		142
01110101100		141
10110001101		139
10011001011		139
10010000100		139
10001100011		138
01101101101		138
10010101011		136
00100010100		136
00010010111		136
10011100010		134
00101000110		133
00000011101		133
01001100010		132
00110011101		131
00001111100		131
01000011110		128
00110000111		127
00100011100		127
00100010110		127
00010010101		127
01110101011		126
01110011100		126
01000011101		126
01111101100		125
10111000010		124
10101000011		124
10000100011		124
01011000011		123
01001010101		122
01000010100		122
00000111101		122
10110100010		121
10101001101		120
00001011001		120
10010100001		119
01100100011		119
01011100001		119
00001000110		119
10001000100		118
00110011001		117
00000111100		117
10111101010		116
10000101011		116
01100011110		116
01100011100		116
00100010111		116
00001010100		115
00001000111		115
10110000010		114
10101101011		114
01001011011		114
10010000011		113
01110010100		113
01011001111		113
00010010100		113
01001101100		112
01000010101		111
00101010100		111
01101101100		110
10010001101		109
01010100010		109
10110101010		108
10100000100		107
01001011100		107
11000000000		106
01101100010		106
01011101001		106
00110000110		106
00100111100		106
00010011001		106
01111001111		105
00011011100		105
10011001101		104
10011000010		104
01100101101		104
00000010101		104
10001101001		103
01001110111		103
00111011011		103
00011011011		103
10110001011		102
10111001011		101
10010100010		101
01101011011		101
01100010101		101
01000011100		101
10100001101		100
10000000100		100
01111001110		100
01010101011		100
10011101010		99
01010100001		99
01010011001		99
01000101100		99
01111101011		97
01101011001		97
01011011000		97
00000111110		97
00101111001		96
00010000110		96
00000011001		96
00000000111		96
10100101011		95
00110011100		95
00100010101		94
10001001011		93
01110100010		93
00101000111		93
10111000001		92
01111011000		92
00001011000		92
10101000010		91
01100010100		91
00101011000		91
10111001100		89
01100011101		89
00110111110		89
00110100111		88
00010010110		88
01010000101		87
10111100001		86
10001101010		86
00001011100		86
00000010111		86
11100000000		85
10110100001		85
10101100010		85
01011000101		84
01010011000		84
01001011001		84
01001011000		84
01001000100		84
10100000011		83
10011100001		83
01001011010		83
00011011110		83
10001000010		82
00101011111		82
00010111001		82
10101100001		81
00110010101		81
00100011101		81
01101000101		80
10110001100		79
10010101010		79
10010100000		79
10000001011		79
01110011001		79
00011110011		79
00011100111		79
00000011111		79
01111001101		78
00101010101		76
00010100111		76
10110101001		75
10001100010		75
10000101010		75
01111100001		75
01111000101		75
00101011011		75
10011101000		74
10010001100		74
10001100001		74
10000001101		74
01111011010		74
01100101100		74
00100011001		74
00001111001		74
10100001011		73
01100100010		73
01011100000		73
01010011011		73
00001011110		73
00001011011		73
10000100010		72
10000000011		72
00110011111		72
00011011000		72
00000011100		72
10110000001		71
10100001100		71
10011101001		71
01011001110		71
01010100000		71
01000001110		71
10101001010		70
01011101010		70
01000011011		70
01000011010		70
00111100111		70
00110111001		70
01110000100		69
01100011011		69
01000100010		69
01000011001		69
10101101010		68
01110001111		68
01101011010		68
01011011010		68
00100100111		68
10101001011		67
10010101001		67
01010011010		67
00110100110		67
10001100000		66
01101101011		66
01011001011		66
00101111000		66
00001111011		66
10110100000		65
01011000100		65
01001001111		65
00111111000		65
10111101000		64
10010000010		64
10001001010		63
01011000010		63
01010001111		63
01010000100		63
00111110001		63
10101001100		62
10100100010		62
01110100001		62
01110011011		62
01101011000		62
01001100001		62
01000101011		62
00101110010		62
10000100001		61
01010101010		61
01001101010		61
00111111001		61
00110011011		61
00101011110		61
00100000111		61
00010100110		61
00001011111		61
10111100000		60
01110000101		60
01100101011		60
01001101001		60
00110111000		60
00101111011		60
00100111001		60
10100000010		59
10001000001		59
01111101001		59
01111000011		59
01101001111		59
00100011110		59
00000000110		59
10101000001		58
10011000001		58
10000101001		58
01111100000		58
01011101000		58
00000010110		58
10101100000		57
01011000001		57
01010101001		57
01000001111		57
00110111011		57
00011111011		57
10011100000		56
01001001110		56
01000011000		56
00101100111		56
10100100001		55
01110101010		55
01100100001		55
01100011001		55
01011001101		55
00110011000		55
00011111000		54
10110001000		53
10001001101		53
01100000101		53
10111101001		52
01000100001		52
00011011010		52
10010001001		51
10000000010		51
01111000001		51
01010001001		51
01000000101		51
00101110011		51
00101100110		51
00011110001		51
00001100110		51
11101110100		50
10100101000		50
10011001010		50
01111101000		50
01110100000		50
00100111011		50
11111010000		49
10010000001		49
10000100000		49
01101101010		49
01101100001		49
01010000011		49
01001000011		49
00100011111		49
00100000110		49
00000100110		49
10010001010		48
00011110010		48
00010011100		48
00000100111		48
10110001010		47
10001101000		47
10001001001		47
01111101010		47
01100001111		47
01001000101		47
01000000011		47
11111010011		46
10110001001		46
01111000010		46
01110101000		46
01010001110		46
01010001011		46
01000000100		46
00100011000		46
00010111000		46
00010100101		46
10111001010		45
10100000001		45
10000001100		45
01110001110		45
01100001110		45
00111110000		45
00100100110		45
00011110000		45
00010011111		45
00000011110		45
10111000000		44
10110101000		44
10101101001		44
10100101010		44
01110011010		44
01110000011		44
01100101001		44
01100001011		44
01001000010		44
10100001001		43
01101101001		43
01101001110		43
01001100000		43
01001001011		43
00111011010		43
00011111010		43
00001110000		43
10111001001		42
01110000001		42
01001001101		42
01001001010		42
01001000000		42
01000001011		42
00100111010		42
00010011011		42
00010000101		42
10011001100		41
10011000000		41
10000101000		41
00111110010		41
00010111011		41
00001100111		41
10011001000		40
10000001001		40
01110001011		40
01100011010		40
01100011000		40
01011000000		40
01010001101		40
00110011110		40
00101110001		40
00011100101		40
00010110010		40
00000011000		40
10001001100		39
01101000010		39
01000000010		39
00111101111		39
00111100110		39
00111100011		39
00100101101		39
00011100110		39
00001110011		39
01110001101		38
01101100000		38
01101001101		38
01101000100		38
01101000001		38
01001000001		38
00110100101		38
00000111000		38
10100100000		37
10010101000		37
01111001010		37
01111001001		37
01110011000		37
01001101000		37
00111100101		37
00110101100		37
00101101111		37
11100110101		36
10101000000		36
10100001000		36
01101001011		36
01000101010		36
00010011000		36
01110101001		35
01110001100		35
01010001100		35
00100111000		35
00010100100		35
10100001010		34
10011001001		34
10000000001		34
01111001011		34
01110001001		34
01100001100		34
00111111011		34
00111110011		34
00110101111		34
00101110000		34
00001110010		34
00000111010		34
10110000000		33
10000001010		33
01111001100		33
01111000100		33
01111000000		33
01101000011		33
01000100000		33
00110000100		33
00001111000		33
10111001000		32
10101001000		32
01110110100		32
01010101000		32
01010000001		32
01000001001		32
00110101101		32
00100100100		32
00010101111		32
00010011110		32
00001100101		32
10101110111		31
10101101000		31
10010001000		31
10001010011		31
01100100000		31
01100001101		31
01100001001		31
01001001001		31
00110100100		31
00010111010		31
00010110001		31
00000001111		31
10001000000		30
01101000000		30
01100101000		30
01100000100		30
01011001100		30
01000101001		30
00000110011		30
11110010000		29
10101001001		29
10100101001		29
10010000000		29
10000001000		29
01110000010		29
01101001100		29
01011001000		29
01010000010		29
01001001000		29
01000001101		29
01000001010		29
00111111010		29
00100110011		29
00010101101		29
00000111011		29
00000111001		29
00000110001		29
00000101111		29
01000001000		28
00111001101		28
00110111010		28
00110110001		28
00011000101		28
00010001111		28
10110010001		27
10001001000		27
00101101101		27
00101100101		27
00101100100		27
00100101111		27
00011101110		27
00011101011		27
00011100011		27
00010101100		27
00001111010		27
00001101111		27
00001101101		27
10100110100		26
01110001010		26
01101101000		26
01100101010		26
01100000010		26
01011001001		26
01010001010		26
01000000001		26
00111101101		26
00111101011		26
00111001110		26
00101101011		26
00100110000		26
00100100011		26
00010100001		26
00010011010		26
00001101110		26
11001010010		25
01101001001		25
01011001010		25
00111100100		25
00110100011		25
00101101010		25
00101100001		25
00101011010		25
00100110001		25
00011001110		25
00010101110		25
00001110001		25
00001011010		25
00001000001		25
10000110100		24
10000000000		24
01110001000		24
00110000101		24
00101111010		24
00101101110		24
00100110010		24
00001100001		24
00001001111		24
00000110010		24
00000100100		24
01101001010		23
01100000011		23
01001001100		23
01000001100		23
00111101100		23
00111100010		23
00100100101		23
00011101101		23
00011100100		23
00010100011		23
00000101110		23
00000100101		23
01111001000		22
01100001010		22
01000101000		22
00111101110		22
00110110010		22
00110110000		22
00110011010		22
00010110011		22
00001101011		22
00001100100		22
10111010000		21
10011010001		21
00111001111		21
00111000000		21
00110110011		21
00101101100		21
00100011011		21
00011001111		21
00111000101		20
00110101110		20
00100001111		20
00100001110		20
00011101111		20
00011101010		20
00001101100		20
00000101100		20
11010110110		19
10100000000		19
01010001000		19
00111000011		19
00101100000		19
00011100000		19
00011000011		19
00001001110		19
11010110100		18
11001010011		18
01100001000		18
00110001111		18
00101100010		18
00100101110		18
00100000011		18
00011100010		18
00000000100		18
10011110111		17
01101001000		17
01100000001		17
01000110110		17
00111101010		17
00111000100		17
00110001110		17
00101001111		17
00101000101		17
00011001100		17
00011000100		17
00011000010		17
00001000100		17
00000110000		17
00000011011		17
11110010011		16
01010000000		16
00111001100		16
00111000001		16
00110101011		16
00100101100		16
00001101001		16
00001100011		16
00001001011		16
00000100011		16
00000001011		16
11111010001		15
11101010010		15
11011010000		15
10101010010		15
01100000000		15
00110101001		15
00110100010		15
00110100001		15
00101001010		15
00011100001		15
00010101011		15
00010100010		15
00010100000		15
00001101010		15
00000101101		15
00000001001		15
11101010011		14
11100010001		14
10010110100		14
00111101000		14
00111100000		14
00111001011		14
00110110111		14
00101000000		14
00100011010		14
00100000101		14
00011101100		14
00011001011		14
00010110000		14
00010001110		14
00010001011		14
00001000010		14
00000100000		14
00000000101		14
11110010001		13
11011110111		13
01001110110		13
00110001101		13
00101000010		13
00011101001		13
00011001001		13
00010110101		13
00010000011		13
00001100000		13
00000101010		13
00000100010		13
11110110110		12
10100110111		12
01110110101		12
01100110101		12
01011110111		12
00101010010		12
00101001001		12
00101000011		12
00101000001		12
00100001011		12
00100000100		12
00010001000		12
00010000100		12
00010000000		12
00000001010		12
00000000011		12
10011110110		11
01100010011		11
01011010001		11
01000000000		11
00110000001		11
00101100011		11
00101001110		11
00100100010		11
00100001101		11
00011001101		11
00011000000		11
00010001101		11
00001001010		11
00001000101		11
00000101011		11
00000001000		11
10111010011		10
10001010000		10
00111100001		10
00101110100		10
00101101000		10
00101001011		10
00101000100		10
00100101000		10
00100100001		10
00011101000		10
00010101001		10
00000000000		10
11110110101		9
11101110111		9
11100010000		9
11001110111		9
10001110101		9
10001010010		9
00110001010		9
00110000011		9
00100101011		9
00100100000		9
00100001100		9
00100001001		9
00011010001		9
00011001010		9
00010001001		9
00001100010		9
00001000000		9
00000011010		9
00000001101		9
11100110111		8
11011110101		8
11001010001		8
10100110101		8
10001110111		8
10000110101		8
00111101001		8
00111001010		8
00111001001		8
00111000010		8
00110101010		8
00110100000		8
00110001011		8
00110001001		8
00101101001		8
00100101010		8
00100000010		8
00011000001		8
00010101010		8
00001101000		8
00000000010		8
11000110110		7
10110010000		7
10100010000		7
10011010011		7
10001010001		7
01110000000		7
01010110101		7
00111010011		7
00110101000		7
00110000010		7
00100000001		7
00011001000		7
00010001100		7
00010000001		7
00001001001		7
00000101001		7
11111010010		6
11101110101		6
11100110100		6
11010110101		6
11010010001		6
11000010011		6
10110110111		6
10101010000		6
10010010001		6
10000010011		6
01000110111		6
00110001100		6
00101001101		6
00011010000		6
00010101000		6
00000101000		6
00000100001		6
00000001110		6
11110110100		5
11011110110		5
11001110110		5
10101110100		5
10100010011		5
10011010010		5
01010110100		5
00111110100		5
00111001000		5
00110001000		5
00101010011		5
00101001100		5
00100010011		5
00100001010		5
00100000000		5
00010001010		5
00001001101		5
00001001100		5
00001001000		5
00000000001		5
11101110110		4
11101010001		4
11011110100		4
11001010000		4
10101010011		4
10011010000		4
10010110101		4
10001110100		4
10000110111		4
10000010001		4
01111110100		4
01111010000		4
01011110100		4
01010110111		4
01010110110		4
01001010010		4
00101001000		4
00100101001		4
00010000010		4
00001000011		4
00000001100		4
11111110100		3
11110110111		3
11110010010		3
11010110111		3
11010010010		3
11001110101		3
11000110111		3
11000110100		3
10110110110		3
10110110100		3
10110010011		3
10100110110		3
10010110110		3
10010010000		3
10000010000		3
01110010011		3
01110010001		3
01101010001		3
01011010011		3
00110000000		3
00101110110		3
00100001000		3
00010110100		3
00000110111		3
00000010010		3
11101010000		2
11100010011		2
11011010011		2
11000010001		2
11000010000		2
10111110101		2
10111110100		2
10111010001		2
10101110110		2
10101010001		2
10100010001		2
10011110101		2
10010110111		2
10001110110		2
10000110110		2
01111110101		2
01111010011		2
01111010010		2
01111010001		2
01110010000		2
01101110111		2
01101110110		2
01101110100		2
01100010000		2
01011010000		2
01010010001		2
01010010000		2
01001010011		2
01001010001		2
01001010000		2
01000110101		2
01000110100		2
01000010001		2
00111110101		2
00111010010		2
00101110101		2
00011110101		2
00010010011		2
00001110111		2
00000110100		2
00000010000		2
11111110111		1
11111110110		1
11111110101		1
11100110110		1
11011010010		1
11010010011		1
11001110100		1
11000110101		1
11000010010		1
10111110111		1
10111110110		1
10111010010		1
10110110101		1
10110010010		1
10101110101		1
10100010010		1
10010010011		1
10010010010		1
01111110111		1
01110010010		1
01101110101		1
01101010011		1
01101010010		1
01100010001		1
01011110101		1
01011010010		1
01010010011		1
01001110101		1
01001110100		1
01000010011		1
01000010010		1
01000010000		1
00110010010		1
00101110111		1
00101010000		1
00100110111		1
00100110101		1
00100110100		1
00011010011		1
00010010001		1
00010010000		1
00001110110		1
00001010011		1
00000110101		1
00000010011		1
