00010100100		3395
00101100010		3256
00101100011		3167
00001100001		3149
00000100100		3013
00001100011		2789
00101100100		2695
00011100000		2626
00010100101		2564
00011100010		2545
00010100000		2534
00111100100		2512
00011100001		2499
00011100011		2493
00101100001		2428
00011001100		2391
00000100010		2376
00010101100		2348
00001001000		2326
00100101111		2324
00001100000		2318
00001100010		2310
00010100011		2305
00100100100		2290
00101101101		2268
00000000101		2252
00101101011		2216
00101100000		2200
00011101000		2193
00010101010		2167
00011000000		2162
00111100011		2146
00001001100		2137
00111101011		2131
00000101101		2129
01011000000		2109
00000101100		2097
00001101011		2092
00000101001		2091
00000001101		2084
00110101101		2080
00111000000		2072
00011000010		2025
00101000001		2010
00001000011		2009
00100100001		2008
00010101011		2005
00100101100		2004
00000101010		1997
00101000011		1978
00100100101		1978
00110100001		1966
00001000000		1966
00001000010		1965
00101000100		1963
00011001011		1961
00100101000		1943
00000100011		1943
00100001101		1940
00101000010		1937
00101101000		1928
00110000100		1917
01001000000		1916
00001101000		1912
00010100001		1901
00101000101		1896
00100100000		1884
00110101100		1874
00101000000		1873
00010001101		1873
00000001011		1863
00011101010		1857
00000100101		1849
00001001001		1840
00000101011		1832
00100101110		1820
00011101011		1799
00110100101		1793
00011000001		1790
00101001001		1789
00000100000		1784
00011001101		1782
00000001001		1781
00000100110		1765
00011000011		1761
00000000100		1749
00010000000		1742
00001000001		1735
01000001011		1732
00110101111		1730
00001101001		1728
00000001010		1728
00000101110		1724
00001001101		1720
00011101100		1714
00111001100		1713
00100001010		1713
00001001010		1708
00000001100		1696
00011000100		1695
00000001000		1694
00000100001		1691
00001100100		1690
00001001011		1690
00100100110		1686
00010100010		1686
00010000101		1671
00111101000		1669
00001000100		1661
00001101100		1657
00101101010		1654
00011101110		1640
00010001100		1636
00100000100		1635
00100101101		1634
00010000011		1632
00100100011		1631
00011101101		1630
00101001101		1629
00111101010		1617
00011101001		1617
00000001110		1617
00101100101		1613
00000101000		1612
00010101110		1607
00000000011		1603
00101101111		1598
00111001011		1597
00010001011		1595
00111000011		1588
00010000100		1584
01001001000		1581
00111000010		1579
00101001000		1573
01000001010		1567
00111101111		1564
00010001010		1560
00110100010		1558
00111100010		1546
01101000000		1545
00001101101		1545
00000000000		1545
00110001000		1543
00111100001		1540
00100001000		1540
00101001010		1535
00001101010		1533
00100001111		1521
00110101110		1520
00100000101		1519
00110100100		1516
00011001000		1514
00010000010		1509
00000101111		1492
00110101010		1486
00111101101		1479
00011101111		1476
00100001011		1466
00001101111		1462
00101001100		1461
00100001110		1455
00011001001		1450
01101000001		1441
00011001010		1432
00100000001		1431
00111001101		1429
00111100101		1424
00110000101		1423
00100101011		1423
00101101110		1418
00111000001		1417
00110101011		1403
00111001001		1398
00100100010		1394
00100001100		1393
00110001101		1387
01011001000		1386
01010001000		1380
00111101100		1379
00101101100		1373
00110100011		1369
01101001000		1360
00010101000		1360
00010001000		1358
01000001101		1349
00111100000		1334
01000001100		1331
00111000101		1330
01000000101		1326
00110001100		1310
00110001011		1310
00101001011		1309
00101101001		1307
00000000010		1306
01010000000		1305
00001000101		1305
01001000001		1295
00100001001		1295
01000001000		1286
00010101001		1284
00000001111		1280
00001100101		1273
00100000011		1266
00100101010		1265
01010001010		1252
00010001001		1248
00110100000		1245
10001000000		1231
00110001110		1228
10001100000		1225
00100101001		1225
00011000101		1225
01001001100		1220
00010101111		1218
00000000001		1218
00011100101		1215
00110001001		1205
00011100100		1203
00010101101		1196
00001101110		1184
00110101000		1169
00000100111		1163
00111001010		1152
00110001010		1142
01110001100		1138
01001100000		1127
00110000010		1125
01001001010		1124
01011001100		1122
00111001000		1116
00100100111		1112
01011000001		1098
00001110010		1098
00101001111		1097
00111101110		1083
01001001101		1082
00110000000		1077
01011001010		1066
00010001110		1059
00110000001		1057
01100000101		1053
01101001011		1048
01100001100		1043
01101001001		1036
01101100000		1025
01100100000		1024
01001001001		1015
00010100110		1009
01010001100		1005
01011001011		1002
00110000011		1002
01100001011		994
01001001011		994
00010110010		993
10000100000		990
01000001001		975
00100000000		975
00101100111		974
00110101001		972
00110001111		971
00101110010		970
00000110010		965
01100000000		955
00100000010		955
01100001010		954
01110001010		951
01101001100		943
01100000001		936
10000000000		920
01000000100		920
01001000011		916
01111001010		912
01110000001		894
10100100000		888
10001001000		886
01101001010		878
00001100110		874
01111001100		871
00001001110		871
00000110000		865
01000001110		859
01100001110		854
01100001101		846
00001001111		837
00111000100		835
01011001001		826
01000100000		825
01000101000		824
00101001110		824
00010001111		818
01101001101		814
00010000001		813
01001101000		809
01010001011		807
01010001001		807
01010001101		802
00111101001		801
00110100110		800
01100000100		793
01111000001		787
01000001111		787
01111001000		784
01110000100		784
00101100110		784
10000001000		782
01000000000		779
01110001000		766
01001000101		754
01010001110		748
10001100010		744
01001000010		742
01011001101		735
01101000101		734
00001110000		731
10001101000		730
01111000000		724
01100001001		721
10001000001		717
01111001001		715
00011100110		711
01110000000		705
01100001000		704
00001110011		704
01111001101		703
10101100000		702
10001101001		693
01111001011		693
10000101000		690
01101000011		682
01011100000		677
01101000010		669
01101101000		664
10101101000		660
10011000000		659
00110100111		653
00111001110		650
10000100010		647
10011001000		646
01101000100		646
00010111010		646
01100101000		644
00100110010		643
10001100001		640
00111110010		640
01000000011		633
00100110000		624
00011110000		623
01000000001		622
00001100111		614
00000110001		614
00000111010		613
01110001101		610
10000100001		609
01001100010		607
10110100000		603
01011101000		602
10111000000		599
10001001001		595
01011000100		589
00111100110		586
01100001111		585
01110001001		584
01100100001		584
01001100001		580
01001000100		577
01110001110		573
10001100011		568
01010000101		560
01111000010		558
10000001001		554
10110001000		549
00010100111		549
00011110010		547
01010100000		546
01000100001		543
10101000000		540
01001001111		540
01100000010		539
01000000010		539
00111001111		537
01010000100		536
10011000001		535
01110001011		534
01110000101		534
00000110011		533
00010110000		530
01111001110		528
10000101001		524
01101100001		524
01010000001		524
10100001000		523
00101110011		522
10011100000		521
01001101010		520
01001011000		519
00011001110		519
01011000010		516
00111110000		514
01011000101		512
10101001000		511
01101001111		508
01101001110		508
10100101000		503
01000100010		502
10101100010		501
10101100001		497
01010001111		497
01111000101		494
00011100111		494
10000001100		486
01111100000		486
10111100000		483
00101110000		482
00011001111		482
10010001000		481
01011001110		473
10011101000		467
10010100000		466
10001001010		455
00000111011		455
10010000000		452
01000101010		452
10001001011		451
01010101000		451
10111000001		450
10000001010		449
10001000010		447
01001100011		446
01010101010		444
01001011010		444
01001001110		444
01100000011		439
10001000011		433
01101100010		431
01011101010		430
00100110011		428
10001101011		426
01110101000		424
10000000001		423
01011100010		423
01101101010		421
00110110010		421
00011011010		420
00010011010		418
01000101001		412
01110100000		411
01110001111		411
01110100001		410
10010100001		404
10000000010		402
01000101100		401
10100100001		400
00000011010		400
01011100001		395
01101100011		394
10011100010		392
00000011101		392
00010110011		389
10101101001		386
10001101010		385
01111000100		385
01000100100		385
00111110011		384
10000001011		381
00111100111		378
10011001001		375
01100101010		373
00000000111		370
10001001100		369
01110101010		369
01010100001		369
00011110011		369
10101000001		368
10000001101		365
01000100011		365
00100111010		365
11000100000		361
01101101001		361
01111000011		360
01111001111		359
01011000011		358
10110000000		355
10100001001		353
01010101100		353
01001101001		353
10100001010		350
10101100011		349
01001101011		349
10011001010		348
10011101001		346
00001011100		346
10110101000		343
01101101011		343
10100101001		342
01111101010		342
01111101000		339
00001110001		338
10111101000		337
01100011010		336
01010100010		335
01010000010		334
01000011000		334
00010011110		333
10000101010		332
00100011110		332
00001111010		331
10100000000		329
01100101011		328
00100000111		328
01000101101		325
10101001001		324
00000011100		322
10101000010		319
10100000001		318
10100100010		317
01011001111		314
01101011010		313
10011100001		312
10100101010		311
01111100001		308
00000011111		308
10011000010		306
01100100100		306
00100110001		304
01100101100		303
00110110011		303
00101110001		303
01100100010		302
01001101101		302
10100001100		299
00011111010		299
01011101001		298
01100011000		297
01111101011		296
00000011110		295
10111100001		293
01001011100		293
01101011000		292
01101100100		290
01000011100		283
01010100100		282
01000101011		282
00100111011		280
00001011011		280
10011001011		278
00100011010		278
10001001101		277
01000011010		276
10011101010		275
10000000100		275
01010011000		274
10111001000		273
10010001010		271
01100101001		271
01100101101		270
01111011000		269
01011100011		269
01000100101		269
00101011010		269
00100000110		267
01100100101		266
01001011001		266
01010011100		264
00000000110		264
01001100100		263
10000100011		261
01000101110		261
10000000101		259
00011011110		258
01111101001		256
00001011111		255
10111101001		252
10010001001		252
10101001010		250
10100100011		250
10010001011		247
01010000011		246
10101001100		245
10011100011		245
10100000010		243
10010101000		243
01101101100		242
01110000011		241
10000001110		238
01010100011		237
00100011011		237
00010111011		237
01010101001		236
10111001001		233
01010101011		233
10000000011		232
01101011001		231
00001011010		231
10010001100		230
10001000101		230
01111100010		230
00111111010		229
00010010100		229
10110100010		228
01111100011		228
01000011101		228
00110110000		228
00000111000		226
10000100100		225
01001101100		225
10111100010		224
10111001010		224
10110001001		224
01101101101		223
10101000100		222
01110100011		222
00100011100		222
00011110001		221
10101001011		220
10101101010		219
00110111010		219
10101000011		217
01001100101		217
00000010101		217
01101100101		215
10001000100		214
10011001100		213
01011101011		213
01010101101		212
10100000100		211
10110100001		210
01001011011		210
00101010111		210
10010101001		208
10011101011		207
10010000001		207
00111011010		205
01100100011		204
10101101011		201
01010011010		200
00101011111		199
00101011011		199
10110001010		198
01010100101		198
01011101100		197
10110000001		196
10010000010		196
10011001101		194
10000100101		194
01111100100		193
01110101101		193
10110100011		192
10010100010		192
10001100100		192
10100001011		190
00001011110		190
00001111000		189
10010101010		188
00010011100		188
00001111011		188
10110001100		187
10100100100		187
01110101011		187
01110100010		187
01000011001		187
01011101101		186
00100011111		185
01101011011		184
00101111010		184
00000010111		184
10111000010		182
10110000100		182
01110101100		182
01001101110		182
00001011101		182
00000010110		182
10110101001		181
10010001101		181
01100101110		181
01100011100		181
00101010101		181
00101000111		181
10111001100		180
01110100101		180
01110100100		180
01110000010		179
00111110001		178
01010101110		177
00010110001		177
00000011011		176
10010000100		175
01101101110		175
10011000011		174
01110101001		174
00110000110		174
00110011100		173
10110000010		172
10101001101		172
10010100011		172
01100011011		172
10111101010		171
00110011101		170
00001010101		170
01100010100		169
10100000011		168
00001011000		168
10000101011		166
00011011011		166
00000111001		166
10011000100		165
00101000110		165
00100011101		165
01100011001		164
01011011000		163
00101011110		163
10111001011		161
00101011101		161
01001011101		158
10110101010		157
10100001101		157
00010000110		157
10111100011		156
00100011000		156
00010011101		156
00010010101		156
10100101011		155
00000010100		155
10101100100		154
01001101111		154
00001000110		154
10111101011		152
01110010100		151
00011011111		151
00000011000		151
10010100100		149
01000101111		149
10111000011		148
01000100110		148
00110010110		148
01111101101		147
00100010111		147
00011111011		146
00011011100		146
10101000101		145
01111101100		145
00101011100		145
00100010110		143
00010011011		143
00111011011		142
00110110001		142
00100010101		142
01000010100		141
01100101111		140
00001000111		139
10011000101		138
01001010101		138
01111100101		137
01011100101		137
10111001101		135
10100000101		135
01000010101		135
00010011000		135
00001010111		135
00111000111		134
01110011000		133
00110000111		133
01111011001		132
01011100100		132
00000111111		132
01011011010		131
01100010101		130
01010101111		130
00011111111		130
00001010110		130
01110101111		129
01010011001		129
01000011011		129
00011011101		129
10101100101		128
01101101111		128
00010010110		127
10010000011		126
01110101110		126
00110010111		126
10010101011		124
10001101101		124
01100010110		124
00010011111		124
10110001011		123
10000101101		123
01110100110		122
00010000111		122
00000011001		121
10010000101		120
01111011011		120
01011101110		120
00001111101		120
01111101111		119
00110011110		119
10010100101		118
10000101100		118
01110011010		118
01011101111		118
10001101100		117
01010011101		117
00110011011		117
00011111000		117
01011011100		116
01000100111		116
00101111011		115
10100100101		114
01100100110		114
00010111000		111
00110011010		110
00100111000		110
01011011101		109
10110100100		107
01100100111		107
00001111001		107
10000001111		106
00111111011		106
10001100101		105
01011010100		105
01100011101		104
00011000111		104
10100101100		103
00111011100		103
00111010110		103
00101011000		103
00111000110		102
00011010100		102
00000111100		102
10111000101		101
10000100110		101
10110001101		100
10100001110		99
01101010101		98
00011010111		98
01000011111		97
00011011000		97
00001011001		97
10110101011		96
10110000101		96
10011100100		95
10110000011		94
00001010100		93
10010001110		92
00011010110		92
10101101101		91
01111011010		91
00101011001		90
10111000100		89
10001001111		89
10111100100		88
01110011100		88
00111011000		88
10011101100		87
01001110010		87
01001010100		87
10100101101		85
01010000111		85
00011000110		85
00000111110		85
01010110010		84
00011111110		84
10001100110		83
10001001110		83
01011100110		83
00100010100		83
10010101100		82
01010100110		82
00111011110		82
00110010100		82
01111011100		81
01001100110		81
00011011001		81
01001110001		80
00011111101		80
10101101100		79
10100001111		79
00110010101		79
01111101110		78
01101110010		78
01011011001		78
01000110010		78
00010010111		77
10000101110		76
00111010101		76
00100011001		76
10000100111		75
01001010111		75
01000110000		75
01000011110		75
00111010100		75
00101111000		75
11000100001		74
10011101101		74
10000101111		74
01001100111		74
00111011101		74
10010001111		73
10001101111		73
10000110000		73
01101011100		73
01001110000		72
10110101110		71
00110011111		71
10110101100		70
01010010100		69
10111100101		68
10110101101		68
10110100101		68
00111111110		68
00101010100		68
01101100111		67
00110111011		67
00011010101		67
10110001110		66
10100101111		66
10001101110		66
01110100111		66
01110011001		66
01010011110		66
00100111001		66
10101101111		65
01101100110		65
10100100110		64
01100110010		64
01011100111		64
01001011111		64
10101001111		63
00111011111		63
10011101110		62
10011001110		62
01110011101		62
00010011001		61
10100101110		60
10011100101		60
10010101110		59
01100011110		59
01110010101		58
00110111000		58
00001111100		58
10111101101		57
10101101110		57
01111100110		57
00100111101		57
11001100001		56
10111101100		56
00111111000		56
00111010111		56
00110011000		56
10101001110		55
01100110000		55
01010100111		55
01010010101		55
10110101111		54
10110100111		54
10011101111		54
01101011101		54
00101010110		54
11001101000		53
10111101111		53
10100111110		53
01010110000		53
01001011110		53
10010101111		52
01000111111		52
00000111101		52
10110001111		51
10100100111		51
01101110000		51
01011110010		50
01000000111		50
11001000000		47
10010101101		47
01111010101		47
00100111100		47
10011001111		45
01111010110		45
01011110000		45
01011011110		45
01000110011		45
01000110001		45
00010111001		45
11001100011		44
10010100111		44
01111110010		44
01101000111		44
01011011011		44
11001001000		43
10111001110		43
01010111010		43
01010110011		43
10000110010		42
01111110011		42
01111110000		42
01010000110		42
01111100111		41
01110110010		41
01110011011		41
01101110001		41
01100110011		41
00101111110		41
00101111001		41
11011000011		40
10001110010		40
01101011110		40
01001110011		40
11000001110		39
01101110011		39
01011110011		39
01011011111		39
01010011011		39
10001111100		38
00001111111		38
11001101110		37
11000001101		37
10101110010		37
01100111010		37
01100000111		37
01011111110		37
01000111110		37
01000000110		37
00001111110		37
10011100110		36
10010111010		36
10010100110		36
01111010100		36
01001010110		36
01001010011		36
10111101110		35
10111001111		35
01100010111		35
10111110000		34
01101010100		34
01100011111		34
00100111110		34
00011111001		34
11001001111		33
10111110010		33
10001110000		33
01101010011		33
01101011111		32
01000111010		32
01000111000		32
00111011001		32
10111111001		31
10101100111		31
01110000111		31
01000010110		31
00011111100		31
11000001000		30
10001100111		30
01110110011		30
01100010001		30
10111100110		29
10110110010		29
10100110000		29
10010110010		29
01010010111		29
00110111111		29
00110111100		29
00101111100		29
10011011011		28
10000110001		28
00100111111		28
01011010111		27
01000010111		27
11010000101		26
11000000100		26
10011110010		26
10001111010		26
10000010100		26
01110111010		26
01101000110		26
01100110001		26
01011010101		26
01001111010		26
01001000111		26
10001110011		25
10001011011		25
10000011101		25
10000000111		25
01000111011		25
00000010010		25
11010000011		24
10010110000		24
01111010111		24
01010011111		24
11111001101		23
11101100000		23
11010100000		23
10001011010		23
01111011101		23
01110110000		23
01101010111		23
01011111010		23
01010111011		23
10111100111		22
10101100110		22
10101011000		22
10100110010		22
10011100111		22
10000011100		22
01111011110		22
01100010010		22
01010010110		22
01000111001		22
00010010011		22
11101000001		21
11001100010		21
10010010100		21
10001011000		21
10000110011		21
10000000110		21
01111110001		21
01011110001		21
11101101000		20
11100001000		20
10110100110		20
10101110000		20
10001011100		20
10000111011		20
01111011111		20
01100111011		20
01001111011		20
00111111100		20
00111111001		20
00110011001		20
11111100011		19
11111001110		19
11011100011		19
10110110011		19
10110110000		19
01111000111		19
01100000110		19
00001010010		19
11101011001		18
11011000101		18
11010001000		18
10111110011		18
10101110011		18
10011011010		18
10010111000		18
10010110011		18
10001111001		18
10000011000		18
01111111010		18
01110011110		18
01110000110		18
01010110001		18
01001111100		18
00010111110		18
11011000000		17
11001000001		17
11000001001		17
10111110001		17
10100011110		17
10011110000		17
10010011100		17
10010011010		17
10001111000		17
10000011110		17
10000011011		17
10000011010		17
01111111011		17
01001111101		17
00100010010		17
11111001010		16
11110001010		16
11101100011		16
11011111100		16
11011000001		16
11001011001		16
10101110001		16
10101010101		16
10100011010		16
10100011000		16
10010011110		16
10010011101		16
10000111010		16
00110111001		16
00011010010		16
11010100100		15
11000101100		15
11000011001		15
11000001010		15
10101011011		15
10101011010		15
10001111110		15
10001111011		15
10001011111		15
10001010101		15
01011010110		15
01001000110		15
00111111101		15
00010111111		15
11111001011		14
11100101000		14
11011100010		14
11011100000		14
11010001100		14
11001101011		14
11000100110		14
10110110001		14
10100110011		14
10100011111		14
10100011011		14
10100010100		14
10100000111		14
10011110011		14
10011000111		14
10001110001		14
01000111100		14
00110111101		14
00010111101		14
11111101101		13
11111001100		13
11101001010		13
11101000000		13
11100100011		13
11100010111		13
11100001100		13
11011001100		13
11001001100		13
11001001011		13
11000001100		13
11000001011		13
11000000000		13
10101011100		13
10100000110		13
10010000111		13
10000010101		13
01110110001		13
01110010110		13
01011111011		13
01011000110		13
01001111000		13
00101111101		13
00010111100		13
11111000000		12
11101001101		12
11101001000		12
11010101010		12
11010000001		12
11001101001		12
11000101111		12
11000100010		12
11000000101		12
10111011101		12
10111011010		12
10110111111		12
10110111010		12
10110011000		12
10101111010		12
10101011001		12
10100011101		12
10100011100		12
10100010101		12
10011111111		12
10001111111		12
10001010100		12
10000011111		12
10000010110		12
01110111110		12
01110011111		12
01100111001		12
01011111111		12
00110111110		12
00101111111		12
11111101100		11
11111000001		11
11110110001		11
11101100001		11
11100100111		11
11100011111		11
11100001101		11
11011100100		11
11011100001		11
11011001101		11
11011000110		11
11011000100		11
11011000010		11
11010100011		11
11001100000		11
11001011111		11
11001001101		11
11001000101		11
11000100101		11
10111010100		11
10111000110		11
10110111011		11
10110011110		11
10110011100		11
10110010110		11
10100010110		11
10011111010		11
10011011101		11
10011000110		11
10010000110		11
10001111101		11
10000111000		11
01111000110		11
01101111011		11
01101010000		11
01100111000		11
01011000111		11
01010111001		11
00111111111		11
11111100100		10
11111100010		10
11111100000		10
11110101111		10
11110101000		10
11101001001		10
11100100110		10
11011111101		10
11011001000		10
11010001011		10
11001110011		10
11001011110		10
11001001001		10
11001000010		10
11000101010		10
11000101000		10
11000100111		10
10111111010		10
10111011111		10
10110010100		10
10110000110		10
10100111111		10
10100111011		10
10100111010		10
10011111000		10
10001011110		10
10001011101		10
10001000110		10
01110111101		10
01011111101		10
01010111000		10
01001010010		10
11111101010		9
11111100001		9
11111001001		9
11110001100		9
11110000000		9
11101100010		9
11101000101		9
11100101111		9
11100101100		9
11100100000		9
11100000101		9
11100000011		9
11100000010		9
11100000000		9
11011101000		9
11011000111		9
11010101011		9
11010001010		9
11001101100		9
11000011100		9
11000001111		9
10111111011		9
10111011000		9
10110000111		9
10011110001		9
10011011110		9
10011010111		9
10010010111		9
10010010101		9
10001011001		9
01111111000		9
01110111011		9
01101111010		9
01100111101		9
01001111001		9
11111101011		8
11111100101		8
11110001111		8
11110001011		8
11101101101		8
11101101010		8
11101000011		8
11100101011		8
11100100001		8
11100001110		8
11011101110		8
11011101101		8
11011101001		8
11011001010		8
11010100001		8
11010001101		8
11010000010		8
11010000000		8
11001101111		8
11001101010		8
11001001010		8
11000101101		8
11000101011		8
11000100011		8
11000000010		8
10110111110		8
10110011101		8
10110011010		8
10101011111		8
10101011110		8
10101000111		8
10100111000		8
10011111011		8
10011011000		8
10010111011		8
10010110001		8
10010011011		8
10001010111		8
10000011001		8
01110010111		8
01101010110		8
01011111000		8
01001111110		8
01000111101		8
00011010011		8
11111000100		7
11110110011		7
11110100001		7
11110001110		7
11110001101		7
11101101001		7
11101100111		7
11100110011		7
11100101001		7
11100100100		7
11100001111		7
11100001001		7
11011101111		7
11011101011		7
11011011001		7
11011001011		7
11010100111		7
11010001001		7
11001100111		7
11001100110		7
11001011010		7
11001001110		7
11000101001		7
11000100100		7
11000000001		7
10111011100		7
10111011011		7
10110010111		7
10101111000		7
10101011101		7
10010011000		7
10001000111		7
01111111001		7
01110111111		7
01110111100		7
01101111001		7
01010111110		7
00010010010		7
11111101111		6
11111101001		6
11111101000		6
11111001111		6
11111000101		6
11110101100		6
11110100011		6
11110100000		6
11110001000		6
11110000010		6
11110000001		6
11101110001		6
11101101111		6
11101101100		6
11101101011		6
11101100100		6
11101001111		6
11100101010		6
11100001010		6
11011100111		6
11011001001		6
11010101110		6
11010100010		6
11010000100		6
11000101110		6
11000000011		6
10111011110		6
10110011111		6
10110010101		6
10101000110		6
10100011001		6
10011111110		6
10011011100		6
10010011111		6
10000111101		6
01101111111		6
01101111110		6
01101111000		6
01101010010		6
01100111111		6
01001111111		6
00100010011		6
00100010001		6
11111110010		5
11111101110		5
11111001000		5
11111000010		5
11110110010		5
11110101010		5
11110101001		5
11110100110		5
11110100101		5
11110000100		5
11101111001		5
11101110000		5
11101011010		5
11101000100		5
11100101110		5
11100011110		5
11100001011		5
11011100110		5
11010101101		5
11010101100		5
11010101001		5
11010101000		5
11010100101		5
11010001111		5
11001100101		5
11001011101		5
11001011000		5
11001000011		5
11000111111		5
11000110011		5
10111010101		5
10110011011		5
10101111011		5
10101010110		5
10100111100		5
10100110001		5
10011010101		5
10011010100		5
10010011001		5
10000111111		5
10000111100		5
01111111111		5
01111010011		5
01100111100		5
01100010000		5
01010111101		5
00111010011		5
00010010000		5
11111000011		4
11110101110		4
11110101101		4
11110101011		4
11110100100		4
11110010110		4
11110001001		4
11110000101		4
11110000011		4
11101111101		4
11101100101		4
11101011000		4
11101001110		4
11101001011		4
11101000111		4
11101000010		4
11100111010		4
11100110010		4
11100101101		4
11100011001		4
11100000001		4
11011101010		4
11011001110		4
11010001110		4
11010000111		4
11001111001		4
11001110010		4
11001000100		4
11000011010		4
10111111111		4
10111011001		4
10110011001		4
10101111001		4
10101010111		4
10011011111		4
10011011001		4
10010111110		4
10010111101		4
10010111100		4
10010111001		4
10001010110		4
10000111110		4
10000111001		4
01111111110		4
01111111100		4
01111010010		4
01100111110		4
01100010011		4
01011111100		4
01011111001		4
01010111111		4
00101010010		4
00001010011		4
11110111001		3
11110100010		3
11101111000		3
11101110010		3
11100100101		3
11100010110		3
11100000100		3
11011111111		3
11011110000		3
11011101100		3
11011100101		3
11011011000		3
11011010111		3
11010110011		3
11010110010		3
11010011101		3
11010011001		3
11010011000		3
11001111110		3
11001101101		3
11001100100		3
11001010110		3
11000110010		3
11000011101		3
11000011000		3
10111111110		3
10111111000		3
10111010110		3
10100111001		3
10100010111		3
10100010001		3
10011010110		3
10010010110		3
10001010010		3
10000010111		3
01111111101		3
01110111000		3
01101111100		3
01011010001		3
00111010010		3
00110010011		3
00110010010		3
00011010000		3
00001010001		3
00000010011		3
11111111111		2
11111110001		2
11111011010		2
11110111011		2
11110111000		2
11110011111		2
11110011100		2
11110000111		2
11110000110		2
11101110011		2
11101100110		2
11101011011		2
11101010111		2
11101001100		2
11100111110		2
11100111101		2
11100110001		2
11100100010		2
11100011000		2
11100010100		2
11011111011		2
11011111010		2
11011110011		2
11011110010		2
11011011101		2
11011010100		2
11011001111		2
11010111111		2
11010111010		2
11010111001		2
11010110000		2
11010101111		2
11010100110		2
11010011100		2
11010010101		2
11010010100		2
11001111100		2
11001111011		2
11001011100		2
11001000111		2
11000111101		2
11000111001		2
11000110000		2
11000011111		2
11000011110		2
10111111100		2
10111000111		2
10110111100		2
10110111000		2
10101111110		2
10101111101		2
10101010100		2
10101010000		2
10100111101		2
10011111101		2
10011111001		2
10010111111		2
01110111001		2
01101111101		2
01101010001		2
01010010010		2
00111010000		2
00101010000		2
00100010000		2
00011010001		2
00001110101		2
11111111101		1
11111111010		1
11111110000		1
11111100111		1
11111100110		1
11111011111		1
11111011110		1
11111011101		1
11111011011		1
11111011001		1
11111011000		1
11111010110		1
11111010100		1
11111000111		1
11110111111		1
11110111110		1
11110111100		1
11110011101		1
11110011001		1
11110010111		1
11101111111		1
11101111100		1
11101101110		1
11101011111		1
11101011101		1
11101010110		1
11100111111		1
11100111001		1
11100111000		1
11100110000		1
11100011100		1
11100011011		1
11100010101		1
11100000111		1
11100000110		1
11011111110		1
11011111001		1
11011011111		1
11011011110		1
11011011011		1
11011011010		1
11011010110		1
11011010101		1
11010111110		1
11010111011		1
11010110001		1
11010011110		1
11001111111		1
11001111000		1
11001110001		1
11001110000		1
11001010111		1
11001010101		1
11001000110		1
11000111010		1
11000111000		1
11000110001		1
11000010110		1
11000010101		1
11000000111		1
10111111101		1
10111010111		1
10110111001		1
10101111111		1
10101110100		1
10100010011		1
10011111100		1
01110110101		1
01110010011		1
01110010001		1
01110010000		1
01011110100		1
01011010000		1
01010111100		1
01010010011		1
01010010001		1
01001010001		1
01000010011		1
01000010010		1
00111010001		1
00110110101		1
00110110100		1
00110010000		1
00101010001		1
00011110100		1
00010110100		1
00001110111		1
00001110100		1
00001010000		1
00000110101		1
