01100110011		881
01010100101		778
01001111101		740
01001011001		661
01011110011		607
01000111011		606
01111111101		605
01100100101		584
01101000011		546
01010111001		485
01111010110		482
01010100011		473
00010110011		449
00011010101		442
01001011011		428
01011101000		419
00010111101		415
00000100100		409
01011000010		407
01001110000		396
01010000101		384
01000101011		371
01100100100		370
01001111000		367
01111101101		366
01011111101		365
01101100010		364
11111011110		360
01001101000		349
01101111101		346
11101100011		332
01111000100		319
11010100101		313
01000100111		311
11001011111		296
00110100111		293
01000011100		292
11110000110		288
00100100110		285
00101100100		278
10100111111		276
00010010111		276
11010111010		268
11000100000		268
00111100010		263
11010011000		261
11100000111		258
00001011111		252
11100110001		250
01111000001		249
00111100000		248
11000111111		241
00110110000		241
01110111011		240
11100101101		238
11000110010		237
00100111000		227
01010100110		225
00011011001		221
01000111101		214
11000010100		211
00110101101		210
11110111010		209
11110011011		199
11111000011		198
01011000111		197
11000011010		196
10100111000		196
01011111111		196
01001010100		194
11110010110		192
11011110001		192
01110010110		192
00100100100		189
11001111011		187
11010110010		183
11010010101		183
11000011110		183
01100010111		180
00110000100		179
01011010100		178
00111011110		178
00010011111		174
00101100001		173
00100111100		173
10011100111		172
10000110011		172
01000111111		172
01111111100		170
00111000000		170
11100111011		169
10110110011		169
01111101000		169
01100000101		167
10010100011		164
10000100111		164
10000100100		164
01010011010		162
00000101010		162
00101011001		161
00110010111		160
11010000010		156
01011011100		155
00000100101		155
01010000000		154
01001000011		152
11001111110		148
10000111011		147
00011011011		146
01100011010		142
01111010111		141
01011100100		141
11001100010		139
00001111101		136
01111100011		135
10101100100		134
01111111110		131
11111000111		128
00010111110		128
01001111011		125
01111100001		124
00010100111		124
10100110000		123
10100100111		122
10000010100		122
11010011111		121
11110100001		120
11010111101		120
00010101011		119
10000100101		118
00011110010		118
11010101110		117
11111111110		115
11001101000		115
01101111110		115
10110010111		114
10100111101		114
11010000001		113
01010110011		113
00011111111		113
00010000111		113
11000100110		112
00011101111		112
11011011001		107
10100010111		107
00110111111		105
00001011101		104
01100111010		103
01100100000		103
01001000001		103
00000111010		101
10101100101		98
10100111001		98
11001101010		97
00001100000		97
11100111100		96
01011011111		96
00110111101		96
00001100101		96
00001001011		94
10011100011		93
11100000001		91
00111111100		91
10010111101		90
10001101011		89
00111101000		89
00111100100		89
00111111110		87
01101011001		86
11101111010		85
10101011011		85
10010111111		85
01000001001		83
00000100000		82
01001110011		81
01011001000		80
10111101011		79
10101111111		79
10001110011		79
00010010110		78
11010100011		76
11011001001		75
01111011111		75
01100001111		75
01011100011		75
01010011000		75
01011110010		74
01101111010		73
11010101011		72
01101100011		72
01010100100		72
01010001111		72
10100111100		71
10001011001		71
01111011000		70
00111010101		70
11111101111		68
11110101111		68
11101000000		68
10001101010		68
01011010101		68
01010111101		68
11010101010		66
10111000011		66
10010111100		66
01100110010		66
01111011110		65
10000011111		64
01001111100		64
01001011000		64
00100101001		64
01111011011		63
01000111010		63
11100001001		62
10101111101		62
01011000011		62
00010100101		62
11110011110		61
10101011001		61
11111011111		60
11010110011		60
11001000000		60
01011101101		60
01001001001		60
00111011000		60
01110001110		59
00001111110		59
10000010101		58
01001101110		58
00100010101		58
11110100100		57
10111100000		57
10011101011		56
10010000001		56
01011111110		56
11101100100		55
10111010101		55
00100101111		55
00110101011		54
00011110011		54
10111110000		53
10100100100		53
10011111001		53
10011000001		53
01110110000		53
00101110000		53
00100011100		53
00100010111		53
11110010111		52
11010111011		52
10011100010		52
01000100100		52
00010001101		52
11110111011		51
11100011110		51
10000111010		51
10010011101		50
10100100110		49
01010100111		49
01001111001		49
01000001000		49
00100101101		49
10111111111		48
00111111101		48
00100100111		48
10111011111		47
10011100001		47
10000110000		47
01101000010		47
01001011111		47
01010111000		46
00100110011		46
00001011001		46
00000101011		46
11101100010		45
11101100000		45
10100110010		45
10001101110		45
01110111010		45
01011011001		45
00101101000		45
00011010100		45
11010100100		44
10011000011		44
01001101001		44
00111011111		44
00101100101		44
11000110011		43
10000011110		43
01011001011		43
01000110010		43
00100100101		43
00000111011		43
11101110001		42
11011110010		42
10010011110		42
01111100000		42
01101100100		42
01101001111		42
01011101001		42
00111011100		42
00010110010		42
10111100101		41
10000110010		41
01111000101		41
01110010111		41
01011001110		41
00111100011		41
00111011001		41
00100001000		41
11001111101		40
10011011001		40
01100111011		40
01100110001		40
01001110001		40
01001010101		40
01000100110		40
00111100001		40
00000000111		40
11011110011		39
01111000000		39
01100111101		39
01010100010		39
11100111101		38
10000000101		38
01111101111		38
01111000011		38
00010111100		38
11111111101		37
11111101011		37
11100110011		37
11100100101		37
10000100110		37
01000110011		37
01000101010		37
11101111110		36
11101000011		36
11001101011		36
11000011111		36
01011111100		36
11110001001		35
11110000111		35
11010011001		35
10100110011		35
10000100011		35
01000100101		35
01000011101		35
00100111001		35
11111101000		34
11011101111		34
10001001001		34
01100100110		34
01010111010		34
01001011010		34
01000100000		34
01000010100		34
11110000011		33
11100110000		33
11000100001		33
10101101000		33
01101101100		33
01100111100		33
01010000100		33
00011000100		33
00001001101		33
11001011110		32
11000111011		32
10010001111		32
10000111100		32
01100111000		32
00111000001		32
11100000110		31
11000101110		31
10100110001		31
10010100101		31
01111100010		31
01101111100		31
00010100011		31
11100100100		30
11001011001		30
11000010101		30
10110111000		30
10101011101		30
10101000011		30
01111111111		30
01111001100		30
01011100101		30
01010101011		30
01000001011		30
00110010110		30
00011011101		30
00011011000		30
00010011001		30
00001100001		30
11000111110		29
11000100100		29
10111000010		29
10011101010		29
01010010111		29
01010001110		29
01000111100		29
11111111111		28
11000100111		28
10110010100		28
10101111110		28
10011001011		28
10011000111		28
01110100111		28
01100111111		28
01100101101		28
01100010110		28
01010011011		28
01010000001		28
00100111101		28
00000001100		28
10100100101		27
01110000110		27
00110110001		27
00101111101		27
11111011100		26
11110011010		26
11000101011		26
11000011011		26
10100111110		26
10011000010		26
10001100111		26
01111100100		26
01100100111		26
01011100111		26
00101100110		26
00011111101		26
00001011110		26
11010111001		25
11001100011		25
11000111101		25
10111011110		25
10000111111		25
10000010111		25
01110101101		25
01011001001		25
01010110010		25
00000010101		25
11101000010		24
10011011011		24
10001111101		24
01111101011		24
00011000010		24
00010000101		24
11111000010		23
11011000010		23
11010011110		23
10111001100		23
10011011000		23
01101111111		23
01101100101		23
01000011110		23
00110110011		23
00110000101		23
00010111111		23
00010011110		23
00001101000		23
00000100111		23
11100111111		22
11010000101		22
10100011111		22
10010111110		22
10000111110		22
01010111110		22
01001100010		22
01001001110		22
01000111110		22
01000011010		22
00110111011		22
00001111100		22
11111111100		21
11111010110		21
11100001011		21
11011111101		21
11010111100		21
10110010101		21
10000111101		21
10000011101		21
01110110011		21
01110000100		21
01101100001		21
01001101010		21
00111101101		21
00111010110		21
00111001001		21
00100111011		21
00001100100		21
00001011011		21
00000111111		21
11100101100		20
11100100110		20
11011101000		20
11001111111		20
10111111101		20
01100100001		20
01011011101		20
01010111111		20
01001101011		20
00111111111		20
00110101100		20
00110001101		20
00100111111		20
11111101101		19
11011110000		19
11010000011		19
11001011011		19
11001001011		19
11000100101		19
10101110010		19
10010010111		19
10010000100		19
01100111001		19
01100010101		19
01010111100		19
01010000111		19
01001101111		19
00111010111		19
00111000100		19
00101100011		19
00101100010		19
00101011000		19
00101000011		19
00010100100		19
00000111101		19
11100111010		18
11010100010		18
11010010100		18
11001101001		18
01111100101		18
01101001110		18
01100110000		18
01011110001		18
01010011111		18
00100001001		18
00011011100		18
00000110011		18
11110000100		17
11011010101		17
10110010110		17
10101011111		17
10011010101		17
10010110011		17
10010100010		17
10001011000		17
01111110011		17
01111010101		17
01011011011		17
01011000001		17
01001111010		17
00110100110		17
00110001001		17
11111100011		16
11110100101		16
11101111011		16
11101100001		16
11010010111		16
11001111010		16
11001110011		16
11001110000		16
10110110010		16
10110100111		16
10101011010		16
10101010101		16
10011110011		16
10011100110		16
10001011100		16
10000111001		16
01101101000		16
01100000100		16
01011001100		16
01011000110		16
01001111111		16
01001111110		16
01001100000		16
00111100101		16
00101111110		16
00100110001		16
00100000111		16
00011111110		16
00011011010		16
00010111010		16
11111100010		15
11111011000		15
11111010101		15
11110110000		15
11110100000		15
11101101000		15
11100010111		15
11010101111		15
11010000000		15
10111100001		15
10011101000		15
10000101011		15
01111101100		15
01111101001		15
01111000111		15
01100100011		15
01100000111		15
01011100010		15
01010011110		15
01010000010		15
01001100101		15
01001000010		15
01001000000		15
00011101110		15
00011101000		15
00011000111		15
00010101010		15
00010100110		15
00010011010		15
00001111011		15
00001111000		15
00001011100		15
00000110010		15
11111000100		14
11010111111		14
11010100111		14
11010100110		14
11001111000		14
10111111110		14
10100111011		14
10100101010		14
10100010110		14
10010000101		14
10001111000		14
10000011100		14
01111001111		14
01110111111		14
01110100001		14
01011111011		14
01010011001		14
01010010110		14
01001110010		14
01001001011		14
01000010101		14
00111000011		14
00110000110		14
00101111010		14
00100111010		14
00010111001		14
00010000110		14
00001111111		14
11111000110		13
11011011011		13
11011011000		13
11011001000		13
11001000001		13
10111100100		13
10111100010		13
10101000110		13
10011111101		13
10001110010		13
10001101000		13
10000110001		13
01110011011		13
01001100011		13
01001011101		13
00111101001		13
00110111010		13
00110011011		13
00101100000		13
00010000001		13
00000011100		13
11110111111		12
11110100111		12
11101111101		12
11100111001		12
11100111000		12
11100010101		12
11011010100		12
11011000111		12
11001010100		12
10101111100		12
10011101001		12
10010111001		12
10010011111		12
10010000000		12
01101111011		12
01101011000		12
01100011100		12
01100011011		12
01011011110		12
01010111011		12
01001100100		12
01001011110		12
01000100011		12
01000011111		12
00011100111		12
00010011000		12
00001110000		12
00000100001		12
00000010100		12
11111100000		11
11111011011		11
11110111101		11
11110110011		11
11100110010		11
11011100010		11
11010111110		11
11000111100		11
10111101010		11
10111010110		11
10101100011		11
10011110001		11
10010100111		11
10010011000		11
10001111110		11
10001011011		11
01111110000		11
01111011100		11
01010010101		11
01000100001		11
00111001101		11
00110110010		11
00110101111		11
00101011011		11
00011110001		11
00010111011		11
00010111000		11
00001010100		11
00000011111		11
11111110000		10
11101011001		10
11101000001		10
11100100111		10
11100000000		10
11001101110		10
11000111010		10
11000101010		10
11000011100		10
10111000110		10
10111000100		10
10110000110		10
10101100010		10
10100101101		10
10010100100		10
10001111011		10
10001110000		10
10001011111		10
01111001101		10
01110100101		10
01101011011		10
01011101010		10
01011000101		10
01011000100		10
01000111000		10
01000000111		10
00110100101		10
00100110010		10
00100011101		10
00010010101		10
00001101010		10
00000100011		10
11111100101		9
11111010111		9
11111000001		9
11110110010		9
11110101101		9
11101100101		9
11100011010		9
11100000101		9
11011111111		9
11011001110		9
11011000011		9
11010011010		9
11001101111		9
10111110001		9
10111101101		9
10111010100		9
10110111101		9
10110011111		9
10110001100		9
10101111010		9
10100000111		9
10010010100		9
10010001011		9
10001011101		9
10000100000		9
10000011010		9
01111100111		9
01111011001		9
01100001001		9
01100000110		9
01011101100		9
01011101011		9
01011100001		9
01011000000		9
01010010100		9
01001001101		9
01000110000		9
01000010110		9
00111101011		9
00111000111		9
00110100001		9
00110000111		9
00101111111		9
00101110001		9
00101100111		9
00101000010		9
00100110000		9
00100000101		9
00011101011		9
00011100100		9
00011001100		9
00011000101		9
00010011101		9
00010011011		9
00010000000		9
00001101011		9
00000011110		9
11111101110		8
11111000000		8
11110011111		8
11101111111		8
11101110000		8
11100001000		8
11100000100		8
11011100101		8
11011100011		8
11001000011		8
10111111100		8
10111000001		8
10110110000		8
10101011000		8
10011100000		8
10010001010		8
10001101111		8
10000011011		8
10000010110		8
01111011010		8
01111010100		8
01110111101		8
01110001111		8
01101110000		8
01101100000		8
01101010101		8
01100101011		8
01100011111		8
01100001110		8
01100000001		8
01011110000		8
01011101111		8
01011101110		8
01011011000		8
01010101110		8
01010101010		8
01010011101		8
01010000011		8
00111011011		8
00110111100		8
00100111110		8
00100101100		8
00100000001		8
00010101110		8
00010000010		8
00001101110		8
00001100010		8
00000111100		8
00000011010		8
11111011101		7
11101011101		7
11101011011		7
11100011111		7
11100001111		7
11011101011		7
11011100111		7
11011001011		7
11010011101		7
11010011011		7
11001110001		7
11000000111		7
10111101111		7
10111101000		7
10110111010		7
10110101101		7
10110100001		7
10101101001		7
10100111010		7
10100011011		7
10100001001		7
10011111111		7
10010111010		7
10010110010		7
10010101110		7
10010011100		7
10010000111		7
10001001000		7
10000100010		7
01111111011		7
01110110001		7
01110101111		7
01110011110		7
01110000101		7
01101000000		7
01100111110		7
01100101000		7
01100011110		7
01011111000		7
01011010110		7
01011001101		7
01010101101		7
01010100000		7
01001101101		7
01001100111		7
01001100001		7
01000101101		7
01000010111		7
01000000011		7
00111110000		7
00111101100		7
00111001100		7
00110100100		7
00101110011		7
00100101110		7
00100100000		7
00100001111		7
00011101101		7
00011100101		7
00011001001		7
00011001000		7
00001100011		7
00001001100		7
00000111110		7
00000100110		7
00000001111		7
11111001100		6
11110111000		6
11110101011		6
11110000010		6
11101110011		6
11101110010		6
11100101111		6
11100100000		6
11100011011		6
11011111100		6
11011100100		6
11010100000		6
11010001110		6
11010001101		6
11000101111		6
11000011101		6
11000011000		6
10111010111		6
10111001101		6
10110111011		6
10110011110		6
10110000111		6
10101100001		6
10101000010		6
10100100000		6
10100010101		6
10011110010		6
10011101101		6
10011100100		6
10011010100		6
10010011010		6
10010010101		6
10010000010		6
10001010100		6
10000100001		6
10000000100		6
01111111001		6
01111111000		6
01110100110		6
01110100100		6
01101011111		6
01101011110		6
01101011101		6
01100101001		6
01100001000		6
01011111010		6
01011111001		6
01011011010		6
01011001111		6
01010011100		6
01010001101		6
01001011100		6
01001010111		6
01000101000		6
01000011011		6
00111101111		6
00111100110		6
00111011101		6
00110011001		6
00110010100		6
00101101001		6
00100101010		6
00100101000		6
00011100011		6
00011011111		6
00010100010		6
00001111001		6
00001110011		6
00001011000		6
00001010101		6
00001001001		6
00000010111		6
00000001000		6
11111101100		5
11111100100		5
11111100001		5
11111011010		5
11111000101		5
11110011001		5
11110001000		5
11011111110		5
11001111100		5
11001100100		5
11001011000		5
11000100011		5
11000010110		5
11000001100		5
10111100011		5
10111011100		5
10111011011		5
10110111001		5
10110011011		5
10100001111		5
10100001000		5
10011110000		5
10011011111		5
10011001100		5
10011000000		5
10010100110		5
10001101001		5
10001100110		5
10001100100		5
10001100010		5
10001100001		5
10001001110		5
10000101010		5
10000011001		5
10000001001		5
01111111010		5
01111110001		5
01111000010		5
01110101011		5
01110100000		5
01110011010		5
01110000111		5
01101100110		5
01101000111		5
01101000100		5
01100101100		5
01100101010		5
01100011001		5
01100011000		5
01100010100		5
01100000011		5
01010110001		5
01010101111		5
01010100001		5
01010000110		5
01001001111		5
01001000100		5
01000101110		5
01000001100		5
00111110011		5
00111100111		5
00111010100		5
00111000110		5
00110101110		5
00110100011		5
00110100000		5
00110010101		5
00110001110		5
00110001000		5
00110000011		5
00101111100		5
00101111011		5
00101011110		5
00101001111		5
00100011111		5
00100011010		5
00100010110		5
00100010100		5
00011111001		5
00011101010		5
00011100010		5
00011001110		5
00011000001		5
00010001111		5
00001110001		5
00001101001		5
00001000001		5
00001000000		5
00000111001		5
00000101000		5
00000011001		5
11111111010		4
11111101001		4
11110100110		4
11110100010		4
11110010101		4
11110000101		4
11101111100		4
11101001111		4
11100101000		4
11100100011		4
11100001010		4
11011111011		4
11011101101		4
11011101010		4
11011011111		4
11011011110		4
11011011100		4
11011011010		4
11011000100		4
11011000001		4
11010111000		4
11010101001		4
11010010110		4
11010001111		4
11010001001		4
11010000111		4
11010000100		4
11001111001		4
11001100101		4
11001100001		4
11000111001		4
11000110000		4
11000101101		4
11000101000		4
11000011001		4
11000010111		4
11000001111		4
11000001001		4
10111011001		4
10110000101		4
10101111011		4
10101110011		4
10101100111		4
10101011110		4
10100101001		4
10100011100		4
10011100101		4
10011011110		4
10011001110		4
10011001001		4
10011000110		4
10010101011		4
10010011001		4
10010001110		4
10010000011		4
10001100101		4
10001010101		4
10001001101		4
10001000011		4
10000001100		4
01111101110		4
01110110010		4
01110011111		4
01110011100		4
01110010101		4
01110001100		4
01110001001		4
01101110011		4
01101101101		4
01101101001		4
01101100111		4
01100101111		4
01100000000		4
01011100110		4
01011100000		4
01011001010		4
01010110000		4
01010001011		4
01001101100		4
01000111001		4
01000110001		4
01000011001		4
01000011000		4
01000000101		4
00111110010		4
00111000010		4
00110111110		4
00110111000		4
00110101001		4
00110011110		4
00110011010		4
00110001111		4
00100100011		4
00100011110		4
00100000110		4
00011101001		4
00011100110		4
00011011110		4
00011010111		4
00011010110		4
00011001011		4
00010100001		4
00010100000		4
00010010100		4
00010001110		4
00010001100		4
00001100111		4
00001001010		4
00000011101		4
00000001001		4
11111001111		3
11110110001		3
11110101110		3
11110101000		3
11110010100		3
11110001101		3
11101100111		3
11101011000		3
11101010111		3
11100111110		3
11100101010		3
11100101001		3
11100100010		3
11100011001		3
11100011000		3
11100010110		3
11100010100		3
11100000011		3
11011101110		3
11011011101		3
11011000110		3
11010110000		3
11010100001		3
11010001011		3
11010001000		3
11010000110		3
11001101101		3
11001011101		3
11001010111		3
11001001101		3
11000111000		3
11000110001		3
11000100010		3
11000001000		3
11000000100		3
11000000011		3
10111111010		3
10111110011		3
10111101100		3
10111101001		3
10111011101		3
10111011000		3
10111000111		3
10110111111		3
10110110001		3
10110101111		3
10110101011		3
10110100110		3
10110100101		3
10110001011		3
10110001001		3
10110000100		3
10101110001		3
10101110000		3
10101101111		3
10101000001		3
10100100001		3
10100011110		3
10100001110		3
10100000101		3
10100000100		3
10011111110		3
10011111011		3
10011011101		3
10011011100		3
10011001010		3
10011001000		3
10011000101		3
10010010110		3
10010001101		3
10001111100		3
10001101101		3
10001011110		3
10001001100		3
10001001011		3
10001000010		3
10001000001		3
10001000000		3
10000001111		3
10000000111		3
01111110010		3
01111000110		3
01110111110		3
01110111100		3
01110111001		3
01110101100		3
01110010100		3
01110001011		3
01101111000		3
01101101110		3
01101011100		3
01101011010		3
01101001000		3
01100101110		3
01100000010		3
01011010111		3
01010101000		3
01010001001		3
01010001000		3
01001100110		3
01001010110		3
01001001000		3
01001000101		3
01000101111		3
01000101001		3
01000001111		3
00111111011		3
00111101010		3
00111011010		3
00110111001		3
00110101010		3
00110101000		3
00110000001		3
00101101101		3
00101011111		3
00101011100		3
00101010101		3
00101010100		3
00101001101		3
00101000000		3
00100101011		3
00100100010		3
00100100001		3
00100011011		3
00011111011		3
00011111010		3
00011111000		3
00011100001		3
00011001101		3
00011001010		3
00011000110		3
00011000011		3
00010110001		3
00010110000		3
00010101111		3
00010101000		3
00001111010		3
00001101111		3
00001001110		3
00001001000		3
00000110001		3
00000110000		3
00000011011		3
00000001101		3
00000000000		3
11111111011		2
11111110011		2
11111110001		2
11111101010		2
11111100110		2
11111011001		2
11111001011		2
11111001001		2
11110111001		2
11110100011		2
11110011100		2
11110011000		2
11110001110		2
11101111000		2
11101101011		2
11101100110		2
11101011111		2
11101011010		2
11101010110		2
11101010100		2
11101000110		2
11100101011		2
11100011101		2
11100011100		2
11011111010		2
11011111001		2
11011100001		2
11011010110		2
11011001101		2
11011000000		2
11010110001		2
11010101101		2
11010101000		2
11001100111		2
11001100000		2
11001010110		2
11001010101		2
11001001110		2
11001001100		2
11001000111		2
11001000101		2
11001000100		2
11001000010		2
11000101100		2
11000001011		2
11000000110		2
11000000101		2
11000000010		2
10111111001		2
10111111000		2
10111100111		2
10111000101		2
10111000000		2
10110111110		2
10110111100		2
10110100100		2
10110011010		2
10110000001		2
10101111000		2
10101101101		2
10101011100		2
10101010100		2
10101000111		2
10100101111		2
10100100011		2
10100100010		2
10100011010		2
10100011000		2
10100001011		2
10100000001		2
10011111100		2
10011101110		2
10011011010		2
10011000100		2
10010111011		2
10010111000		2
10010101000		2
10010100000		2
10001111111		2
10001111001		2
10001110001		2
10001100011		2
10001100000		2
10001001111		2
10000111000		2
10000001110		2
10000001101		2
10000001000		2
10000000110		2
01111100110		2
01111011101		2
01111010011		2
01111001110		2
01110111000		2
01110101000		2
01110100011		2
01110011001		2
01110011000		2
01110001101		2
01110000011		2
01110000000		2
01101110010		2
01101110001		2
01101101111		2
01101101011		2
01101101010		2
01101010100		2
01101001011		2
01101000110		2
01101000001		2
01100100010		2
01100001011		2
01010101001		2
01010001100		2
01010001010		2
01000100010		2
01000001010		2
01000000110		2
01000000001		2
00111111010		2
00111111001		2
00111101110		2
00111001111		2
00111001110		2
00111001011		2
00111001000		2
00110100010		2
00110011000		2
00110001011		2
00101111000		2
00101110010		2
00101101111		2
00101101011		2
00101011101		2
00101000111		2
00101000101		2
00101000100		2
00100001011		2
00100000100		2
00100000010		2
00100000000		2
00011111100		2
00011110000		2
00010101101		2
00010000100		2
00010000011		2
00001110010		2
00001101100		2
00001100110		2
00001011010		2
00001010111		2
00001000011		2
00000111000		2
00000100010		2
00000000101		2
00000000100		2
11111111000		1
11111110010		1
11111100111		1
11111010100		1
11111001110		1
11111001000		1
11110111110		1
11110111100		1
11110101100		1
11110101010		1
11110101001		1
11110011101		1
11110010010		1
11110010000		1
11110001111		1
11110001011		1
11101101111		1
11101101101		1
11101101010		1
11101101001		1
11101011110		1
11101010101		1
11101000111		1
11101000101		1
11100100001		1
11100001110		1
11100000010		1
11011111000		1
11011101001		1
11011100110		1
11011001111		1
11011001010		1
11011000101		1
11010101100		1
11010011100		1
11010001100		1
11001110010		1
11001101100		1
11001011100		1
11001011010		1
11001001111		1
11001001010		1
11001001001		1
11001001000		1
11001000110		1
11000001110		1
11000000001		1
10111111011		1
10111110010		1
10111010011		1
10111001111		1
10111001001		1
10111001000		1
10110100011		1
10110100000		1
10110011001		1
10110011000		1
10110001101		1
10110000011		1
10110000010		1
10101111001		1
10101101100		1
10101101011		1
10101100110		1
10101010111		1
10101010110		1
10101001111		1
10101001110		1
10101001000		1
10101000000		1
10100101011		1
10100101000		1
10100011001		1
10100001101		1
10100001010		1
10100000011		1
10011101111		1
10011010111		1
10011001111		1
10011001101		1
10010110000		1
10010101111		1
10010101100		1
10010101010		1
10010101001		1
10010100001		1
10010011011		1
10010001001		1
10010001000		1
10001111010		1
10001011010		1
10001010110		1
10001001010		1
10001000111		1
10001000101		1
10000101110		1
10000101101		1
10000101100		1
10000101001		1
10000101000		1
10000011000		1
10000010000		1
10000001011		1
01111101010		1
01111001001		1
01110101001		1
01110100010		1
01110011101		1
01110010011		1
01110001010		1
01110000010		1
01101111001		1
01101110110		1
01101010110		1
01101001101		1
01101001100		1
01101001001		1
01100011101		1
01100010010		1
01100001101		1
01100001010		1
01001010011		1
01001001100		1
01001000111		1
01001000110		1
01000001110		1
01000001101		1
01000000100		1
01000000000		1
00111111000		1
00111001010		1
00111000101		1
00110011101		1
00110011100		1
00110000010		1
00101111001		1
00101101100		1
00101010111		1
00101010110		1
00101001010		1
00101001001		1
00101000110		1
00101000001		1
00100110101		1
00100011001		1
00100001010		1
00100000011		1
00011101100		1
00011100000		1
00011010010		1
00011000000		1
00010110111		1
00010101001		1
00010011100		1
00010001000		1
00001101101		1
00001010110		1
00001000111		1
00001000101		1
00001000100		1
00000101111		1
00000101110		1
00000101101		1
00000010110		1
00000001110		1
00000001011		1
00000000010		1
00000000001		1
