01001100011		2027
01000100101		1835
01011100010		1750
01000100100		1743
01001100010		1716
01010100011		1604
01001100101		1581
01010100101		1518
01010101100		1493
01010011100		1426
10000100100		1415
01001100100		1405
00010011101		1403
01000000111		1395
01011100011		1379
01100100100		1347
00000111100		1338
01010101101		1329
01100100101		1305
01000100011		1302
01110100011		1276
01011011100		1265
00100011100		1258
01000011111		1257
01001011001		1244
01000011110		1240
01010100010		1232
01001011100		1214
01110100100		1210
01001011101		1210
01111011011		1203
01110100101		1203
01011101100		1173
01110101101		1163
01010011110		1161
01010011011		1160
01010011101		1154
00100111110		1151
00010000111		1149
01011011010		1148
00000111111		1148
01111011100		1147
01101100011		1122
00001111111		1122
01010010100		1118
01001011110		1110
01000011101		1110
00101011101		1108
01011101011		1106
01010100100		1104
00010111110		1104
00011011100		1103
00011011101		1099
00011011011		1094
10000100101		1091
10010100011		1083
00001111100		1082
00100111111		1081
00001011101		1081
10000100110		1075
01101100010		1072
00000111110		1065
01000101101		1063
00000010101		1059
01010010101		1053
00001011000		1047
01000011100		1046
01001011011		1042
01001101101		1040
00000011101		1037
00111011011		1034
00100111001		1025
00001011100		1019
01101100100		1011
00101011011		1009
01011011001		1005
01101011011		996
01100010100		993
00100011110		993
01000010101		990
01010011111		986
01111101011		985
00011111011		984
00000000111		983
01110011100		981
00111011100		981
00101111000		978
10110100011		975
01001011010		966
00001000111		965
00010011100		964
10001101011		960
01101011101		960
10001100100		956
10111100011		955
00000010111		952
00010010101		951
10001000101		938
00110011100		938
01100000111		934
01001101111		934
01010101011		931
00101111100		931
01001101100		930
10011101011		929
01011100101		929
00100000111		929
00011011000		929
10011100011		928
00001010111		928
01100101101		924
10000101100		923
01011011111		923
00000010100		921
10001100101		920
00101011100		919
00010010111		918
01111100011		916
01011101001		915
01010000111		915
00011111001		915
00000111011		915
01011000011		914
01000101100		911
00001111110		910
00011011010		904
01011011000		899
00100111101		899
01100101100		898
01011011110		897
00011111000		897
00011011111		892
00001011001		892
01010100001		887
00001011011		886
01011101010		885
00010111100		885
00110011011		884
01111011001		881
10101100100		880
01100100011		879
00111000111		878
01111100101		876
01111011000		876
01000100110		876
01011100001		873
01010011001		872
00110111100		870
00101111101		869
00010011111		869
01110011110		868
00010000110		867
01011011101		860
00100111000		857
10101100011		855
01111101001		855
01000010111		854
00001111101		854
00111111100		853
01011001111		851
00101000111		846
00101010111		845
01100101110		843
00111000110		843
00110111000		842
01010101110		839
01100101111		838
01011000010		832
10001100011		830
01110011101		830
00100010101		828
01011011011		827
01111011101		824
01001011111		824
00001010101		823
01110100010		819
01001011000		813
00010011110		813
10000001110		811
01101011100		811
00000000110		810
01100011100		809
00010010110		808
01011000101		805
00001000110		805
00010010100		804
00000111101		804
10001101100		803
01000000110		798
01111100010		796
00111111110		796
01110010101		795
01101010101		790
00010111111		789
01111100001		779
01000010100		778
00001011111		777
00000011100		777
01001010101		775
10111101011		773
00101011110		772
00000011111		772
00101010101		771
01101011110		770
01000100010		770
00010111001		770
01110010100		769
01010010111		768
00110010111		767
10100100011		766
01100010101		766
00110011101		766
01101101110		765
10000000101		764
01001010111		763
10011001011		759
10011000100		757
10011101010		756
01011101101		756
01000101111		756
00100011111		755
00011010111		753
01101011001		751
10011000010		750
10100100100		748
00111011010		748
01111010101		747
01010001111		746
01100011110		745
01111101111		744
00111010111		743
01101100101		742
10110000100		740
10100101100		740
00100111011		739
01010000110		738
00110000111		738
01011010100		737
00011011001		735
00001010110		732
01110101011		731
01000101110		728
01101101100		726
00100010111		726
10010000100		725
00101111001		725
00100111100		725
10001000011		723
00110000110		722
01101101101		720
00101111111		716
01111101110		715
01110101100		715
00110111011		715
10010100100		714
00111011001		714
10101100101		713
00100010100		708
01010010110		707
00001011110		703
01001101011		701
00101111011		699
10011100010		698
01110000111		698
01110000011		697
01110100001		696
00111011000		696
01111101100		695
00111011111		695
01000011001		694
00010111000		692
10101000011		691
00011111110		690
10100100101		689
01110101111		689
00101011010		682
01100011101		680
10101000100		678
10010001011		678
00011111101		677
00111011101		674
00111010101		671
10010100101		668
00101011000		668
10000101101		665
01001010100		664
00010111011		662
00111111011		660
01010101001		658
00011010100		658
01111100100		656
01101101011		655
00011111100		653
00000011001		651
01100011011		650
00000011000		649
10001001111		647
01010100110		646
00010011000		645
01100010111		644
01000100111		643
00100011011		641
10001001101		640
01011101110		638
01101010110		631
01100101011		631
01000110001		630
01110101110		629
01010011000		629
01110011111		626
01010101010		624
00000010110		623
01011100100		622
00100010110		618
01000101011		616
10001101101		615
01111000010		613
00110010110		613
00100000110		613
01001101110		612
00010011001		612
00001111000		611
00111010100		609
01111000011		608
01101010100		607
10110101011		606
10000000111		605
10100000100		604
01101101111		603
01010000011		601
00100011101		601
10001011000		599
00101011111		599
00001111001		597
10010100001		596
10110000010		595
00000011110		595
01111010100		594
01000010110		594
10110000011		593
10001001110		592
00111111000		592
01001100111		590
00011000111		586
00001011010		583
10011000101		582
01111011010		582
01100010110		581
00110111111		581
10110101010		580
00001111011		579
10111000010		578
10000000110		577
00110011110		575
10100101101		574
10000110000		573
10000001111		571
01010100111		570
01100011111		569
00110010101		566
10110100100		564
10010000101		562
10010101011		561
10111101010		559
10110100010		559
00011111111		559
00011010110		559
10111100010		557
10110001100		557
01011010111		556
00101111110		556
01101010111		554
10000101110		553
01110000110		553
00011000110		552
10001000100		550
00111111101		549
10010001101		548
01011010110		548
01011010101		546
01111010110		545
00111111111		545
10010000010		544
01000110000		544
00011011110		544
11101000000		543
10000100111		543
10010101010		540
01111001111		540
10011100100		539
10011001101		539
10010101100		538
01010011010		534
01111101101		532
01101011111		531
00010011010		531
01101011010		530
10101001101		529
00110011111		528
00101000110		528
00111011110		527
01011000100		526
00010011011		526
10110001101		523
10100100110		522
10000001101		522
01010101111		522
00000011011		522
10011101100		521
01110011001		521
01111010111		520
10110101100		515
10100100111		511
00011110011		511
10001100110		510
01100100111		509
01110000010		508
10010100010		506
00101010110		504
10010101101		502
10010100111		502
10001100111		502
01110010110		502
00011111010		502
10011000011		500
00100011010		498
10000100011		494
01110001111		493
10101101011		490
01000110010		487
01000011010		487
01111011111		486
00010111101		486
10101000101		484
00110111101		484
10101000010		481
01100100110		481
00001010100		481
10011110000		479
01101110011		478
01010000101		477
01010000100		477
01001000010		477
00111111001		477
10110100110		473
01010000010		473
01001000110		472
10001110000		471
00101111010		471
00110111110		470
10101110000		469
00110010100		469
01111000111		468
10001000010		466
10100101011		464
00101011001		464
01011001110		463
01011000110		459
10111001100		458
10111000100		458
01100000110		456
01001010110		456
01101000111		455
01011110000		455
01001110001		454
10110100101		452
10001110001		451
11001001000		450
01111000110		450
01110010111		450
10011110010		449
10010001110		449
10101100110		446
11111000000		445
11001000000		445
10001101110		445
10111100001		444
10110001011		444
00011010101		442
10010110010		440
10010000011		438
01111011110		436
00101010100		436
01100101001		435
01010110000		435
10011000001		433
10011101001		432
10100001110		431
01110011010		431
01001110010		431
00011100111		431
01101110010		430
01001000011		430
10011100001		429
01011110010		429
01011000111		428
00110011000		428
10101001100		426
10111001101		425
01001110000		425
01101100110		422
01101011000		422
10100000101		421
10011101101		421
10111000011		420
10010000111		420
10000110010		420
01100011001		416
01101000010		415
10011100101		414
10010100110		414
00000111001		413
10001011001		411
01011110011		411
10111001011		410
10111000001		410
01000011011		409
10010001111		407
10111000101		406
10001110010		406
10000101011		406
01111110000		406
00000011010		406
01110011011		405
01100100010		405
11101000001		404
10001110011		404
01001000111		404
10101100111		403
10001011011		403
01001100110		399
01011101111		398
10110000101		396
00010111010		395
10001101010		392
10101101100		391
10010101110		391
10001100010		391
10100000011		390
01101100111		390
00111010110		389
10001001011		387
01100111011		386
10110100001		382
10101101101		382
00110100111		382
10010001100		381
00111110001		380
10010101001		378
01100011010		378
10111100100		377
01101101001		377
10111101100		376
01110011000		376
10100001101		374
00110011010		374
11000001000		373
01011000001		373
10001001100		370
10100101111		368
00111100110		368
10000111100		367
01111000101		367
01110100111		367
01010111010		363
01010110010		362
01001000100		361
10000101111		360
01100110011		360
10100110000		359
10110101001		358
01110100110		358
00000111000		358
01111001110		357
01001110011		357
01110101001		356
10011001111		355
10011100111		354
10010011000		354
10000000100		354
01000110011		353
00100011000		353
01100110000		351
01011100000		351
00110110001		351
11101100000		350
10100000111		349
01110000100		349
10101100010		348
10011001100		347
01100110010		347
01001101010		347
01010110011		346
00100011001		343
10111101001		342
10111110000		341
01010111100		341
01000111000		340
10010110011		336
10110100111		334
01110110010		333
01101000011		333
10100101110		332
01011110001		331
01000111011		331
01101110000		330
00010100100		329
10110000111		328
10001101111		328
01000111110		328
00010100011		327
10111101101		326
10000011001		326
01010100000		325
11001000001		324
10001000111		324
11100000001		323
01010111011		323
01000111010		320
10111110010		318
10000011011		317
11100001100		316
01011100110		316
00110111010		316
00001100011		316
10100000110		315
10000001011		315
01000111100		315
10110110000		314
01101111101		314
01001111101		314
10100000010		313
10001011010		312
10000010100		312
00110111001		312
10110101101		311
10000011000		311
10101110001		310
00111100111		310
00101100011		310
11011000000		309
10101110010		309
01000000010		309
11010100000		308
10110001010		308
10100111000		308
10001111000		308
10000110001		308
11000100100		306
10111100110		304
10010011001		304
01111100110		304
01111101010		303
01110111010		302
01000011000		301
10000111000		300
01011001011		300
11101001000		299
10011110011		299
01000111001		299
10000111010		298
11000001100		297
01011100111		297
01010111000		296
01001111011		296
01011101000		294
01000111101		294
10111100111		293
01100110001		293
10110001111		292
10010110000		292
01010110001		292
01111000100		291
10001111100		290
01111100111		290
01001101001		290
01000001111		290
00011110000		290
10011011010		289
10000110011		289
00000100100		288
10111111000		287
10110110010		287
10100111100		287
01001111100		287
10011011011		286
10011001010		286
00110011001		286
01101000110		285
01100100001		285
00101110001		285
10110000001		284
10011001110		284
11111000001		283
10101001011		283
10000111001		283
11000001001		282
10011000111		282
10000010110		282
00011100011		282
11001101001		281
10101011011		281
01100111001		281
10100001011		280
10100001100		279
01110110000		279
01000111111		279
10100001111		278
01100111010		278
11000000001		277
01011001101		277
11000001011		276
00011110001		276
10110000110		275
10101101111		275
10111100101		274
10101110011		274
10100111011		274
10011011000		274
01110101010		274
00000100101		273
10111001010		272
10011000110		272
10001011100		272
01111110010		272
10111000110		271
10100111001		270
00101110011		270
01011111010		269
10100110011		268
01101111010		268
10001111001		267
01011111100		267
00111100011		267
00001111010		267
10101101110		266
10011100110		266
01010001110		266
01000100001		266
01100111100		265
00111110011		264
01010001101		263
01011111000		262
00010100101		262
10010000110		260
00111110000		260
10010101111		259
01001100001		259
00000100110		259
11001001100		258
01001111111		258
10110111000		257
10101001111		257
10010111100		256
01101110001		256
10001000110		254
10000000011		254
10111000000		253
10010011101		253
01100011000		253
00000111010		253
11000100011		252
10111110001		252
10111001110		251
01100111110		251
00010110001		251
11100001011		250
10101011001		249
01111101000		248
00100111010		248
10111011011		247
01111100000		247
11000100000		246
10000011100		246
01010101000		246
10100110010		245
10000011111		245
01011111101		245
10000011101		244
01010111001		244
10111000111		243
00000100111		243
10010011010		242
11001100011		241
11000000000		241
01110111000		241
01000000101		241
10010001010		240
10000111011		240
00110100101		240
10011011100		239
01011111011		239
11100100100		238
10100010101		238
10111101110		237
01001001111		237
10111001111		236
01111001101		236
01110001110		236
01100111111		236
11000101001		235
10101101010		235
01010111101		235
01001111110		235
00100100101		234
11010000000		233
10101111000		232
11101001010		230
11010000100		230
01001000101		230
10111001001		229
10110001110		229
00110101101		229
11001000100		228
01100111101		228
00011101100		228
10111011010		227
01010111111		227
00011100010		227
01100111000		226
00001100100		226
11110100010		225
10110100000		225
10101001110		225
11001001010		224
11000000100		224
01000101001		224
11001101000		223
10001010100		223
10101000110		222
00101100110		222
00100110001		222
11010001011		221
01011000000		221
11100101000		220
11000100101		220
10011111100		220
10011001001		220
01110000101		220
11001000010		219
01111110011		218
01111000001		218
00110100011		218
00100100100		218
10001011101		217
01010001011		217
01001111001		217
00010101100		217
10101011000		216
10011111010		216
10010011011		216
10000111110		216
10000001100		216
11100000000		215
11011000001		215
10010111010		215
01010111110		215
01010000001		215
00010110000		215
11100001001		214
11010001000		214
10110101110		214
10100111010		214
01110110011		213
01101111100		213
00011001111		212
00000101101		212
11110001100		211
10101011100		211
10011101110		211
10001010101		211
01101111110		211
00011000100		211
00001100010		211
10111011000		210
10000111101		210
10000010111		210
01011111110		210
00101110000		210
11100001000		209
11010100001		209
11000001010		209
00111101011		209
10110001001		208
00011101011		208
00001100101		208
11000001111		207
10111101111		207
10010010101		206
10010010100		206
10011011101		205
01000001110		205
11010001001		204
10100111101		204
00101101101		204
11000100001		203
10101111100		203
10100010100		203
10000011110		203
01000001101		203
00101100100		203
00011101010		203
10100011100		202
01110101000		202
11100100011		201
10000111111		201
01101100001		201
00010100010		201
10010011100		200
10000000010		200
00111111010		200
00010100111		200
10111010100		199
10011011001		199
10000010101		199
01110110001		199
01101111000		198
00011000010		198
11011100010		197
11010001100		197
10110011100		197
10101011101		197
10100110001		197
00010001101		197
00001101011		197
00000000101		197
01110100000		196
00001000101		196
11101100001		195
11001001101		195
11000100111		195
01111111100		195
00110100010		195
00100101100		195
00011100110		195
11001101010		194
11000100010		194
11000001101		194
01110111100		194
01101000100		194
01000000100		194
00110001111		194
00100100111		194
00010101101		194
11001001001		193
01111110001		193
01101111001		193
00011000011		193
11101000011		192
10101000111		192
00101100101		192
00001101100		192
10101001010		191
01011111111		191
01011001001		191
01001100000		191
00100100110		191
11101100010		190
10110101111		190
01000000011		190
00101100010		190
00101000101		190
00010000100		190
11000101011		189
11000000110		189
10111110011		189
10101011010		189
01100000010		189
00010110011		189
00010101010		189
11111001000		188
11100000100		188
11000100110		188
01101101010		188
01011111001		188
00010000101		188
00000101100		188
11011001000		187
10010011111		187
10001010111		187
01111111001		187
01111111000		187
10110011101		186
10100011011		186
10001111011		186
01110111110		186
10111011001		185
10010100000		185
10000101010		185
01000001011		185
00110100100		185
11110100000		184
11100100010		184
10110111010		184
00101000011		184
11001001011		183
10011010111		183
10001011111		183
01001001110		183
00001101111		183
11110000000		182
10010011110		182
00011100101		182
11001000101		181
10111111010		181
10100111111		181
10011110001		181
01110111011		181
01010000000		181
00010000011		181
00000100011		181
11001100010		180
11001000011		180
10010111011		180
01100000011		180
11100000101		179
10001111101		179
01110111101		179
11101001101		178
10111011100		178
10101100001		178
01111111010		178
01001000001		178
00110110011		178
10100100010		177
10011101111		177
00101000010		177
10110111100		176
10001001010		176
01010001100		176
00011000101		176
00001000011		176
11100100000		175
11010100011		175
01101001110		175
00110100110		175
00100100011		175
11100001010		174
10101111111		174
10010111000		174
10010001001		174
10110110001		173
10101111001		173
11000101101		172
10110111111		172
10010010111		172
11101100011		171
10100101010		171
11110100011		170
11000001110		169
10110111011		169
10101010101		169
01001111000		169
11011101000		168
11010000101		168
11000101000		168
10101011111		168
10011010100		168
00000110001		168
10100011110		167
10010111110		167
01101111111		167
01100000101		167
00100101110		167
00100101101		167
10000100010		166
01001101000		166
00010101011		166
00010100001		166
11101000010		165
10100010111		165
10010111001		165
00011110010		165
11111100011		164
11011001011		164
10010110001		164
01000101010		164
00111100010		164
00100101111		164
00000101011		164
10010010110		163
11001100000		162
11000101100		162
10001111111		162
01001001101		162
11100100001		161
01010001001		161
01001001000		161
00111100001		161
00110110000		161
00000001111		161
11101001100		160
10100011111		160
10011111011		160
10000001010		160
01001001100		160
11001001111		159
10000011010		159
00111001111		159
10111011101		158
10011111001		158
10011000000		158
10001111010		158
01101100000		158
01100101010		158
00101110010		158
00101100111		158
00010001111		158
11110001000		157
11101101000		157
10110011111		157
10110011000		157
10100011000		157
10011010110		157
10010000001		157
01110111111		157
01110001100		157
00001101101		157
00001100110		157
11100100101		156
11000000101		156
01111001100		156
01101000101		156
01100001111		156
11011100000		155
01010001010		155
00110101011		155
00110000100		155
00010100110		155
00010000010		155
00001001111		155
11101001011		154
11011001100		154
01000001100		154
11101001001		153
10111101000		153
01100100000		153
00101101111		153
00100001111		153
11001011001		152
10111010101		152
10110011011		152
10001010110		152
01011001100		152
00011101101		152
11101000101		151
10110111110		151
10110110011		151
01100001101		151
01001111010		151
00000101111		151
11110001010		150
10101101001		150
01110001011		150
01101001111		150
10110011010		149
10100100001		149
01101111011		149
01100000100		149
00111000011		149
00111000001		149
00011001101		149
11101011011		148
11011100001		148
11001101011		148
10100011101		148
10100011001		148
00001000010		148
00000001110		148
11110000001		147
11000010101		147
10101111101		147
00111101010		147
00101101011		147
00010101110		147
11001010100		146
10100000001		146
10011100000		146
01111000000		146
00111000010		146
00001000100		146
11111100000		145
10100111110		145
01111001011		145
01110111001		145
01011001000		145
00111101101		145
00111000000		145
00110101100		145
00100101011		145
11110100100		144
11110100001		144
11000011000		144
10111111001		144
01010001000		144
00101101100		144
00011100000		144
11010100100		143
10110011001		143
10110001000		143
10101111010		143
10101010111		143
10011111000		143
10001000001		143
10001000000		143
01001000000		143
00000001101		143
11001100001		142
01100001100		142
00011100100		142
00010110010		142
00001001110		142
00111001110		141
00110100001		141
00001100111		141
10110010101		140
10101010100		140
01101001101		140
01101000001		140
00011101001		140
11101001111		139
11011000010		139
01111111101		139
01110001101		139
00000110000		139
11010000001		138
10111010110		138
10101011110		137
10011111110		137
01101000000		137
00010100000		137
11101011001		136
11011100011		136
11011011000		136
11001011011		136
11000101110		136
10100101001		136
01100001110		136
00001101010		136
10111100000		135
10001111110		135
10001100001		135
10001011110		135
01111111110		135
11100101101		134
11100010101		134
11000111100		134
11000011111		134
10110010100		134
10011010101		134
10010111101		134
01101001100		134
00111101001		134
00111100100		134
00001110001		134
11011001101		133
10111111100		133
10010000000		133
01111111011		133
01011001010		133
01000101000		133
00011100001		133
00011000000		133
11101101010		132
01101001011		132
00100001101		132
00001100001		132
10111111110		131
01110000001		131
11011000011		130
11010101010		130
11010000111		130
11000111000		130
10011011110		130
00000101110		130
11010100101		129
11000000010		129
10100001001		129
10001101001		129
10001001001		129
10000000000		129
01110001001		129
00100110011		129
00011001100		129
00001101110		129
11100101011		128
11010001110		128
11000101010		128
01101101000		128
01100101000		128
01100000001		128
01001001011		128
01000100000		128
00100000011		128
11011001001		127
11000000111		127
10100011010		127
10011111101		127
01000001000		127
00110000101		127
00100000100		127
00010101001		127
00000110011		127
11111101010		126
11010101111		126
10111011110		126
00111100101		126
00011001110		126
11111001010		125
11100001101		125
11001101101		125
10101000000		125
11111001100		124
11001100111		124
11001011101		124
10101010110		124
10000101001		124
11001100101		123
00001110000		123
00000001011		123
11111101011		122
10111111011		122
10011011111		122
11111100010		121
10111010111		121
01111111111		121
01000001010		121
00110000011		121
00101100001		121
00100110000		121
00001001000		121
11111000011		120
11100101110		120
11100000110		120
10110111101		120
10101000001		120
00110001100		120
00101000100		120
11111001101		119
11001110001		119
11001101110		119
11001000111		119
10111111111		119
10101111011		119
00111101100		119
00110101010		119
00101001101		119
00010101111		119
00010001110		119
00001001101		119
00000001001		119
11101111101		118
11101101011		118
10111011111		118
00111101111		118
00011001011		118
11011000100		117
10110011110		117
00111101110		117
00110001011		117
00100001110		117
11101110001		116
11010011010		116
11001110000		116
10101001000		116
10010111111		116
10001001000		116
01001001010		116
00111000100		116
11101100100		115
11100101100		115
11001010101		115
11110111011		114
11011101001		114
11010101001		114
10101001001		114
10100010110		114
10000100001		114
01111001001		114
00101001111		114
00100100001		114
11110101011		113
11110001111		113
11110000110		113
11110000011		113
11001011000		113
01100001011		113
00110001110		113
11010000010		112
10110111001		112
00110001010		112
11110000010		111
11011100100		111
11010011101		111
10011101000		111
00110000010		111
00001110011		111
00000000100		111
00000000011		111
11111000010		110
11100000111		110
11010100110		110
11010001101		110
11000010111		110
11000010100		110
00101000001		110
00011101111		110
11100110000		109
11011101011		109
11010011011		109
11010010101		109
11000011001		109
00011101000		109
00011000001		109
11110100101		108
11010101100		108
11010001010		108
10110010111		108
00111000101		108
11001110011		107
00000100001		107
11110101101		106
11010011100		106
11001110010		106
10110010110		106
01000001001		106
00111110010		106
00101001100		106
00010001011		106
00000100010		106
11110001011		105
11101001110		105
11011101010		105
11001001110		105
11000110000		105
10000001001		105
00110101111		105
00100001100		105
00100001011		105
11000110001		104
10111111101		104
10101111110		104
00011101110		104
11111100101		103
11100001111		103
00110001101		103
00101101110		103
11111100001		102
11110000100		102
10110000000		102
00001001011		102
00001000000		102
11111101000		101
11101101001		101
11101010100		101
11000000011		101
01110000000		100
00111001101		100
00110000001		100
00101000000		100
11111000111		99
11100011101		99
11010101011		99
11010001111		99
10000000001		99
00100000001		99
11100011100		98
11010101101		98
11010010100		98
00111001100		98
00000101010		98
11110010101		97
11101111001		97
11010011110		97
11010011001		97
11001101111		97
11001011100		97
11001011010		97
11111011010		96
11000011011		96
10100001010		96
10011001000		96
10010001000		96
00101101001		96
11101011000		95
10101100000		95
00100100010		95
00010010001		95
00001001100		95
11010011111		94
11001100100		94
10010101000		94
11111011011		93
11110001001		93
11010000011		93
10100100000		93
00110110010		93
00000110010		93
11111101100		92
11101000100		92
11011100110		92
11011011011		92
11000011010		92
10001100000		92
01110001010		92
01000000000		92
00111001011		92
00110101110		92
00101001011		92
00001110010		92
00001001010		92
11111001110		91
11110000111		91
11010100111		91
11001111101		91
01101001001		91
00000001100		91
11111011000		90
11111000100		90
11100011111		90
11011101101		90
11000111110		90
10110101000		90
10011111111		90
01111001010		90
01101001010		90
01000000001		90
00011001001		90
11101110000		89
11100111001		89
11011101100		89
00010000000		89
00000100000		89
11000101111		88
00110101001		88
00100110010		88
00000101001		88
00000000000		88
11111011001		87
11100011001		87
11001111001		87
11111101001		86
11101100110		86
11010011000		86
11001011110		86
11001010111		86
10111001000		86
01101001000		86
01001001001		86
00100000101		86
00000000010		86
11110001110		85
11011011101		85
11011001010		85
11010100010		85
11000110010		85
00111101000		85
00110100000		85
00101101010		85
00101100000		85
11110101100		84
11100101010		84
11010000110		84
00011001010		84
00001000001		84
00000000001		84
11110010111		83
00010001100		83
11000011100		82
01110001000		82
01100000000		82
11110011010		81
11100100111		81
11010101000		81
11001111100		81
11110100110		80
11101100101		80
11100000011		80
11011111000		80
11011010110		80
11011001111		80
00100101010		80
11111000101		79
11110000101		79
11100111010		79
11100001110		79
11011011001		79
11010110000		79
11001101100		79
00111100000		79
00010001001		79
11110101010		78
11011000111		78
11011000101		78
00111001010		78
00100101001		78
11111011100		77
11110011100		77
11101011010		77
11100000010		77
11011111111		77
11000111011		77
00101001110		77
11111001111		76
11111001011		76
11111001001		76
11101101100		76
11001011111		76
00101001010		76
11110011011		75
11100111111		75
11100101111		75
11001010110		75
11001000110		75
10100001000		75
11111100100		74
11101110010		74
11101000110		74
01111001000		74
11110100111		73
11101101101		73
11100100110		73
11100010110		73
00100101000		73
00010000001		73
11101011101		72
11100111100		72
11100011000		72
11011011010		72
11110101000		71
11000011101		71
00110101000		71
00101101000		71
00010001010		71
00001100000		71
00000001000		71
11111111001		70
11101111100		70
11100011110		70
11010111101		70
11000010110		70
00100100000		70
11110111010		69
11100011011		69
00101001000		69
11110101110		68
11110011101		68
11101100111		68
11011000110		68
11100111011		67
11011100111		67
11000011110		67
00101001001		67
00100001000		67
00001001001		67
11111111100		66
11110110000		66
11110101001		66
11110001101		66
11100111000		66
10101101000		66
10100000000		65
01100001001		65
00000001010		65
11111100110		64
01101010011		64
00100000010		64
00001101001		64
11111110000		63
11111100111		63
11100101001		63
11001111000		63
10000100000		63
01001010011		63
11111010111		62
11110111111		62
11000111111		62
00100001001		62
00010001000		62
11011011100		61
11011010100		61
11110010110		60
11101111000		60
11101000111		60
11100010111		60
11011100101		60
11010110001		60
11010010110		60
00011001000		60
11111101110		59
11111011101		59
11110111000		59
11110010100		59
11011101110		59
11000110011		59
00110001000		59
00001101000		59
11111011110		58
11100010100		58
11011111100		58
11011011111		58
11001111111		58
00110001001		58
11111111101		57
11101011100		57
11011010101		57
11001111110		57
11000111101		57
10001101000		57
01100001010		57
11110101111		56
11010111100		56
10000001000		56
11111101111		55
11111010101		55
11100110010		55
10100101000		55
00111001001		55
11101111111		54
11100011010		54
00100001010		54
11011101111		53
11000111001		53
01100001000		53
11111101101		52
11101010101		52
11100110001		52
11011010111		52
10001010011		52
10000101000		52
01100010011		52
00110000000		52
11110110001		51
11110011000		51
11010111000		51
11010110010		51
11111010100		50
11101110011		50
11101011111		50
11101010111		50
11010111001		49
11010101110		49
00010101000		49
11111111000		48
11011110010		48
11011001110		48
11010110011		48
11110111110		47
11101101110		47
11011111011		47
11011011110		47
11100110011		46
11010111110		46
00000101000		46
11111110001		45
11111000110		45
11010010111		45
11101101111		44
11101010110		44
11100111110		44
11000111010		44
11101011110		43
11100111101		43
11011110001		43
11001100110		43
00111001000		43
11111111011		42
11110011001		42
11111010110		41
11011111110		41
11110011110		40
11001111011		40
11111110010		38
11101111110		38
11011111101		38
11011111010		37
01111010010		37
11110110010		34
11011110011		34
11011110000		34
11111111111		33
11110111100		33
11010111111		33
11111011111		32
11110011111		32
11001111010		32
00100000000		32
11111111110		31
11011111001		31
01111010011		30
01001010010		28
11110111101		27
11010111011		27
11111111010		26
00010110101		26
11101111011		25
11111110011		24
11101111010		24
11011010001		24
01011010001		24
00111010011		24
00100010011		23
00011010000		23
00000010001		23
10010010001		22
01101010010		22
00011110101		22
11010111010		21
10001010000		21
00111110100		20
00101110100		20
11110110011		19
01100110101		19
11110111001		18
00010010011		17
11001010010		16
10001010010		16
10100010000		15
01100110100		15
01010010001		14
11100010001		13
01011010000		13
00010010000		13
11110010000		12
00101110101		12
10100010011		11
01100010010		11
00001010011		11
00101010011		10
11000010011		9
10000110100		9
00000110110		9
10111010000		8
10101010000		8
00001010010		8
10111010011		7
01100010001		7
01100010000		7
00011010001		7
10000110101		6
01110010000		6
01001010000		6
01000010001		6
00101010010		6
00001010000		6
00000010000		6
11011010000		5
11001010011		5
11000010001		5
10110010001		5
10101010011		5
10101010010		5
10000010010		5
10000010001		5
01010110101		5
01010110100		5
01010010011		5
01010010000		5
01000010011		5
00111110101		5
00101110110		5
00000110100		5
10100110101		4
10100010010		4
10100010001		4
10011010001		4
10011010000		4
10010010000		4
10000010011		4
01110110101		4
01110010001		4
01101010001		4
01001110111		4
01001010001		4
01000110111		4
01000010010		4
00100010000		4
00011010010		4
00010110100		4
00000110101		4
00000010011		4
11111010000		3
11110010011		3
10110010000		3
10011110111		3
10011110101		3
10011010010		3
10010010011		3
10001110101		3
10001010001		3
01111110100		3
01101110100		3
01011110101		3
01011010010		3
01001110100		3
00110010011		3
00110010001		3
00100110100		3
00001010001		3
00000010010		3
11111010011		2
11111010001		2
11101010011		2
11101010010		2
11101010001		2
11100010000		2
11010110101		2
11010010001		2
11000110101		2
11000010010		2
10111110100		2
10110010010		2
10100110100		2
10011110100		2
10011010011		2
10010110100		2
10010010010		2
10001110100		2
01111010000		2
01110010011		2
01101110101		2
01101010000		2
01001110101		2
01000110100		2
00111010001		2
00111010000		2
00110110100		2
00101010000		2
00100110101		2
00100010010		2
00100010001		2
00011110100		2
00001110101		2
11111110100		1
11111010010		1
11110110100		1
11101010000		1
11100110100		1
11100010011		1
11011110101		1
11010010010		1
11010010000		1
11001110101		1
11001010001		1
11000110100		1
11000010000		1
10111110101		1
10111010001		1
10110110100		1
10101110111		1
10101110101		1
10101110100		1
10101010001		1
10011110110		1
10010110110		1
10010110101		1
10001110111		1
10000110111		1
10000110110		1
10000010000		1
01111110111		1
01111110101		1
01111010001		1
01110110111		1
01110110100		1
01100110110		1
01011010011		1
01000110101		1
01000010000		1
00111110110		1
00110110111		1
00110110110		1
00110110101		1
00110010010		1
00110010000		1
00101010001		1
00011010011		1
00010110111		1
00010110110		1
00010010010		1
00000110111		1
