Nonlinear function type: 	logistic
A	3.1137730195187596
B	6.691808728366223
mu	8.244623372162101
sigma	0.45122887202445383
Nonlinear function performance: 	0.8457744002584073
Params: 	562
Performance: 	0.9672685287652282
Term	Coefficient	Standard Error	p-value	95% CI lower	95% CI upper
Intercept	7.110064559678167
1	0.09671746732366757	0.145099558136839	0.5051737639117374	-0.4737295299334485	0.6671644645807837
2	0.6881208469049886	0.1477972595431999	3.562376879650556e-06	0.10706805810367237	1.2691736357063048
3	-0.00916872823736345	0.1449640244821676	0.9495786583041071	-0.5790828860611461	0.5607454295864192
4	0.026756462897528782	0.14498417592797114	0.853613224427033	-0.5432369186805962	0.5967498444756537
5	-0.030976685533235737	0.14727379175781122	0.8334404772652382	-0.6099715037234067	0.5480181326569352
6	0.2920028098799711	0.14502092178964343	0.0442687172643278	-0.2781350350357528	0.8621406547956951
7	0.009739347937572022	0.146709893283128	0.9470816157297679	-0.5670385497066552	0.5865172455817993
8	0.19188256520562466	0.15250252763204764	0.20853968707573783	-0.40766859869095995	0.7914337291022092
9	0.10450302419568558	0.14508296709718244	0.471472821744897	-0.4658787467514749	0.674884795142846
10	-0.0015409506793690741	0.1447682881069874	0.9915089317667986	-0.5706855870179778	0.5676036856592396
11	0.13316740493315754	0.14485826877881963	0.3581147736310214	-0.43633098302755785	0.7026657928938729
1,2	0.7519104271475983	0.15315696594428285	1.031250554283598e-06	0.14978639276885464	1.354034461526342
1,3	0.022926362016708834	0.15054784010406883	0.8789851901340014	-0.5689401083823263	0.614792832415744
1,4	0.10266841269035698	0.15250764536824432	0.5009404778604025	-0.496902871165817	0.702239696546531
1,5	-0.015665962820270746	0.15184355132217636	0.9178428326822072	-0.6126264154696499	0.5812944898291084
1,6	0.723908678336199	0.14953365390045245	1.4483998342616978e-06	0.1360293977118352	1.3117879589605628
1,7	0.1008621102317335	0.1565970954594661	0.5196345919135226	-0.5147865108329404	0.7165107312964074
1,8	-0.08422689018827853	0.15763542430894945	0.5932167611354087	-0.7039576158572588	0.5355038354807017
1,9	-0.17571886175872764	0.14968318022220864	0.24063799828035623	-0.7641859928379927	0.41274826932053743
1,10	0.3042834557450228	0.15187427057047723	0.045331739326993824	-0.29279776710639027	0.9013646785964359
1,11	-0.02785742312052175	0.15255502951562053	0.8551363015062285	-0.6276149938609249	0.5719001476198814
2,3	-0.01553157264014697	0.1546201432425702	0.9200029133520551	-0.6234079684111675	0.5923448231308737
2,4	-0.05222235924736919	0.15478478638037357	0.7358805748931343	-0.6607460359941895	0.5563013174994511
2,5	0.30109695609197074	0.15645410562102027	0.0545125697621005	-0.31398951216516136	0.9161834243491028
2,6	0.28267152015031427	0.1515884249916469	0.06244793954561313	-0.31328592428153124	0.8786289645821598
2,7	-0.4081425293020929	0.16627350108536817	0.014234690983814647	-1.061833144459761	0.24554808585557525
2,8	-0.9731040572719507	0.15976037842249496	1.481298673052422e-09	-1.6011888655373647	-0.3450192490065367
2,9	0.37030360678850527	0.15152231542940908	0.014664182736351783	-0.22539393332831137	0.9660011469053219
2,10	0.6142907652843076	0.15357472054283122	6.69835158349686e-05	0.010524363007327286	1.218057167561288
2,11	0.17364566222717687	0.15418678818853154	0.26029059754981043	-0.4325270337359544	0.7798183581903082
3,4	-0.050044393157648526	0.1512774612695619	0.7408406710093138	-0.6447793092524194	0.5446905229371224
3,5	0.09681333677904813	0.15167413735147992	0.523393728846713	-0.4994810787567924	0.6931077523148886
3,6	0.18927547794146127	0.15042913779982836	0.20853559140874206	-0.4021243240962712	0.7806752799791937
3,7	-0.0805026579300128	0.15557414080003112	0.6049278002482821	-0.6921296167560289	0.5311243008960034
3,8	-0.08660439825039527	0.15664426623144845	0.5804468587784068	-0.7024384673314598	0.5292296708306693
3,9	0.024487152139731988	0.1497212589994998	0.8701099644412452	-0.5641296825254288	0.6131039868048928
3,10	0.0797169430563237	0.15033077962657698	0.596011920965855	-0.5112961719004321	0.6707300580130795
3,11	0.1589214419166865	0.15038402593960712	0.29081562423552326	-0.4323010065471666	0.7501438903805395
4,5	-0.03642390309788304	0.1510871582139047	0.8095326928272144	-0.6304106583570012	0.5575628521612351
4,6	-0.23088576678379605	0.1501836424937169	0.12445322986452828	-0.8213204241855956	0.35954889061800355
4,7	-0.12261333631647348	0.15594267403765105	0.43185376913817763	-0.7356891533022882	0.4904624806693412
4,8	-0.07495189756217649	0.1566374316853179	0.6323720667073957	-0.6907590971863808	0.5408553020620279
4,9	0.049738021911458985	0.15058794468554756	0.7412332448832697	-0.5422861163562767	0.6417621601791945
4,10	0.08179415410174115	0.15028779670868778	0.5863641451243458	-0.5090499770430851	0.6726382852465674
4,11	-0.052910144506432444	0.15207692371065365	0.7279597359132668	-0.6507880815365983	0.5449677925237333
5,6	0.10611358767712284	0.1508176198857293	0.4818168522026486	-0.48681349977922805	0.6990406751334738
5,7	0.1292272716780541	0.15378551524154685	0.40089238341394706	-0.4753678526464919	0.7338223960026
5,8	-0.03588947088137551	0.15727857990088326	0.8195346276366036	-0.6542172920640624	0.5824383503013114
5,9	0.09645965143675371	0.15033504788311958	0.5212275729439787	-0.4945702438200905	0.687489546693598
5,10	0.06813605671485107	0.15139579230522002	0.652748785002827	-0.5270640681292795	0.6633361815589818
5,11	0.010829941895330264	0.15124975574883143	0.9429290086917276	-0.5837960522198627	0.6054559360105233
6,7	1.1764639771718783	0.1585811981177302	2.1468907405488682e-13	0.5530150194405054	1.7999129349032512
6,8	0.035868774603931536	0.15715316854125563	0.8194954520260224	-0.5819660021171448	0.6537035513250079
6,9	0.040497324708745536	0.15555572068124604	0.7946436489018193	-0.5710572169329249	0.652051866350416
6,10	-0.024507704774387407	0.14921417418686825	0.8695640884344534	-0.6111309771404296	0.5621155675916549
6,11	0.4572199553186433	0.14960199249957082	0.0022877028029022035	-0.130927992896197	1.0453679035334835
7,8	0.06543719061458919	0.16086846877450914	0.684241624237788	-0.5670039838735251	0.6978783651027035
7,9	-0.050990339300845566	0.15853192181542208	0.7477773215817525	-0.6742455712962581	0.5722648926945668
7,10	0.20812623641308173	0.15594132147263096	0.18223005876970952	-0.404944263074429	0.8211967359005924
7,11	0.023607236482423105	0.15400747756754088	0.8781966646111958	-0.5818605144992495	0.6290749874640957
8,9	-0.11193066929863471	0.15718087600965774	0.4765240878902336	-0.7298743756564001	0.5060130370591307
8,10	-0.24869699481427854	0.15596082918579424	0.11104591666344686	-0.8618441872741196	0.3644501976455625
8,11	-0.15345173991150346	0.15686131145406426	0.32812872922495595	-0.7701391044615551	0.4632356246385481
9,10	0.5360752069033595	0.14971815778750275	0.000355691391637466	-0.052529435601505914	1.124679849408225
9,11	-0.1871556154756973	0.1495664812671896	0.21104618628346047	-0.7751639541966089	0.4008527232452142
10,11	-0.01423343666935277	0.14999115540431246	0.9244129432916908	-0.6039113468861749	0.5754444735474694
1,2,3	-0.05273174865690203	0.13714512647843327	0.7006747503268704	-0.5919065510659454	0.48644305375214136
1,2,4	-0.2478406898763664	0.13879882694514153	0.07439897850288284	-0.7935168798685944	0.2978355001158616
1,2,5	-0.3214069747756705	0.1376748500453805	0.0197216386827635	-0.8626643418873328	0.2198503923359918
1,2,6	-0.7433030297987703	0.13636509535021704	6.008957697890948e-08	-1.2794112038832919	-0.20719485571424867
1,2,7	0.8644027844656482	0.14312078644064558	2.02079493953007e-09	0.3017351656356282	1.4270704032956683
1,2,8	0.8489181161382171	0.1424147775912124	3.2395546013691116e-09	0.2890261131223837	1.4088101191540505
1,2,9	0.1559120472366844	0.1364851229719356	0.25352747498420497	-0.38066800558597014	0.6924921000593389
1,2,10	-0.5939823083701041	0.13730286198361244	1.6359144055435685e-05	-1.1337772349645392	-0.05418738177566906
1,2,11	-0.07833656724382362	0.138375024838232	0.5714129254144309	-0.6223466140553137	0.46567347956766636
1,3,4	-0.03753559039973492	0.13702204374505378	0.7841762101788783	-0.5762265031500358	0.5011553223505658
1,3,5	-0.008801569536765586	0.13662379545606632	0.94864432223725	-0.5459268018430127	0.5283236627694815
1,3,6	-0.1608582319378137	0.13507904702221912	0.23393515499959952	-0.691910412630942	0.37019394875531464
1,3,7	-0.026374433522219354	0.13961380618878325	0.8501933628605209	-0.5752546474848295	0.5225057804403908
1,3,8	0.1485565465487666	0.14048698144352795	0.2905103694668472	-0.40375648422282784	0.700869577320361
1,3,9	0.13424529811040406	0.13521329724712372	0.3209751166451603	-0.39733467631732466	0.6658252725381328
1,3,10	-0.019116870063511593	0.13625229590046578	0.8884411367146229	-0.554781582374413	0.5165478422473898
1,3,11	-0.047421407760253276	0.1367047272420817	0.7287315026138093	-0.5848648167371115	0.490022001216605
1,4,5	0.06021505028228549	0.13811090047122765	0.6629170900686996	-0.4827566132701875	0.6031867138347584
1,4,6	-0.04705342026125381	0.1362786868279631	0.7299454910414447	-0.5828218863363912	0.4887150458138836
1,4,7	-0.3487369281613	0.14189931502359165	0.014117274918771893	-0.906602432422255	0.20912857609965507
1,4,8	0.16841652475969232	0.14170622794184132	0.23486062299563393	-0.3886898734956487	0.7255229230150333
1,4,9	-0.14716216368690205	0.13682832777050852	0.28234283212712147	-0.6850914979912102	0.39076717061740607
1,4,10	-0.022693655401853752	0.13744813647498733	0.8688858001971401	-0.5630597167292057	0.5176724059254982
1,4,11	-0.12633507604555094	0.13915582254450765	0.36411901548804093	-0.6734147649202521	0.4207446128291502
1,5,6	0.036141481343282794	0.13588816196654416	0.7903090741787073	-0.4980916683090397	0.5703746309956053
1,5,7	-0.11260869999900497	0.14066696631323355	0.4235499837771409	-0.6656293265055115	0.44041192650750166
1,5,8	0.02360222914785015	0.14069054090662345	0.8667986819585327	-0.5295110789366262	0.5767155372323265
1,5,9	0.1597735300450395	0.1360800369910276	0.24056760955511117	-0.37521396050928624	0.6947610205993652
1,5,10	0.08981130511737295	0.13700999650028675	0.5122577970905704	-0.44883224487944456	0.6284548551141904
1,5,11	-0.12093016536252899	0.13702554942996292	0.3776519976834336	-0.6596348604251637	0.41777452970010576
1,6,7	-0.6481440860835697	0.14440426833357892	7.821367372690732e-06	-1.215857608576282	-0.08043056359085743
1,6,8	-0.09270258741779741	0.14105193963794224	0.5111556549444485	-0.6472367049364343	0.4618315301008394
1,6,9	0.3932064367258816	0.1390856809450416	0.004770562126057249	-0.1535974962105383	0.9400103696623016
1,6,10	-0.1084865215843093	0.13584297398095038	0.4246606205376283	-0.6425420183821016	0.425568975213483
1,6,11	-0.08588373473330124	0.1358385425195394	0.5273373265576404	-0.6199218096044673	0.4481543401378648
1,7,8	0.7150338419308062	0.14601092836645843	1.096565767329969e-06	0.14100386745755245	1.28906381640406
1,7,9	0.30440739272810985	0.14488699465284718	0.03583621920649175	-0.2652039286473797	0.8740187141035993
1,7,10	0.00962164301225682	0.14073667172295626	0.9455047396782545	-0.543673024588375	0.5629163106128887
1,7,11	0.32165492809836765	0.14031919678666255	0.022049485831629544	-0.22999847107321586	0.8733083272699511
1,8,9	-0.031328518194710345	0.14133331477315877	0.8246107576241005	-0.5869688389509595	0.5243118025615388
1,8,10	-0.19670115038386068	0.14087280700821625	0.16286530202036892	-0.7505310226790793	0.3571287219113579
1,8,11	-0.08693817934618853	0.14126667401454657	0.5383875224728023	-0.6423165074324847	0.46844014874010764
1,9,10	0.3266729358313407	0.13603602150385097	0.016475662920970847	-0.2081415114496964	0.8614873831123778
1,9,11	0.3781444300963145	0.13615933468792615	0.00556260446389	-0.15715481284145072	0.9134436730340797
1,10,11	0.13269292636673577	0.13717585960826334	0.33356691422233986	-0.40660270081843364	0.6719885535519052
2,3,4	0.1552166754359578	0.1381195748515267	0.2613150556134787	-0.3877890907303219	0.6982224416022376
2,3,5	-0.13433183264168727	0.13760428106164133	0.32914069809630575	-0.6753117635888952	0.40664809830552073
2,3,6	-0.04107427269122793	0.13671722682252962	0.7638962058479265	-0.5785668227421532	0.4964182773596974
2,3,7	-0.09126715310749772	0.14281155008607996	0.5228891142383121	-0.6527190346039944	0.470184728388999
2,3,8	0.035817303301586834	0.14216928826784878	0.8011323825140777	-0.5231095785989954	0.5947441852021691
2,3,9	-0.13079811199019986	0.136690195087795	0.3388011393587076	-0.6681843889958587	0.406588165015459
2,3,10	0.006039587964779741	0.13700458517802178	0.9648450330896587	-0.5325826878629302	0.5446618637924897
2,3,11	-0.1301811642424676	0.1376820034511906	0.3445716294894883	-0.6714666543816356	0.4111043258967003
2,4,5	0.0579670836610536	0.1380700509120167	0.6746741044283323	-0.4848439832039424	0.6007781505260497
2,4,6	0.11863739513474127	0.1372960815605203	0.3876954489886486	-0.4211308747831146	0.6584056650525971
2,4,7	0.033341827103452265	0.14457074988257973	0.817641934878788	-0.5350262039277124	0.6017098581346169
2,4,8	-0.01271458738768666	0.1431011531393708	0.929214742352335	-0.5753050195060292	0.5498758447306558
2,4,9	-0.08293048931594746	0.1374883198625791	0.5464944346697913	-0.6234545283317616	0.45759354969986665
2,4,10	-0.09784958603797361	0.13770037863664492	0.47746295725324983	-0.6392073167097871	0.44350814463384
2,4,11	0.3144158911786575	0.13947340735141325	0.02434536710850887	-0.23391235628436785	0.8627441386416828
2,5,6	-0.3013311374974685	0.1369919250730695	0.028011621123020233	-0.8399036411622047	0.23724136616726782
2,5,7	-0.06405856108456154	0.14302460672481115	0.6543120619159999	-0.6263480572600449	0.49823093509092187
2,5,8	0.11018084657542582	0.14245982806110524	0.4394184642765815	-0.44988826866325216	0.6702499618141038
2,5,9	-0.16367275214079352	0.13697424101515315	0.23234108992753844	-0.7021757323840443	0.3748302281024573
2,5,10	-0.1287044831940406	0.1374350618220404	0.3492053886132672	-0.6690191425970207	0.41161017620893947
2,5,11	-0.08035619984039427	0.13784083612660192	0.5600204430314125	-0.622266127599622	0.46155372791883337
2,6,7	0.022288915092760042	0.14865641530372986	0.8808389064243028	-0.5621415740273146	0.6067194042128345
2,6,8	0.5304402693793171	0.14317610276000955	0.00022056746467278733	-0.032444821017713066	1.0933253597763473
2,6,9	0.17744786234956272	0.13997169925179115	0.2051210187792591	-0.3728393788001287	0.7277351034992541
2,6,10	-0.06497190071852418	0.13648768170325093	0.6341359658558056	-0.6015620129832223	0.4716182115461739
2,6,11	-0.4806336615063917	0.13685441512431276	0.000460210674313788	-1.018665556099891	0.05739823308710751
2,7,8	0.5313775528648965	0.14982579914029873	0.00040427340250822854	-0.05765027277899171	1.1204053785087846
2,7,9	0.5674709640010236	0.1487370179305178	0.00014252720454821546	-0.01727640772718997	1.1522183357292373
2,7,10	-0.3054121972020938	0.14369535631616157	0.03374310637617648	-0.8703386903140974	0.2595142959099098
2,7,11	0.4493066290090445	0.14315915173123128	0.001736867358775396	-0.11351181981036029	1.0121250778284492
2,8,9	0.10956557339241423	0.14313254421745558	0.44412492285268346	-0.4531482701715871	0.6722794169564156
2,8,10	0.30080109464196203	0.1425464480403714	0.03503500258312386	-0.25960855993197884	0.8612107492159029
2,8,11	0.12641000030314914	0.14294938841284635	0.3767009009680805	-0.4355837812557632	0.6884037818620614
2,9,10	-0.5157454356211647	0.13655183038748164	0.00016606598213057854	-1.052587743170034	0.021096871927704375
2,9,11	-0.20541906402662286	0.1369364340431616	0.1338337444095785	-0.7437734092641928	0.3329352812109471
2,10,11	-0.20954502512987522	0.1373874394745988	0.12745316205148421	-0.7496724611846299	0.33058241092487956
3,4,5	-0.006567891480181887	0.13613980031503345	0.9615295270763838	-0.5417903366350798	0.528654553674716
3,4,6	-0.0688770247165632	0.13524960270763547	0.6106587432274198	-0.6005997310808939	0.4628456816477675
3,4,7	0.09113888797226377	0.13945827580984577	0.5135379416978433	-0.4571298710776893	0.6394076470222169
3,4,8	0.1200957690284018	0.14011797910450927	0.3915475009508359	-0.4307665593497674	0.670958097406571
3,4,9	-0.026869972539686482	0.1355194480953207	0.8428622383798112	-0.5596535538860317	0.5059136088066587
3,4,10	-0.03645277650034026	0.13590494826592361	0.7885712101775941	-0.5707519201101843	0.4978463671095037
3,4,11	-0.05977773509673043	0.13673323564520085	0.6620508516607507	-0.5973332225193452	0.47777775232588426
3,5,6	-0.03661038707875164	0.13512484223014815	0.7864827853395667	-0.567842607871156	0.49462183371365276
3,5,7	-0.027456021085179	0.13940286028816548	0.8438944093532232	-0.5755069185623618	0.5205948763920039
3,5,8	0.08074330025396076	0.140161395591176	0.5646666075953278	-0.47028971647618206	0.6317763169841035
3,5,9	-0.09407521904550785	0.135032839790371	0.48612707044931514	-0.6249457398011574	0.4367953017101417
3,5,10	-0.08869574663358652	0.13617673919720627	0.5149515808134678	-0.6240634139703304	0.44667192070315737
3,5,11	-0.10328480327920131	0.13614835155166963	0.4482198265499635	-0.6385408669187078	0.4319712603603052
3,6,7	-0.005780716861489954	0.1429511996948579	0.9677499280199007	-0.5677816193268884	0.5562201856039085
3,6,8	-0.03681069631411876	0.14106960788274941	0.7941807915064939	-0.591414275086301	0.5177928824580633
3,6,9	0.024234709337202454	0.1384910267988152	0.861114232865037	-0.5202313896562538	0.5687008083306586
3,6,10	-0.061372214566519645	0.13506534749395183	0.6496258765517025	-0.5923705366892686	0.46962610755622936
3,6,11	-0.025846732341245904	0.13485065879941002	0.8480316493127518	-0.556001023491613	0.5043075588091211
3,7,8	0.128075209648706	0.14464788131045045	0.376092416057732	-0.44059605725710904	0.696746476554521
3,7,9	0.20285845629532923	0.14311031893543907	0.15658102182183847	-0.3597680103975616	0.7654849229882201
3,7,10	-0.02886035137366072	0.13942697636963255	0.8360485660071229	-0.5770060592447217	0.5192853564974003
3,7,11	-0.1437627820029057	0.13859143379727945	0.2997856360249602	-0.6886236228654138	0.40109805885960237
3,8,9	-0.07438546168530824	0.14113242384731914	0.5982422381457312	-0.6292359962637569	0.48046507289314044
3,8,10	0.025838699981139565	0.1395206559146378	0.8531044629341271	-0.5226753013281569	0.5743527012904359
3,8,11	-0.1155552939657225	0.14002077547688374	0.4093706824648231	-0.6660354742642319	0.4349248863327869
3,9,10	0.012078682761383547	0.13506783738187003	0.9287567255871108	-0.5189294281512465	0.5430867936740137
3,9,11	-0.018921604654604546	0.1349371110665599	0.8885039991434757	-0.5494157757938218	0.5115725664846127
3,10,11	-0.06043664652061126	0.13576285415826977	0.6562769834527171	-0.5941771588149647	0.4733038657737422
4,5,6	-0.07805261789032297	0.13520607329594983	0.563847566768647	-0.6096041919472415	0.4534989561665956
4,5,7	0.2582951708174474	0.13994503908029557	0.06516802942255343	-0.2918872580573391	0.808477599692234
4,5,8	-0.12205947185563137	0.14005218337298117	0.3836290756899273	-0.6726631297184352	0.4285441860071725
4,5,9	-0.06625278539062651	0.1354894898280104	0.624933700466108	-0.5989185882692105	0.4664130174879575
4,5,10	0.007425276736571063	0.13623628342114175	0.9565429788881146	-0.5281764838268108	0.5430270372999528
4,5,11	0.11468287237793023	0.13681903798090714	0.40207013996689	-0.42320993988143646	0.652575684637297
4,6,7	0.2541209184860048	0.14317370857565997	0.07614981508446396	-0.30875475937186503	0.8169965963438747
4,6,8	0.013632867297477397	0.14050215746248362	0.9227180826649428	-0.5387398267463885	0.5660055613413433
4,6,9	0.15791598424694897	0.1383008006654681	0.25373830180423856	-0.38580225632459975	0.7016342248184977
4,6,10	0.03451183645468642	0.13497633155697566	0.7982327961492974	-0.4961365268218186	0.5651601997311915
4,6,11	-0.10403243834364617	0.1359249855546583	0.4441943964171077	-0.6384103569086909	0.4303454802213985
4,7,8	0.11626545884808343	0.14494077337476644	0.4226102358835542	-0.4535572891563296	0.6860882068524965
4,7,9	0.1107198135818791	0.14370519527087577	0.4411663278942215	-0.45424536057260967	0.6756849877363679
4,7,10	-0.1737004188161213	0.13975988313634904	0.21415113295087143	-0.7231549223022654	0.3757540846700228
4,7,11	0.09564653602247991	0.14029932887621302	0.4955317855822392	-0.4559287540907216	0.6472218261356815
4,8,9	-0.08211254061480913	0.1408585216563644	0.5600341088474522	-0.6358862512223334	0.47166116999271523
4,8,10	0.04193724018691963	0.1398961665559755	0.7643981837203299	-0.5080530503719083	0.5919275307457474
4,8,11	0.09133514148818478	0.1414427883164328	0.5185640619851057	-0.46473556551349227	0.6474058484898618
4,9,10	0.08557285815392024	0.1355328568023337	0.5279042277320238	-0.44726343842292515	0.6184091547307656
4,9,11	0.029337423369721283	0.13631840147789281	0.829635933763568	-0.5065871775902526	0.5652620243296953
4,10,11	-0.08921627696249104	0.1366273993674962	0.5138802184181546	-0.626355677750572	0.44792312382558996
5,6,7	-0.12030740661034234	0.14251339503520616	0.3987248125587767	-0.6805871160087847	0.43997230278810007
5,6,8	0.06178856167275196	0.14082828831964478	0.6609159656605482	-0.49186628905421714	0.615443412399721
5,6,9	0.10857576703985095	0.13821363727897834	0.4322678830180897	-0.4347997978355599	0.6519513319152618
5,6,10	-0.010821368521798047	0.13531830390429497	0.9362738297332828	-0.5428141679990618	0.5211714309554657
5,6,11	-0.08819774924751105	0.13480252418876612	0.5130530066925489	-0.6181628031289399	0.44176730463391783
5,7,8	-0.17135797338000502	0.14522876181912134	0.23825222344262115	-0.7423129243038237	0.3995969775438136
5,7,9	-0.04701112322598622	0.14272676353444186	0.7419235260369073	-0.6081296733573789	0.5141074269054065
5,7,10	0.06253531107870636	0.13985341560522435	0.6548431528534383	-0.48728690762794624	0.612357529785359
5,7,11	-0.022034947894653933	0.1386323287501875	0.8737370963315152	-0.5670565639062315	0.5229866681169235
5,8,9	-0.08177359785298477	0.14095155387198463	0.5619129275171291	-0.635913056976426	0.47236586127045643
5,8,10	0.00569513086255799	0.13971132802074052	0.9674907485873314	-0.5435684821739113	0.5549587438990273
5,8,11	0.11731876550062965	0.139995889981414	0.4021782906190793	-0.4330635795160342	0.6677011105172935
5,9,10	-0.008576403708835667	0.1354549427078957	0.9495251220155254	-0.5411063874216939	0.5239535800040227
5,9,11	-0.04543526917332237	0.13497779137665256	0.7364638894123612	-0.5760893716110069	0.48521883326436216
5,10,11	-0.1099829334021796	0.1359277827013943	0.41859207210355787	-0.6443718487199155	0.42440598191555634
6,7,8	-0.11531835861082063	0.15219296533686505	0.4487631868717482	-0.7136525037651125	0.4830157865434712
6,7,9	-0.4650516743852095	0.15429469327109838	0.002628574135503439	-1.0716485903193003	0.1415452415488812
6,7,10	-0.2951979808642281	0.1460722700210826	0.04349759822439867	-0.8694691150152677	0.2790731532868115
6,7,11	-0.396058371413064	0.14172593825181484	0.00527497520578547	-0.9532422591334576	0.16112551630732963
6,8,9	0.020734259845478276	0.14787444549776158	0.8885119432659312	-0.5606219791976962	0.6020904988886527
6,8,10	-0.0625212131024641	0.13977724890586904	0.6547400868377127	-0.6120439886854012	0.48700156248047305
6,8,11	0.14025364275380853	0.1407234806077349	0.3191173261835218	-0.4129891650605833	0.6934964505682004
6,9,10	0.15274863059850646	0.1399298232435511	0.2752104999000843	-0.3973739784636419	0.7028712396606549
6,9,11	-0.1527227243000982	0.13780062587668468	0.26794583275692946	-0.694474568763837	0.3890291201636406
6,10,11	0.0009764730762667762	0.13471704824380082	0.9942178527512906	-0.5286525391468051	0.5306054852993387
7,8,9	0.05512606707515766	0.15228678549201694	0.7174203645484349	-0.5435769243146142	0.6538290584649296
7,8,10	0.030200497987813157	0.14438317787369662	0.8343495238164202	-0.5374301090938178	0.597831105069444
7,8,11	9.874363310835577e-05	0.14384405595332667	0.9994523887189435	-0.5654123498912139	0.5656098371574306
7,9,10	-0.17411388579633996	0.1465354449523229	0.2349737751908174	-0.7502059541536823	0.40197818256100243
7,9,11	-0.006538865507840053	0.14209897162762725	0.9633044551304394	-0.5651893033117852	0.5521115722961052
7,10,11	-0.08346482163988941	0.13881282938361256	0.5477626428970799	-0.6291960610690878	0.4622664177893089
8,9,10	-0.2674327893444825	0.13989016598565748	0.056133405203791474	-0.8173994891538712	0.2825339104649062
8,9,11	0.17176705085792915	0.14081668552616872	0.22276847761871682	-0.3818421844393088	0.7253762861551671
8,10,11	0.06884644659150649	0.13989309616796458	0.6227075062500897	-0.48113177298899634	0.6188246661720094
9,10,11	0.12318802034035173	0.13507667869996975	0.36194788815045253	-0.4078548494883395	0.6542308901690429
1,2,3,4	0.008556122561815288	0.09113717055137739	0.9252177360947484	-0.34974217928768947	0.3668544244113201
1,2,3,5	0.0628956734722257	0.09108172289122743	0.4899791650306966	-0.2951846404547545	0.4209759873992059
1,2,3,6	0.038993565100008926	0.0918693837606459	0.6713121246848011	-0.32218337285247634	0.40017050305249413
1,2,3,7	-0.08827983865314934	0.09217032172914849	0.3383493865058307	-0.4506398895158136	0.27408021220951484
1,2,3,8	-0.012997084155915994	0.09240363074234363	0.8881641870305863	-0.37627437024464944	0.35028020193281745
1,2,3,9	-0.01856038087918835	0.09183407162796621	0.8398645776497587	-0.37959849208187135	0.3424777303234947
1,2,3,10	0.014442849442702466	0.0911927431335323	0.8741845772551268	-0.3440739314499307	0.37295963033533563
1,2,3,11	0.031235771038898352	0.09104789766691253	0.7316023916876901	-0.3267115617964111	0.3891831038742078
1,2,4,5	-0.01487340497754689	0.09133950020135112	0.8706728682025151	-0.37396714923063745	0.34422033927554363
1,2,4,6	0.03527669737613662	0.09209457325717366	0.7017473319190353	-0.3267855545894137	0.397338949341687
1,2,4,7	0.24340944770539197	0.09241649979698983	0.00854452946153697	-0.11991843201487784	0.6067373274256618
1,2,4,8	0.050295610669681384	0.09276024500970301	0.5877676453935521	-0.3143836751260557	0.4149748964654184
1,2,4,9	0.22662977287886604	0.0920607872601733	0.013957543396645584	-0.13529965221397933	0.5885591979717114
1,2,4,10	0.0649831467359025	0.09146498886107647	0.4775420420266686	-0.29460394587778493	0.42457023934958993
1,2,4,11	-0.08024928085997704	0.09126790162359012	0.3794190232076583	-0.43906154118426655	0.2785629794643125
1,2,5,6	0.19109348751173594	0.09221017476107511	0.03843087297137757	-0.1714232422732217	0.5536102172966936
1,2,5,7	-0.12464931848742697	0.09260321268352124	0.17852207303385584	-0.48871124458825577	0.2394126076134018
1,2,5,8	0.057751448985013616	0.09301116751031975	0.5347701996139601	-0.3079143180161733	0.4234172159862005
1,2,5,9	0.0427154765692295	0.09213757998634112	0.643009330555589	-0.31951585282033546	0.4049468059587944
1,2,5,10	0.16191877374140584	0.09132669075671077	0.07647273882940295	-0.19712461123199115	0.5209621587148028
1,2,5,11	0.052425127598556776	0.09116446795968519	0.5653511254600416	-0.3059804917700503	0.4108307469671639
1,2,6,7	0.6716049806937103	0.0966822415611596	5.9427982669172255e-12	0.2915066875297961	1.0517032738576246
1,2,6,8	-0.496330287419349	0.0975784731193187	4.191217284780637e-07	-0.8799520413557405	-0.11270853348295751
1,2,6,9	0.6729604315573464	0.09517753078112524	2.5305248756564643e-12	0.29877778525847304	1.0471430778562199
1,2,6,10	0.4398630519857325	0.09229039821331068	2.093254626816288e-06	0.07703093028625074	0.8026951736852143
1,2,6,11	0.20961083707339861	0.09208043306012817	0.02298730196190534	-0.15239582386865863	0.5716174980154558
1,2,7,8	-0.8978132504437336	0.09525795975526936	1.9394244369870014e-20	-1.272312096649637	-0.5233144042378302
1,2,7,9	-1.5446590719945172	0.09668250619923771	1.5686599136926947e-52	-1.9247584055613036	-1.1645597384277309
1,2,7,10	0.39480318581109675	0.09262622367812265	2.171466102237875e-05	0.030650793874652582	0.758955577747541
1,2,7,11	-0.38101969614717907	0.09233585309125696	3.922007607008945e-05	-0.7440305199665576	-0.018008872327800518
1,2,8,9	-0.41401813492152795	0.09745042713392356	2.307894457541588e-05	-0.797136486581459	-0.030899783261596925
1,2,8,10	-0.23616807693376057	0.09301353004189991	0.011232256462881883	-0.601843132033844	0.1295069781663229
1,2,8,11	0.012751180893181169	0.09254089031587916	0.8904283017391582	-0.3510657299371679	0.37656809172353023
1,2,9,10	-0.2997528047382282	0.09211382966892147	0.0011670130510812826	-0.6618907617052309	0.0623851522287745
1,2,9,11	-0.21535829954185853	0.09185975740071324	0.01920865069348766	-0.576497392250784	0.14578079316706694
1,2,10,11	0.23275066667409688	0.09151681561836565	0.011099335837127126	-0.12704017857986605	0.5925415119280598
1,3,4,5	0.058282407059036784	0.09077694362244128	0.5209623315361552	-0.2985996922011468	0.4151645063192203
1,3,4,6	0.0905475640340058	0.0917313499957067	0.3237825792052432	-0.2700867055069368	0.45118183357494834
1,3,4,7	0.029414729867934003	0.09194956435270957	0.7490958156304064	-0.3320774314978292	0.39090689123369715
1,3,4,8	-0.06229623419497517	0.09222710412609009	0.4995020175566087	-0.4248795203882518	0.30028705199830147
1,3,4,9	0.0017438610674015767	0.0917149075959723	0.9848329541636162	-0.358825766529233	0.3623134886640362
1,3,4,10	0.004139384364009485	0.09110778220689164	0.9637685256121999	-0.35404337962251675	0.3623221483505358
1,3,4,11	0.04533947963048046	0.09088838990533034	0.6179722770619054	-0.3119807615389264	0.4026597207998873
1,3,5,6	0.03166032060856694	0.09160330819434157	0.729681945559831	-0.3284705631050856	0.3917912043222195
1,3,5,7	0.054938316336075405	0.09180328734816869	0.5496554785324951	-0.3059787689985849	0.41585540167073576
1,3,5,8	-0.07413273259317783	0.09199211882242349	0.4204734865451767	-0.43579219336205344	0.2875267281756978
1,3,5,9	-0.019410298557332686	0.09158026790032754	0.8321809714494133	-0.37945060124713514	0.3406300041324698
1,3,5,10	-0.05828969148849392	0.09081589427445576	0.5210890096789207	-0.4153249220384496	0.29874553906146184
1,3,5,11	0.053272559294240636	0.09065650232401319	0.556883733193339	-0.30313603489179747	0.4096811534802787
1,3,6,7	0.14209335000322476	0.09580106562399968	0.13826409829648256	-0.23454067232580483	0.5187273723322543
1,3,6,8	-0.09789712277188284	0.09650542342402316	0.31057364241232666	-0.47730026994992886	0.2815060244061632
1,3,6,9	-0.04724517410695478	0.09440518722801143	0.6168435545689892	-0.4183914151515188	0.3239010669376092
1,3,6,10	0.13936227541915944	0.09179331291708277	0.12920634707368456	-0.22151559625878567	0.5002401470971045
1,3,6,11	-0.008998146056570067	0.0916733676408863	0.9218250444137539	-0.36940446273104005	0.3514081706178999
1,3,7,8	-0.005151028567505961	0.09439448552974045	0.9564902179619796	-0.37625519676413977	0.3659531396291278
1,3,7,9	0.04949997924185451	0.09575002549914317	0.60526576822675	-0.3269333830277105	0.42593334151141954
1,3,7,10	-0.12729541469997369	0.0919546002023751	0.1664990422398138	-0.48880737409515357	0.2342165446952062
1,3,7,11	-0.009695140019247317	0.09177615590813995	0.9158853436076312	-0.37050556032546517	0.35111528028697053
1,3,8,9	-0.0615019142301243	0.09646450912353739	0.5238741534388478	-0.4407442101956878	0.3177403817354392
1,3,8,10	0.06590086159738015	0.09226429708687225	0.4751955460387518	-0.29682864566693024	0.4286303688616905
1,3,8,11	-0.03327782358974325	0.09195817991120141	0.7175014575133318	-0.39480385631620846	0.328248209136722
1,3,9,10	-0.05976807332237402	0.09171917288867408	0.5147490704829663	-0.4203544695670004	0.3008183229222523
1,3,9,11	0.056378376566684436	0.09151993127601295	0.5379889105718254	-0.3034247176394614	0.41618147077283024
1,3,10,11	0.03636087929122087	0.09096890127528823	0.6894392439634722	-0.3212758857175916	0.39399764430003337
1,4,5,6	-0.019686124943500832	0.09185121902717959	0.8303268068543473	-0.3807916497380489	0.3414193998510473
1,4,5,7	-0.0736593522817083	0.09202939999386678	0.42363377035736505	-0.4354653809145881	0.2881466763511714
1,4,5,8	0.04240998085989693	0.09242939362294465	0.646429470658743	-0.3209685898782748	0.4057885515980687
1,4,5,9	-0.06798857873463877	0.091807045386225	0.4590963980900281	-0.4289204384873079	0.29294328101803035
1,4,5,10	0.015102527046216105	0.09101258853344496	0.8682312549912113	-0.3427059908304473	0.3729110449228795
1,4,5,11	-0.017768619496422826	0.09088284808099843	0.8450237596467751	-0.3750670734385627	0.33952983444571705
1,4,6,7	0.1549410838081004	0.09604037787034313	0.10692777627243247	-0.22263377496513626	0.532515942581337
1,4,6,8	-0.06354829578625482	0.09680903297002635	0.5116658645184968	-0.4441450589620338	0.3170484673895242
1,4,6,9	0.12896990395901034	0.09483536621331091	0.1740900697756714	-0.2438675504400132	0.5018073583580339
1,4,6,10	0.017256185295798254	0.09210278354188021	0.8514097122605634	-0.34483834472984837	0.3793507153214449
1,4,6,11	0.191518180872516	0.09193026339145068	0.03742206558304491	-0.16989810034905045	0.5529344620940824
1,4,7,8	-0.02671445885526473	0.09495839754667332	0.778504284459165	-0.4000356008380846	0.3466066831275551
1,4,7,9	0.25120275279365134	0.09594429992376323	0.008943438531915296	-0.12599438342251557	0.6283998890098182
1,4,7,10	0.08739244116037037	0.09227414594519799	0.3437688062841666	-0.2753757860816606	0.4501606684024013
1,4,7,11	0.049252289530434715	0.09203584647057507	0.5926443031788249	-0.3125790828962398	0.4110836619571092
1,4,8,9	-0.0026416944978964185	0.09681921468241152	0.9782368202529124	-0.3832784862397967	0.3779950972440039
1,4,8,10	-0.1311720862763788	0.09264446247706934	0.15705820174270368	-0.4953961825531139	0.23305201000035633
1,4,8,11	-0.03821164136306564	0.09243223772985111	0.6793815992157076	-0.40160139347398244	0.32517811074785113
1,4,9,10	-0.03400776268486591	0.09199417246821347	0.7116872937595452	-0.3956752971935197	0.3276597718237879
1,4,9,11	0.07344102908717412	0.09176070218143437	0.4236543426273559	-0.2873086361615589	0.4341906943359072
1,4,10,11	0.04676567450369978	0.09133472491510332	0.6087217488198857	-0.31230929610365343	0.405840645111053
1,5,6,7	0.07068053043209961	0.09583009714000985	0.4609165196015754	-0.3060676269180595	0.4474286877822587
1,5,6,8	-0.10293635550024358	0.09664813591617061	0.28704827629305957	-0.48290056512163504	0.27702785412114783
1,5,6,9	-0.22857985648208165	0.09472896889597894	0.015962140377667435	-0.6009990185653492	0.14383930560118588
1,5,6,10	-0.09491287918618252	0.09189416761617802	0.3018692651540934	-0.4561872528314451	0.2663614944590801
1,5,6,11	0.09323748562630346	0.0916461562135407	0.30917263100599374	-0.2670618515561564	0.45353682280876334
1,5,7,8	0.1130967957408398	0.09454840379737171	0.2318483216818758	-0.2586124894852371	0.4848060809669167
1,5,7,9	0.10623820883786372	0.09580172113099397	0.267665058716154	-0.2703983905630838	0.48287480823881124
1,5,7,10	-0.006752382246504568	0.09203877651340378	0.9415274991246854	-0.3685952738959454	0.3550905094029363
1,5,7,11	0.004022879923187117	0.09177418346764715	0.9650431245080382	-0.35677978589520987	0.3648255457415841
1,5,8,9	-0.057082326955313345	0.09670920460894855	0.5551291896853068	-0.4372866231274077	0.323121969216781
1,5,8,10	0.05666757894455082	0.0923177196099994	0.5394353593594003	-0.30627195458238293	0.4196071124714846
1,5,8,11	0.01761335801931241	0.09192812032514222	0.8480865259003844	-0.34379449791305067	0.3790212139516755
1,5,9,10	-0.14467024728440703	0.0918603599478711	0.11552823482586386	-0.5058117088580025	0.21647121428918847
1,5,9,11	0.030314596054496157	0.09153210325022827	0.7405545338173526	-0.3295363512687162	0.39016554337770853
1,5,10,11	0.002472139293344	0.09086529882961909	0.9782991622468711	-0.35475732120814035	0.35970159979482835
1,6,7,8	-0.33314775703298094	0.10451869301406716	0.0014700699905886721	-0.744054415555572	0.07775890148961001
1,6,7,9	0.014366329643217005	0.0999553366076931	0.8857382862634845	-0.37859986790998107	0.40733252719641505
1,6,7,10	-0.21188873875466696	0.09647301843089802	0.028245562976604625	-0.5911644883633356	0.1673870108540016
1,6,7,11	-0.1576237088146381	0.09525537525326856	0.09822063980551991	-0.5321123942631645	0.21686497663388826
1,6,8,9	0.5852474309934995	0.10066726238757409	7.708230759406293e-09	0.18948235569995675	0.9810125062870423
1,6,8,10	0.49081969377320506	0.09735125388002738	5.275922085285111e-07	0.10809123361687145	0.8735481539295387
1,6,8,11	-0.07041832345750815	0.09587425237956065	0.46278694435696166	-0.44734007350593835	0.30650342659092206
1,6,9,10	-0.7389785928702923	0.09510631365957045	1.6011023764664324e-14	-1.1128812549041143	-0.3650759308364704
1,6,9,11	-0.3148132380976297	0.09422594487306354	0.0008586995638619095	-0.6852548025430762	0.05562832634781684
1,6,10,11	-0.0661648038117366	0.09195878512298969	0.4719611779570718	-0.42769321587864756	0.2953636082551743
1,7,8,9	-0.09038255592899302	0.10478669079190243	0.38855282212067377	-0.5023428257071988	0.32157771384921274
1,7,8,10	0.1387662320428925	0.09515240931883631	0.14498734083491008	-0.2353176512899633	0.5128501153757483
1,7,8,11	0.1010128287003495	0.09420414933655988	0.2837982979411578	-0.26934304838317963	0.4713687057838786
1,7,9,10	-0.07757327498952976	0.0964046966967567	0.4211637096947882	-0.4565804233109942	0.30143387333193467
1,7,9,11	-0.04456093222603741	0.0951518181680668	0.6396397657120039	-0.4186424914981881	0.3295206270461133
1,7,10,11	-0.23425776484388725	0.09207064801087587	0.011065548740655594	-0.5962259566683561	0.12771042698058163
1,8,9,10	0.3112327614258878	0.09726734556271198	0.0014091420567108805	-0.071165820071461	0.6936313429232366
1,8,9,11	-0.08448504485194763	0.09588629843236066	0.37843121090994636	-0.46145415296774067	0.2924840632638454
1,8,10,11	0.1284082256378653	0.09243534632020538	0.16502328687645995	-0.23499374764075226	0.49181019891648287
1,9,10,11	-0.3379918637392647	0.09178948607073296	0.00024081250280927856	-0.6988546904850457	0.02287096300651631
2,3,4,5	-0.020209320721917973	0.09093533713837773	0.824163782514203	-0.37771413108274965	0.33729548963891365
2,3,4,6	-0.005507623902013065	0.09185915529937738	0.9521990287895201	-0.36664434949898106	0.355629101694955
2,3,4,7	-0.028589193231289958	0.09214434899871662	0.7564097326656591	-0.3908471344371387	0.3336687479745588
2,3,4,8	-0.06700045854485773	0.09235348314721804	0.4682911950711428	-0.4300805934814692	0.2960796763917538
2,3,4,9	-0.03228035875505754	0.09182643674689149	0.7252436333525527	-0.3932884540497708	0.32872773653965576
2,3,4,10	0.0184187919265692	0.09108500478599012	0.8397804577638764	-0.3396744245001617	0.3765120083533001
2,3,4,11	-0.06214189188551614	0.09085758476188475	0.4941316024557958	-0.4193410251631813	0.29505724139214895
2,3,5,6	0.08506167270217185	0.0918579616935079	0.3546137451934107	-0.2760703603313391	0.4461937057356828
2,3,5,7	0.014336893508418408	0.09212079945505598	0.8763480733017586	-0.34782846460041417	0.3765022516172509
2,3,5,8	-0.01492350963119795	0.09238511646365513	0.8716968594186931	-0.37812800835365784	0.348280989091262
2,3,5,9	0.07487346610309717	0.09176151464872764	0.414676444081469	-0.28587939329407963	0.435626325500274
2,3,5,10	0.020577824194035872	0.09100817045817709	0.8211522503070969	-0.3372133243825237	0.37836897277059545
2,3,5,11	-0.01655250782503105	0.09083380434414139	0.8554322633420368	-0.37365815034318306	0.340553134693121
2,3,6,7	0.1259842185888494	0.09590873426499004	0.18922149166893298	-0.2510730941604983	0.5030415313381971
2,3,6,8	0.0017836798202308518	0.09673462227781564	0.985291595368228	-0.3785205438297186	0.38208790347018035
2,3,6,9	-0.056932706490940205	0.09467046458841943	0.5476949328237335	-0.4291218636934041	0.31525645071152364
2,3,6,10	-0.04510371099012053	0.09200331087211029	0.6240480374353334	-0.40680717238325015	0.31659975040300903
2,3,6,11	0.07339888435389649	0.09166051571650426	0.42341408954737114	-0.2869569060352639	0.43375467474305696
2,3,7,8	0.023076689249179827	0.09455117079410423	0.8072191193366665	-0.3486434741973255	0.39479685269568515
2,3,7,9	0.05844694849441785	0.09584833250291959	0.5421119643547314	-0.3183728996875351	0.4352667966763708
2,3,7,10	-0.014486239766158142	0.09205410655309672	0.8749807709877714	-0.3763894002077508	0.3474169206754345
2,3,7,11	0.04435996330671163	0.09184007455948442	0.6291690034546293	-0.3167017479282752	0.40542167454169853
2,3,8,9	0.06770835820378228	0.09662874684860154	0.4836137607090001	-0.3121796248906892	0.44759634129825376
2,3,8,10	-0.05595257758033595	0.09230991815100008	0.544530387891423	-0.41886144031186867	0.3069562851511968
2,3,8,11	0.0024257227844029505	0.0920203275864575	0.9789737271293086	-0.3593446384237722	0.3641960839925781
2,3,9,10	0.03781599282954971	0.09191551439637202	0.6808325743115037	-0.32354230392905065	0.3991742895881501
2,3,9,11	0.11720937451285626	0.09151706688275356	0.20051775921599163	-0.2425824585664139	0.4770012075921264
2,3,10,11	-0.010524206812928372	0.09095239535285286	0.9078996141655894	-0.36809608014315054	0.3470476665172938
2,4,5,6	0.04842907636543086	0.09204894494950489	0.5988938214533144	-0.31345379165551074	0.4103119443863725
2,4,5,7	0.03759686227234897	0.09240532088619739	0.684172214540631	-0.3256870684781511	0.40088079302284907
2,4,5,8	-0.1011011792048732	0.09263362460720687	0.2752983106666734	-0.46528266728624856	0.26308030887650213
2,4,5,9	-0.04674417819430473	0.09197244542236857	0.6113718360085431	-0.40832629460644165	0.31483793821783224
2,4,5,10	-0.03225935002882285	0.09111615390681417	0.7233623904462925	-0.3904750266661116	0.3259563266084659
2,4,5,11	0.019543426638116784	0.09104465929187353	0.8300684868693518	-0.3383911747916618	0.3774780280678953
2,4,6,7	-0.24935798814879562	0.09646026360831399	0.009845280634759148	-0.6285835932198995	0.1298676169223083
2,4,6,8	0.08544903913180929	0.09725417074371258	0.37977459103642874	-0.2968977466465579	0.46779582491017646
2,4,6,9	-0.012248319937204745	0.09491169162871319	0.8973386417008093	-0.38538584143904864	0.3608892015646391
2,4,6,10	0.040742575454839176	0.09213098438017435	0.6584014910858045	-0.32146282385071145	0.4029479747603898
2,4,6,11	-0.10175007548970105	0.0920669528086893	0.2692915465345524	-0.463703739930223	0.2602035889508209
2,4,7,8	-0.12406201622140499	0.09484835195070117	0.19110682814636246	-0.49695052298059117	0.24882649053778116
2,4,7,9	-0.2190516259367033	0.09634861891257294	0.0231592156008526	-0.59783830905475	0.1597350571813434
2,4,7,10	0.26804094580970456	0.0923747272351192	0.0037753172189846176	-0.09512270851392851	0.6312046001333376
2,4,7,11	-0.19409143747617766	0.09215942563710787	0.035395184610414084	-0.55640865124777	0.1682257762954146
2,4,8,9	0.1861862418167416	0.09712789756563918	0.05547074395173126	-0.19566411133156786	0.568036594965051
2,4,8,10	-0.10710189705918616	0.09270393573366711	0.24817861931531962	-0.4715598075602989	0.2573560134419266
2,4,8,11	0.013839204058347043	0.09233520404905939	0.8808828721821028	-0.34916906810493104	0.3768474762216251
2,4,9,10	-0.023017482643935386	0.09201926566682611	0.8025210424134409	-0.3847836690022844	0.3387487037144136
2,4,9,11	-0.1146919671800274	0.09186013082925744	0.21205801850272651	-0.47583252799260845	0.24644859363255367
2,4,10,11	-0.05159072490949529	0.09127989367653602	0.5720417816821839	-0.41045013100515576	0.3072686811861652
2,5,6,7	-0.024559375269922135	0.09657712522280927	0.7993061460897128	-0.40424441218175283	0.35512566164190856
2,5,6,8	-0.08297040315147333	0.09743240941730949	0.3946127304920881	-0.46601791963814887	0.30007711333520215
2,5,6,9	0.05494114714164233	0.09524212087799121	0.5641370458790222	-0.31949542981892876	0.4293777241022134
2,5,6,10	0.12233052248211249	0.09215030636933512	0.1845764940647591	-0.2399508396371043	0.4846118846013293
2,5,6,11	0.09741625794023957	0.09187994625646966	0.28922820154655643	-0.2638022055971859	0.45863472147766504
2,5,7,8	0.14016429181125717	0.09500350722233059	0.1403619456300838	-0.23333419515700826	0.5136627787795226
2,5,7,9	0.035834960852369924	0.09650648310209983	0.7104593150619058	-0.3435723523630139	0.41524227406775377
2,5,7,10	-0.016292732441221466	0.09254698319995061	0.8602839006260382	-0.3801335969449506	0.3475481320625076
2,5,7,11	0.05862765054042761	0.09224511631114404	0.5251744201608941	-0.3040264490792302	0.42128175016008546
2,5,8,9	-0.0022493381294963477	0.09732562596423718	0.9815649598930215	-0.38487704423946206	0.38037836798046937
2,5,8,10	-0.03896356832617473	0.09273470390448706	0.6744378709243537	-0.4035424413641877	0.3256153047118382
2,5,8,11	-0.11245601830014697	0.09240880050750346	0.22385115590113439	-0.47575362889606576	0.25084159229577185
2,5,9,10	0.06316259465705064	0.09208287804830317	0.49288019479764433	-0.29885367855523454	0.42517886786933584
2,5,9,11	0.09482844576721636	0.09175118730261758	0.30154688058977164	-0.26588381251680915	0.4555407040512418
2,5,10,11	0.04813004731823967	0.09105113320440417	0.5971714126710541	-0.30983000576701625	0.4060901004034956
2,6,7,8	-0.21352606583349176	0.10593412063711963	0.04404528112046883	-0.6299973618213712	0.20294523015438765
2,6,7,9	-0.7454832067863975	0.10052488167705506	2.190482672635282e-13	-1.1406885240088211	-0.3502778895639738
2,6,7,10	-0.40452443846841063	0.09711413190949787	3.315605315524033e-05	-0.7863206730700345	-0.022728203866786756
2,6,7,11	-0.0030068341077450905	0.0955162060564474	0.9748917836733202	-0.37852095443957556	0.37250728622408535
2,6,8,9	-0.13247202702491692	0.10153477493288145	0.19223086186188007	-0.531647656650312	0.2667036026004782
2,6,8,10	-0.21138733990503977	0.09800070674946369	0.03119149467786247	-0.5966690706845725	0.17389439087449293
2,6,8,11	-0.1320220771675346	0.09630005901095777	0.17063244822584156	-0.5106178510201145	0.2465736966850452
2,6,9,10	-0.14520353175759196	0.09543392650253411	0.12837926073346242	-0.5203941767799992	0.22998711326481527
2,6,9,11	0.3026501579894131	0.09447888111912199	0.0013917978225545006	-0.06878580453631877	0.6740861205151449
2,6,10,11	0.2804855636201483	0.09203153889249237	0.0023531646637864907	-0.08132887391703181	0.6423000011573284
2,7,8,9	-0.06765333080350544	0.10569961631625618	0.5222528486310325	-0.4832026923113762	0.3478960307043653
2,7,8,10	0.10615327773366182	0.09535562292162607	0.2658162514654001	-0.2687295231906859	0.48103607865800946
2,7,8,11	0.060206239129649466	0.09441964365202378	0.5238186626008763	-0.31099683615875934	0.43140931441805824
2,7,9,10	0.21049562587901083	0.09715112961271857	0.030443103154329125	-0.17144606215457842	0.5924373139126
2,7,9,11	0.049465327227629904	0.09543797978314851	0.6043398493823712	-0.3257412529346579	0.4246719073899177
2,7,10,11	-0.2031248971068008	0.09218156242893977	0.027734932720901013	-0.5655291398576096	0.15927934564400795
2,8,9,10	0.3031351982054641	0.09781260724736546	0.0019831215722763895	-0.08140703482827738	0.6876774312392055
2,8,9,11	-0.03572977046363876	0.09604423318781968	0.7099442273470269	-0.41331978610093634	0.34186024517365876
2,8,10,11	0.0332989515809588	0.09248862774816914	0.7188819036689622	-0.33031249325623396	0.39691039641815157
2,9,10,11	0.10350836293845186	0.09189014593825723	0.2601921784351009	-0.2577501998103249	0.46476692568722855
3,4,5,6	0.008616094080264647	0.0912450976624667	0.9247839360729092	-0.3501065143435267	0.367338702504056
3,4,5,7	-0.14116601134903728	0.09162092389637826	0.12362195746043572	-0.5013661497486477	0.21903412705057318
3,4,5,8	-0.015456101748692372	0.09186907712446922	0.8664206397580375	-0.3766318341862299	0.34571963068884515
3,4,5,9	0.03295631748786909	0.09128495775552266	0.7181389777535326	-0.32592299761846577	0.39183563259420395
3,4,5,10	0.0286025845325258	0.09075772404493583	0.7526967284214391	-0.3282039545370044	0.385409123602056
3,4,5,11	-0.031788819779255476	0.09065633654957331	0.7259071875740228	-0.3881967622366966	0.32461912267818566
3,4,6,7	0.006572648315593982	0.09509106279334743	0.9449052819376063	-0.36727005619007147	0.3804153528212594
3,4,6,8	-0.017968566068691016	0.09568527282927551	0.8510724425400448	-0.3941473585341526	0.3582102263967706
3,4,6,9	0.03453918376401838	0.09395247360296399	0.7132143958437853	-0.33482725084045883	0.4039056183684956
3,4,6,10	-0.019768561007826507	0.09161949324435749	0.8292029172685191	-0.3799630749165023	0.3404259529008493
3,4,6,11	0.05589520903570934	0.09135206495076587	0.5407351786876955	-0.30324793249788956	0.4150383505693082
3,4,7,8	-0.03285050781025195	0.09414237270234449	0.7271880108360498	-0.4029635151294529	0.337262499508949
3,4,7,9	0.055133511061058016	0.09526782352928816	0.5628791101770833	-0.3194041137623885	0.4296711358845045
3,4,7,10	0.054031457831732715	0.09191675699072673	0.556749870201366	-0.30733172408453147	0.41539463974799684
3,4,7,11	-0.028975679020679913	0.09168628646254423	0.7520307489120922	-0.38943278498160605	0.3314814269402462
3,4,8,9	-0.017969387890361038	0.09582454064637466	0.8512796372762594	-0.3946957003420919	0.35875692456136987
3,4,8,10	-0.06533693664083187	0.09222788603407395	0.4788076927084042	-0.42792329684113684	0.29724942355947315
3,4,8,11	-0.033309625769212835	0.09188856781910532	0.7170381047085528	-0.39456198427213873	0.3279427327337131
3,4,9,10	0.033339560832626264	0.09165902610365678	0.7161162578806166	-0.32701037326595117	0.39368949493120364
3,4,9,11	0.028870549200112	0.09140118875954709	0.7521555377416658	-0.33046571855366913	0.38820681695389314
3,4,10,11	0.0448519133436755	0.09085389666724739	0.6216234041303026	-0.31233272049278865	0.40203654718013965
3,5,6,7	0.052635334900261684	0.0953910294699549	0.5811920134705824	-0.3223866639612594	0.4276573337617828
3,5,6,8	-0.06808028766336888	0.09604421771094263	0.4785508827336533	-0.4456702424545952	0.30950966712785744
3,5,6,9	5.289865145630124e-05	0.09422189637850596	0.9995521341223707	-0.37037274947009896	0.37047854677301156
3,5,6,10	0.007642592861349568	0.09156571109702176	0.9334943292000142	-0.35234048095165915	0.36762566667435825
3,5,6,11	-0.005298513584897302	0.09129639100728222	0.9537286953454152	-0.36422277758162763	0.35362575041183303
3,5,7,8	-0.02316394605419455	0.09425912515470106	0.805917083223947	-0.3937359560521383	0.34740806394374923
3,5,7,9	0.08945176597029775	0.09554107678925129	0.34931337259140804	-0.28616013160516973	0.4650636635457652
3,5,7,10	0.02930335773005608	0.09174098527660891	0.7494646952756545	-0.33136879212650544	0.38997550758661764
3,5,7,11	0.004286728255577632	0.0916302420945089	0.9626935573982105	-0.3559500438747742	0.36452350038592946
3,5,8,9	-0.011882052365610865	0.09608896659975637	0.9016064461672109	-0.38964793373843515	0.36588382900721345
3,5,8,10	-0.029743276698968354	0.09194859640644847	0.746386694261572	-0.39123163266349364	0.3317450792655569
3,5,8,11	0.0328966404109578	0.09175094716640898	0.7199962779939749	-0.3278146737972835	0.3936079546191991
3,5,9,10	0.05967233234946323	0.09162428890209694	0.5149878332307378	-0.3005410352937964	0.41988569999272285
3,5,9,11	0.015225229915265065	0.09132245465619222	0.8676171285262739	-0.3438015011768113	0.3742519610073415
3,5,10,11	0.07555152042706123	0.09071926030276921	0.4051096576409057	-0.2811038015987787	0.4322068424529011
3,6,7,8	-0.06893829995708033	0.10438428734985303	0.5090980766572463	-0.47931655364819004	0.34143995373402936
3,6,7,9	-0.16762307849306385	0.09999635260689436	0.09392522481779592	-0.5607505270788928	0.2255043700927652
3,6,7,10	0.036881984207997834	0.09594537932526492	0.700741370369184	-0.3403193955865327	0.4140833640025283
3,6,7,11	-0.061590452740942825	0.09493457075551709	0.5166051210765528	-0.43481792165098515	0.3116370161690995
3,6,8,9	0.15504644349013938	0.10052647574791505	0.1232371070925911	-0.24016514069096537	0.5502580276712441
3,6,8,10	0.008121177997505058	0.09669216010664512	0.9330774873579355	-0.3720161091134758	0.38825846510848594
3,6,8,11	0.1392702200372975	0.09545590353843844	0.1448102878797919	-0.2360068258970161	0.514547265971611
3,6,9,10	-0.08194584622423702	0.09448097784850533	0.3859257603408903	-0.4533900518693563	0.2894983594208823
3,6,9,11	-0.1802141313723804	0.0937647278523228	0.054829785855225105	-0.5488424589758697	0.1884141962311089
3,6,10,11	-0.0493980409324668	0.09148092580545474	0.5893034681433871	-0.4090477883342375	0.3102517064693039
3,7,8,9	-0.17509435284345887	0.10449375204360578	0.09405213003320921	-0.5859029579888303	0.23571425230191256
3,7,8,10	-0.026666096704591483	0.09446019993452927	0.7777592679828425	-0.39802861568719367	0.34469642227801073
3,7,8,11	0.20945618425534515	0.09403851443755334	0.02609758471759735	-0.16024851282465732	0.5791608813353476
3,7,9,10	-0.05509087096193756	0.09604558656073317	0.5663454584368749	-0.4326862072737056	0.3225044653498305
3,7,9,11	-0.11811937083203136	0.0950392844431112	0.21415152262995252	-0.4917585130057748	0.2555197713417121
3,7,10,11	0.05344174288837911	0.09176215033728993	0.560403765878154	-0.30731361566617765	0.41419710144293587
3,8,9,10	0.07710923998542701	0.09670311031435556	0.425377575625817	-0.3030710969679377	0.45728957693879174
3,8,9,11	0.041976531656457206	0.09545037638444284	0.6601755123683544	-0.3332787847258119	0.4172318480387263
3,8,10,11	-0.026421486371073943	0.09203719178167824	0.7741021104458661	-0.38825814777787376	0.3354151750357259
3,9,10,11	-0.015466270016877726	0.09152813946003321	0.8658404031422224	-0.37530163402444416	0.3443690939906887
4,5,6,7	-0.127322631141701	0.09516702729633436	0.18117124794586073	-0.5014639838526639	0.24681872156926188
4,5,6,8	0.1309021166327337	0.09580577128069324	0.1720759813644404	-0.24575040559915867	0.5075546388646262
4,5,6,9	-0.014412691295524055	0.09438712447571637	0.8786607868874279	-0.385487920112751	0.35666253752170296
4,5,6,10	0.020161486789706994	0.09163770425374444	0.8258961081038105	-0.3401046222068878	0.38042759578630175
4,5,6,11	-0.026889627707541094	0.09137402394993598	0.7685910002634573	-0.386119099243107	0.3323398438280248
4,5,7,8	-0.002598204735414285	0.09445947894117313	0.9780604225191364	-0.37395788919184464	0.3687614797210161
4,5,7,9	-0.08614106599020215	0.09526613667906601	0.36605157498922125	-0.4606720591005242	0.2883899271201199
4,5,7,10	-0.13476504493946606	0.09189193437519758	0.14274138720247082	-0.4960306387812075	0.2265005489022754
4,5,7,11	0.033240983609466146	0.09172421672792974	0.7171119264755754	-0.3273652420749944	0.3938472092939267
4,5,8,9	0.1483228565711907	0.09581947164545472	0.1218837774493985	-0.22838352751968916	0.5250292406620706
4,5,8,10	0.03459348495244955	0.09211623611583322	0.7073198870382695	-0.32755393276296957	0.3967409026678687
4,5,8,11	-0.08060638829524033	0.09198424488680552	0.38102787445539477	-0.4422348933328406	0.2810221167423599
4,5,9,10	0.03560931194387483	0.09172036630062526	0.6979046325872857	-0.3249817761018347	0.3962003999895844
4,5,9,11	0.029154078934489347	0.09136011584455593	0.7496939041141566	-0.3300207140269068	0.3883288718958855
4,5,10,11	-0.022948369130297047	0.0908398414682742	0.800598960314115	-0.38007774610620937	0.3341810078456152
4,6,7,8	-0.013051125373217246	0.10399012259396528	0.9001446549078665	-0.4218797526953155	0.39577750194888106
4,6,7,9	-0.05741451380307853	0.09944730185037991	0.5638139865055312	-0.4483834144276516	0.3335543868214945
4,6,7,10	-0.03328395108821168	0.09621834850271557	0.7294589031732104	-0.4115584867876942	0.3449905846112708
4,6,7,11	0.05917199527806086	0.0950496980725835	0.5336994202483526	-0.31450808722478696	0.4328520777809086
4,6,8,9	-0.20084159278922217	0.10032620373989641	0.045507727902150234	-0.5952658240171144	0.19358263843867
4,6,8,10	0.004016822672649897	0.09689481521031097	0.9669392361853573	-0.37691718633638105	0.38495083168168087
4,6,8,11	-0.044398593356673066	0.09554735651616308	0.6422423029506497	-0.4200351791628038	0.3312379924494577
4,6,9,10	-0.09880603445181455	0.09466357776709058	0.29679362825071565	-0.47096811668176897	0.2733560477781398
4,6,9,11	-0.011145968041580134	0.09381282033251075	0.9054439638643124	-0.37996336728157976	0.3576714311984195
4,6,10,11	-0.037565637078357944	0.09165874108782265	0.6819901514029308	-0.39791445066058895	0.3227831765038731
4,7,8,9	-0.1494329741002562	0.10409747427650726	0.15138610887172899	-0.5586836457465613	0.2598176975460489
4,7,8,10	0.12537816021686105	0.09478241343299036	0.18613822683617537	-0.24725111467480804	0.4980074351085301
4,7,8,11	-0.0890693976503601	0.09407124457345174	0.3439045457806986	-0.45890277057185236	0.28076397527113217
4,7,9,10	-0.028449777717365107	0.09629482559865186	0.7677022517724625	-0.4070249768392314	0.35012542140450115
4,7,9,11	-0.023489309277607173	0.0950288996989904	0.8048080261113725	-0.39708762468263353	0.3501090061274192
4,7,10,11	-0.0009083552108277715	0.09197882899819798	0.9921219994067821	-0.36251556812711955	0.360698857705464
4,8,9,10	0.024720884545768623	0.0969650940948065	0.798805589567867	-0.3564894201263632	0.4059311892179004
4,8,9,11	0.005563808392466285	0.09559207791117753	0.9535954935236857	-0.37024859590564835	0.3813762126905809
4,8,10,11	0.03041141734119135	0.0922731024545226	0.7417708656469078	-0.3323527075029406	0.3931755421853233
4,9,10,11	-0.03527822804821268	0.09164806463632623	0.7003521081510502	-0.39558506803813437	0.325028611941709
5,6,7,8	0.0832415189260628	0.10434518277380803	0.42516271776421466	-0.32698299833558897	0.49346603618771456
5,6,7,9	0.020053252125891263	0.09985018412878653	0.8408607506459695	-0.3724995470915943	0.4126060513433768
5,6,7,10	-0.019275793782024042	0.09593530599718839	0.8407892023012954	-0.3964375711144421	0.357885983550394
5,6,7,11	-0.040333309637525405	0.09494936570775497	0.6710629379984758	-0.4136189436873313	0.3329523244122805
5,6,8,9	0.03212787921791954	0.1007349880057084	0.7498280969040441	-0.3639034537816988	0.4281592122175379
5,6,8,10	-0.05579471349061696	0.09669290837634803	0.5640206256057216	-0.435934942362487	0.3243455153812531
5,6,8,11	-0.009240720895290419	0.09555191210036178	0.9229727062415012	-0.38489521660659437	0.3664137748160135
5,6,9,10	-0.05374786995967423	0.09450991585308596	0.569658929599717	-0.42530584299341695	0.3178101030740685
5,6,9,11	-0.01491815958630259	0.09398437200510547	0.8739064710342316	-0.38441000013930615	0.35457368096670094
5,6,10,11	0.07775616740381397	0.09154688666636711	0.395840413448298	-0.2821528997059359	0.4376652345135638
5,7,8,9	0.04333375040373588	0.1044937826367587	0.6784297715073413	-0.36747497501610393	0.4541424758235757
5,7,8,10	-0.0039124680723616745	0.0945621885855255	0.9670037535235434	-0.37567594706106006	0.3678510109163367
5,7,8,11	0.01727435649487709	0.09409035138491582	0.8543616108518537	-0.35263413328683724	0.3871828462765914
5,7,9,10	-0.07983026230086912	0.09607500542434809	0.40617602816629184	-0.45754125645906585	0.29788073185732755
5,7,9,11	-0.10675324897825511	0.09500024043040083	0.26134441344908227	-0.48023889282231724	0.266732394865807
5,7,10,11	0.054438862639922966	0.09173698723735632	0.5530027633956721	-0.30621756925363547	0.41509529453348143
5,8,9,10	0.05706217044901957	0.0968305581541713	0.5557645722927994	-0.3236192172205798	0.4377435581186189
5,8,9,11	-0.007705320516960906	0.09556916752683793	0.9357523184182699	-0.38342765452044236	0.3680170134865205
5,8,10,11	-0.07484978491837363	0.09201142356940176	0.4160921318859997	-0.4365851407146909	0.28688557087794364
5,9,10,11	0.0678444096521843	0.09157980326372972	0.4589367427924266	-0.29219406635698975	0.42788288566135835
6,7,8,9	0.7491341644374475	0.10656088228959074	3.3482763092743755e-12	0.33019880648246774	1.1680695223924273
6,7,8,10	0.14162198761447942	0.10554281675167416	0.1798845884305018	-0.2733109292815981	0.5565549045105569
6,7,8,11	-0.10080369169793552	0.10173904793849863	0.3219674200315131	-0.5007824038700405	0.29917502047416944
6,7,9,10	0.49304436019057235	0.10086701566696317	1.1472818969987054e-06	0.09649397128282616	0.8895947490983185
6,7,9,11	0.45637179060527244	0.09828454522038162	3.7805880370484134e-06	0.06997417218610624	0.8427694090244386
6,7,10,11	0.23607604201716403	0.09528950036963217	0.013360375420130622	-0.13854680352399545	0.6106988875583235
6,8,9,10	-0.1657802138011333	0.10177154664865133	0.10357080864226689	-0.5658866919834136	0.23432626438114693
6,8,9,11	0.02689141437118893	0.09894552096945029	0.7858350070721576	-0.3621047759261936	0.41588760466857144
6,8,10,11	-0.16820545185888292	0.0960288429868171	0.08007971073074754	-0.5457349621847802	0.20932405846701435
6,9,10,11	0.07214517201647569	0.09410229582828833	0.44342060274486317	-0.2978102763634814	0.4421006203964328
7,8,9,10	-0.4153919761316552	0.1058913450943021	9.216776184587436e-05	-0.8316951035856699	0.0009111513223594714
7,8,9,11	-0.11411220392632179	0.10181476919757736	0.262590719308688	-0.5143886080102743	0.28616420015763067
7,8,10,11	-0.013391039394062998	0.09417133697916755	0.8869454561446224	-0.38361791738905093	0.35683583860092494
7,9,10,11	0.09214197332539477	0.0954221591284035	0.3344145183634277	-0.2830024092319533	0.4672863558827428
8,9,10,11	-0.06507377502908593	0.09610118395259214	0.4984406820704921	-0.4428876879212965	0.3127401378631247
