Nonlinear function type: 	logistic
A	2.934435746776397
B	6.560858967018218
mu	8.131996673319021
sigma	0.3432722009391464
Nonlinear function performance: 	0.8879175401972731
Params: 	232
Performance: 	0.9482493895862608
Term	Coefficient	Standard Error	p-value	95% CI lower	95% CI upper
Intercept	7.364998997737997
1	0.604753880470709	0.06656847359860156	2.8844019534038663e-19	0.3578964003165458	0.8516113606248722
2	0.5631753307626977	0.06827578850233951	3.2312138152071434e-16	0.30998657347113506	0.8163640880542602
3	0.02152096144775864	0.0668299548449508	0.7474739120156498	-0.22630617593439756	0.26934809882991484
4	0.05005710635188132	0.06664675009453994	0.4527107017321522	-0.197090648424758	0.2972048611285206
5	-0.0164515122215442	0.0669239793643694	0.8058490523572661	-0.26462732300240777	0.23172429855931934
6	0.1100461900423898	0.06628837392941378	0.09708116488315433	-0.13577258973620762	0.35586496982098725
7	0.9618383705977378	0.07272064325638575	4.882943812579466e-38	0.6921666509529847	1.231510090242491
8	0.07035731658015776	0.06932906230168766	0.3103344887378529	-0.18673732140783328	0.3274519545681488
9	0.2622770113665467	0.06641477224275556	8.174494732520555e-05	0.01598950566649529	0.5085645170665981
10	0.1556336972700043	0.06695838025858414	0.020228055989656546	-0.09266968317862875	0.4039370777186374
11	0.026538688741987754	0.06685871990205801	0.6914652190829895	-0.22139511879692755	0.2744724962809031
1,2	0.6711697008116804	0.05603859787713427	9.251997373676768e-32	0.46336041338928685	0.8789789882340739
1,3	-0.038678396056362446	0.05580038814773047	0.4883086668223604	-0.2456043245797161	0.1682475324669912
1,4	0.16577151930025635	0.05578164338231689	0.0030033763378571315	-0.04108489755629868	0.3726279361568114
1,5	-0.04466026891099796	0.05575963719263388	0.4232798413507515	-0.25143507968228057	0.16211454186028468
1,6	0.0982678129797897	0.05555731729370865	0.0771173416014351	-0.10775673001856959	0.30429235597814897
1,7	0.22418346615511117	0.05768727741413969	0.00010584875237687222	0.01026034054347244	0.43810659176674993
1,8	-0.1803559622890782	0.057321138172876124	0.001682293138229022	-0.3929213248997371	0.03220940032158073
1,9	0.25823554129150134	0.055596903378637215	3.6734127135282937e-06	0.05206420025727962	0.464406882325723
1,10	0.12446385639537841	0.05588802639497434	0.02607989184579685	-0.08278706315916814	0.33171477594992493
1,11	0.20472276583100718	0.05583873375280473	0.00025383671688809437	-0.0023453606267725413	0.4117908922887869
2,3	0.01984736878536658	0.056048863526955914	0.7233028170457377	-0.18799998699446588	0.22769472456519904
2,4	0.17366243457639768	0.05612963806769018	0.0020081374557183404	-0.03448445938582584	0.3818093285386212
2,5	0.0035690508322181735	0.056050941571290154	0.9492365996531895	-0.2042860110096624	0.21142411267409875
2,6	0.30644081780101273	0.055933182102597165	4.945139812484907e-08	0.09902244624410295	0.5138591893579225
2,7	-0.12775697436489541	0.05792150032253823	0.027542599344444543	-0.3425486744508459	0.08703472572105508
2,8	-0.3578428695968814	0.05760674978861464	6.610759002633511e-10	-0.5714673726677694	-0.1442183665259934
2,9	0.03406209286955249	0.055969687926909144	0.5428856672096691	-0.17349165411829998	0.24161583985740492
2,10	0.06547756300821811	0.05616522698449423	0.2438622794698018	-0.1428013061946672	0.2737564322111034
2,11	0.1221900919434028	0.05612192635545841	0.029604617650310517	-0.08592820448989599	0.3303083883767016
3,4	0.04547879627152375	0.055976104621038726	0.4166399653251436	-0.1620987458983138	0.2530563384413613
3,5	0.04242236008135486	0.055969275238009805	0.4485840358871912	-0.16512985652227408	0.2499745766849838
3,6	-0.05996398680754793	0.05570737953260939	0.281900763572886	-0.2665450092346635	0.14661703561956768
3,7	0.11845341119512065	0.0579821655252778	0.041217653966066886	-0.09656325512892677	0.3334700775191681
3,8	0.03143152254864609	0.05760931429559577	0.5854158742420491	-0.1822024905454853	0.24506553564277747
3,9	-0.033324916213749986	0.05574622999329124	0.5500573337343442	-0.24005000874354782	0.17340017631604787
3,10	-0.057476782044508054	0.0559642611005793	0.30455804100959605	-0.26501040460107045	0.1500568405120543
3,11	0.052334806479766904	0.0559502498623219	0.34972839128787625	-0.15514685786319848	0.2598164708227323
4,5	0.08099533304402494	0.055853069671344034	0.14720615404952095	-0.12612595564709134	0.28811662173514124
4,6	-0.13611069180658464	0.05571862657966086	0.014676863430512535	-0.342733421930215	0.07051203831704572
4,7	0.12917040549039116	0.05789315696486567	0.025802310445908708	-0.08551618823700971	0.343856999217792
4,8	-0.05775750852677969	0.05741818186767553	0.314606034431635	-0.2706827406172089	0.15516772356364952
4,9	-0.05086245300954784	0.05575557914188942	0.361775406733167	-0.2576222152131383	0.1558973091940426
4,10	0.01595076165072848	0.056013727971198385	0.77585964643556	-0.19176630009817247	0.22366782339962943
4,11	0.0049419864490590215	0.05592969501645626	0.9296006941100795	-0.20246345386200285	0.2123474267601209
5,6	-0.0002509294262071915	0.05572167836191273	0.996407470080279	-0.2068849765477489	0.20638311769533452
5,7	0.04348290637302338	0.05792334544748472	0.45294148884492647	-0.17131563603437805	0.2582814487804248
5,8	-0.03931384437899108	0.057418206258807336	0.4936335342371665	-0.2522391669196441	0.17361147816166195
5,9	0.019405243818189477	0.05576327231151707	0.7278894883937448	-0.18738304715233844	0.2261935347887174
5,10	0.11801911411346933	0.055887676240510074	0.034860016148363024	-0.0892305069548113	0.3252687351817499
5,11	-0.037547718091178295	0.055908349544793526	0.5019358606796822	-0.24487400247357732	0.16977856629122073
6,7	-0.2526293626016496	0.058644946942332236	1.745939223791886e-05	-0.4701038372794475	-0.03515488792385166
6,8	0.08527709916176052	0.057591561070447085	0.13887097493975767	-0.1282910792183103	0.2988452775418313
6,9	-0.1378017403953597	0.05621443835259578	0.014334579997402688	-0.3462631013044202	0.07065962051370078
6,10	-0.05846931364325389	0.05582955757600197	0.29512226746136955	-0.26550341186273213	0.14856478457622435
6,11	-0.03650957208728356	0.05571597610148825	0.5123784804483767	-0.24312247337862253	0.1701033292040554
7,8	0.10249488980935297	0.059480973690093114	0.08504742984919544	-0.11807984307082121	0.32306962268952716
7,9	-0.3167893120245847	0.058656429027464235	7.599931428208101e-08	-0.5343063659962942	-0.09927225805287518
7,10	-0.40619347660736105	0.0580927957309454	3.913384277689737e-12	-0.6216203955979291	-0.19076655761679293
7,11	0.017550347059694882	0.05783972222989949	0.7615997956588099	-0.1969380933480731	0.23203878746746287
8,9	-0.21075654586657766	0.057629167569418396	0.00026304940205449534	-0.4244641813360427	0.002951089602887369
8,10	-0.11655584345230224	0.05754514442916652	0.04297954745440888	-0.3299518938792397	0.09684020697463519
8,11	0.0550812898700635	0.0573943886297347	0.3373473239938025	-0.15775570918083115	0.26791828892095815
9,10	0.4537760453978559	0.055864124895628905	8.810673521728412e-16	0.24661376035122815	0.6609383304444836
9,11	-0.039068194587585536	0.05575485406601565	0.48358015301089785	-0.24582526797478219	0.1676888787996111
10,11	-0.04104159953273426	0.05596605260254005	0.46346088690905507	-0.24858186555933304	0.16649866649386452
1,2,3	0.020146318059133386	0.0350003870545288	0.5649619933044463	-0.10964646350290144	0.14993909962116822
1,2,4	-0.07119648019342359	0.03501495792815296	0.04217986718397202	-0.20104329527841694	0.05865033489156976
1,2,5	0.06273920258263171	0.035002389306281974	0.07324729286121272	-0.06706100397799034	0.19253940914325376
1,2,6	-0.7447848479477943	0.03518651562653196	3.370071904411911e-88	-0.8752678545936496	-0.614301841301939
1,2,7	-0.20723077129178702	0.035308203588388196	5.279483210674346e-09	-0.33816503634879436	-0.07629650623477965
1,2,8	0.18492861220890272	0.0353158970090623	1.846825198306463e-07	0.0539658174539962	0.31589140696380924
1,2,9	-0.19081545947368256	0.0351859309109332	6.724383757285208e-08	-0.32129629780454555	-0.06033462114281957
1,2,10	-0.1742430049317825	0.03503505600864587	7.262498356304242e-07	-0.3041643502146039	-0.044321659648961065
1,2,11	-0.05680818980334379	0.03501200082478632	0.1048793461450274	-0.1866440389904251	0.07302765938373751
1,3,4	0.015914760343813013	0.0350260571456801	0.649622726151891	-0.11397321423789578	0.1458027349255218
1,3,5	-0.006274159193214376	0.034997687174179566	0.8577448684503017	-0.1360569287236718	0.12350861033724304
1,3,6	0.003339430862388918	0.03515941551248326	0.924342446219844	-0.1270430797753065	0.13372194150008432
1,3,7	-0.060041013890258677	0.03530496428481245	0.08919858407433404	-0.19096326655949547	0.07088123877897812
1,3,8	0.018442682833255813	0.035317649286877514	0.601604787353798	-0.11252660993583985	0.14941197560235148
1,3,9	0.08585729359215429	0.03515803057637362	0.014708607544172138	-0.04452008125348046	0.21623466843778905
1,3,10	0.028148303423227973	0.035020230019116486	0.42164371130930456	-0.10171806228415531	0.15801466913061124
1,3,11	0.00423383259257935	0.0349927750830713	0.9037123587692905	-0.12553072131165557	0.13399838649681425
1,4,5	-0.04429888818133154	0.03501208108794784	0.2059613403515944	-0.17413503501023533	0.08553725864757225
1,4,6	-0.01678177041708849	0.03519840968343785	0.6335843092837471	-0.1473088840817452	0.11374534324756823
1,4,7	-0.1630652571316434	0.03533086598016635	4.226248952625181e-06	-0.2940835616840184	-0.0320469525792684
1,4,8	0.10495818789227734	0.035353783393484314	0.0030326629094094126	-0.02614510185800739	0.23606147764256208
1,4,9	-0.0729772793235312	0.035197353410856176	0.03829187478063247	-0.20350047598703447	0.057545917339972094
1,4,10	-0.007646765505794857	0.03505219228021425	0.8273362515838534	-0.13763165763879817	0.12233812662720847
1,4,11	0.05656791030091544	0.03503020812660772	0.10653763816458174	-0.07333545746373066	0.18647127806556152
1,5,6	0.040254768039792374	0.03517484158604362	0.25261526622732294	-0.09018494747946225	0.17069448355904698
1,5,7	0.022600151839757592	0.03535011214719872	0.5227010833798916	-0.108489523739162	0.15368982741867718
1,5,8	0.015014398924783755	0.035358764101681296	0.6711614718275369	-0.1161073609061326	0.14613615875570013
1,5,9	-0.04132740924645947	0.03517846157343171	0.2402465526630257	-0.17178054885247027	0.08912573035955132
1,5,10	-0.005611790339791964	0.03504875863529407	0.8728109604680252	-0.13558394940431828	0.12436036872473434
1,5,11	0.045678815777200996	0.03500549246204247	0.1921068598180124	-0.08413289829095656	0.17549052984535857
1,6,7	-0.43075743689619933	0.03618261814193394	2.0489812335951264e-31	-0.5649343145839245	-0.29658055920847415
1,6,8	-0.0010158428493129423	0.036206609759089195	0.9776202044366351	-0.13528168923101	0.13325000353238411
1,6,9	-0.011641710858748766	0.03585418496700822	0.745452189076013	-0.1446006518629611	0.12131723014546356
1,6,10	-0.022678334297741326	0.035210101378363376	0.5196089003561033	-0.15324880455737497	0.10789213596189232
1,6,11	-0.07392550741604334	0.035166670789319024	0.03569116997829476	-0.20433492297224864	0.056483908140161965
1,7,8	0.024655090150432865	0.03583152617270873	0.4914964838221536	-0.1082198246990289	0.1575300049998946
1,7,9	0.006773272960428692	0.03618403458083529	0.8515349665158294	-0.12740885734192137	0.14095540326277878
1,7,10	0.049675458271949476	0.03534887805892605	0.1601224596716566	-0.08140964090759051	0.18076055745148945
1,7,11	-0.01951384022546282	0.03529811767833834	0.5804548354435318	-0.15041070345837276	0.11138302300744712
1,8,9	0.08375846091134033	0.03620591584745826	0.020823158012321808	-0.05050481222107818	0.21802173404375885
1,8,10	0.17807547363151557	0.03537354247103873	5.323432928843201e-07	0.0468989108161961	0.3092520364468351
1,8,11	-0.04193920238315587	0.03531124987785416	0.2351217043699651	-0.1728847640690438	0.08900635930273204
1,9,10	-0.3225940548673819	0.03521094908420474	1.465288074679581e-19	-0.4531676686950831	-0.1920204410396807
1,9,11	-0.06450016133077072	0.03516696757068141	0.06681680631360719	-0.19491067744847781	0.06591035478693638
1,10,11	-0.10398444947143255	0.03500898976839464	0.0030187062306536974	-0.23380913268529452	0.025840233742429428
2,3,4	-0.02997837921595388	0.03501176156308591	0.391990438490167	-0.1598133411430866	0.09985658271117885
2,3,5	0.0030251061512499428	0.03499922972533585	0.9311322676394589	-0.12676338365895645	0.13281359596145637
2,3,6	-0.021892474246006627	0.03516747651723234	0.5336854429028511	-0.15230487770251397	0.10851992921050072
2,3,7	-0.04103073830429102	0.035314769492113866	0.2454607827813687	-0.17198935186083628	0.08992787525225424
2,3,8	-0.02470008528740661	0.03532511313971276	0.4845117519438997	-0.15569705644243403	0.10629688586762082
2,3,9	-9.796337975320757e-05	0.03516773483535326	0.997777748234701	-0.13051132476359403	0.13031539800408762
2,3,10	0.04390512792782972	0.035061329175324375	0.2106600916924826	-0.0861136467742245	0.17392390262988394
2,3,11	-0.09526737404628963	0.034987393285272825	0.0065390012996889135	-0.22501197049962607	0.034477222407046815
2,4,5	-0.029849570893029635	0.035030387445112	0.39427906139197755	-0.15975360362882077	0.10005446184276148
2,4,6	0.048725609534856884	0.03517520697514741	0.16617005896320322	-0.08171546096564578	0.17916668003535954
2,4,7	-0.08883177479379419	0.03530771243306802	0.011965812788722972	-0.21976421848765249	0.0421006689000641
2,4,8	-0.012621888755030716	0.03533480178333234	0.7209813243127856	-0.14365478854144698	0.11841101103138556
2,4,9	0.005916311500272803	0.03517310142858567	0.8664421131925166	-0.12451695095100657	0.13634957395155217
2,4,10	0.03569046873494344	0.03504957448646165	0.3086911930591016	-0.09428471577019346	0.16566565324008034
2,4,11	0.06416814255520117	0.03500098372683929	0.06693392263450222	-0.06562685166118912	0.19396313677159147
2,5,6	-0.02868521116023516	0.03517859491607199	0.41495120186014556	-0.15913884524398286	0.10176842292351256
2,5,7	-0.04928048380392441	0.03536437327991093	0.16365378537771655	-0.18042304428608977	0.08186207667824094
2,5,8	0.025206837777504997	0.03537547055144322	0.47622389489864125	-0.10597687498499601	0.156390550540006
2,5,9	0.033040481659095206	0.03518025966617909	0.3477770530912908	-0.09741932585772539	0.1635002891759158
2,5,10	-0.03398426708700732	0.035060117750441995	0.33253012022881046	-0.16399854943288011	0.09603001525886547
2,5,11	-0.006647733155124277	0.0349917042601144	0.8493478951904714	-0.13640831610069754	0.12311284979044897
2,6,7	0.1527549278818429	0.036154795554677426	2.519310288381785e-05	0.0186812253671422	0.2868286303965436
2,6,8	0.13222806383279104	0.03620428310739869	0.00026801700061810095	-0.002029154570187791	0.26648528223576984
2,6,9	-0.07097809691565361	0.03585074698598119	0.047888962947597646	-0.20392428877169905	0.061968094940391835
2,6,10	-0.05127015459614942	0.035219221090074755	0.14565318044223055	-0.18187444370322095	0.07933413451092211
2,6,11	0.0608232182035692	0.03514344777265479	0.08368937647090775	-0.06950007887844847	0.19114651528558688
2,7,8	-0.029273505141520148	0.035826338273917964	0.41399201159353005	-0.16212918158046186	0.10358217129742155
2,7,9	0.12442705524617867	0.03615697144585119	0.0005933175438315722	-0.009654716178370909	0.2585088266707283
2,7,10	0.06969531177995873	0.035362547632243765	0.048904097072627335	-0.06144047860882153	0.200831102168739
2,7,11	-0.03566532436738994	0.03527014093886945	0.31206638643455514	-0.16645844078089914	0.09512779204611924
2,8,9	0.07867457571060328	0.03620138833990718	0.02990310721040036	-0.055571907956096386	0.21292105937730293
2,8,10	0.08971766063042533	0.0353890799273868	0.011330385738342058	-0.04151652010993803	0.2209518413707887
2,8,11	0.009918011380413996	0.03527506698036839	0.7786212302616683	-0.1208933723918887	0.1407293951527167
2,9,10	-0.023669706054513948	0.035221644076723777	0.5016637370333005	-0.15428298038155958	0.1069435682725317
2,9,11	-0.051526181949254485	0.03514160584001448	0.1427716933716658	-0.18184264854792742	0.07879028464941845
2,10,11	-0.008438040950502268	0.035004652362914036	0.8095424705781091	-0.13824663965874973	0.12137055775774519
3,4,5	-0.030481883253705933	0.035005671957342346	0.38400612378907784	-0.16029426294862387	0.099330496441212
3,4,6	-0.01339948885221108	0.035167524669331304	0.7032381849624869	-0.14381207087231124	0.11701309316788909
3,4,7	-0.0022007881702532997	0.035304208190008096	0.9503013204340844	-0.13312023699484604	0.12871866065433946
3,4,8	-0.0012550011567654465	0.03532572364705993	0.971664158592559	-0.13225423627094937	0.1297442339574185
3,4,9	0.01208060773080076	0.03516580726563786	0.7312413154440887	-0.1183256055996592	0.1424868210612607
3,4,10	0.010067303028659914	0.035040652690741636	0.7739158914179013	-0.11987479656569516	0.14000940262301498
3,4,11	-0.07041112168261085	0.03499919559047299	0.044403613514141085	-0.20019948490968	0.05937724154445831
3,5,6	-0.003368661476788909	0.03520262315676505	0.9237756053570098	-0.13391140006645924	0.12717407711288142
3,5,7	0.004095906481280075	0.0353721575491212	0.9078293412703555	-0.12707552059460764	0.1352673335571678
3,5,8	-0.02648794674426931	0.035384102874962305	0.45421479958641686	-0.15770367096079052	0.10472777747225191
3,5,9	0.03533286875974703	0.035205838468522696	0.31571420279367535	-0.09522179324825478	0.16588753076774884
3,5,10	-0.04341314655226267	0.03504525409955909	0.2156049005504005	-0.17337230966218944	0.08654601655766411
3,5,11	0.0011510966987085466	0.03500208642089618	0.9737690506503931	-0.1286479866647141	0.13095018006213122
3,6,7	-0.01556777626193924	0.03622733288486527	0.667451924861669	-0.14991047071200042	0.11877491818812193
3,6,8	-0.007419649382917462	0.036270188426150256	0.837936331728978	-0.1419212660728973	0.12708196730706234
3,6,9	-0.013919833006927368	0.03587107136568121	0.698027623139078	-0.14694139425162211	0.11910172823776738
3,6,10	0.07469871151743586	0.03523112036591335	0.03413356368529913	-0.05594970396193148	0.2053471269968032
3,6,11	-0.0007715079825831028	0.03514668533010714	0.9824896183682745	-0.13110681097717977	0.12956379501201357
3,7,8	0.03663334632389101	0.035855243165001625	0.30707164550370475	-0.0963295188215256	0.16959621146930762
3,7,9	-0.05200115766168956	0.036228286744484826	0.151369375721736	-0.18634738933244058	0.08234507400906146
3,7,10	-0.0891936350654807	0.03538285617126741	0.011801660562588316	-0.22040473610054703	0.04201746596958564
3,7,11	-0.04779500177702099	0.03527873671093332	0.1756718878425053	-0.17861999409990525	0.08302999054586326
3,8,9	-0.018963636714733244	0.036269947502731985	0.601150648402849	-0.153464359982576	0.11553708655310949
3,8,10	0.005545738049131041	0.03540733492106741	0.8755580726208791	-0.1257561381256717	0.13684761422393382
3,8,11	-0.013865429402094231	0.035293342141695	0.6944716602041608	-0.14474458339700563	0.11701372459281717
3,9,10	0.02890393137507647	0.035231925276138165	0.4121117589224408	-0.10174746897233886	0.15955533172249178
3,9,11	-0.008624691373305446	0.03514615655342372	0.8061810189470948	-0.1389580334925421	0.12170865074593122
3,10,11	-0.009674092178587518	0.03501282111549453	0.7823510644035974	-0.13951298326953526	0.12016479891236022
4,5,6	-0.04435064104734533	0.03519004865421797	0.20773244571726623	-0.174846749305191	0.08614546721050036
4,5,7	0.002995170633532121	0.0353698788013347	0.9325249304276413	-0.1281678061068428	0.13415814737390708
4,5,8	-0.032404485005288905	0.03538561346395724	0.3599298200705855	-0.16362581097550344	0.09881684096492561
4,5,9	0.004510079469523469	0.03519123572266493	0.8980385839022451	-0.12599043082294528	0.13501058976199223
4,5,10	-0.020301013075542072	0.03506625798293938	0.5627131797885581	-0.15033806539404493	0.10973603924296077
4,5,11	0.005470274125741387	0.03500400513338314	0.8758347980757892	-0.12433592444558778	0.13527647269707055
4,6,7	0.125925747315711	0.03616392929093135	0.0005104643573527345	-0.008181826053977798	0.26003332068539975
4,6,8	0.01592728900913297	0.03622176228968256	0.6602002125545513	-0.11839474786812497	0.1502493258863909
4,6,9	0.11823063982049214	0.035875646051212226	0.0010029996471588574	-0.014807885841165103	0.2512691654821494
4,6,10	-0.04182648166167005	0.035234445009229474	0.23536220889635961	-0.17248722599623056	0.08883426267289046
4,6,11	-0.014803977429531347	0.03515687695934698	0.6737488562125278	-0.14517707428925378	0.11556911943019108
4,7,8	0.007181844112828503	0.03583721864813001	0.8411909526300895	-0.12571418028087206	0.14007786850652904
4,7,9	-0.010156867415608381	0.036167761434780156	0.7788785456604679	-0.14427865161698616	0.12396491678576939
4,7,10	-0.013805959797887388	0.03536825421981823	0.6963287891989236	-0.14496291206334527	0.11735099246757048
4,7,11	0.030567014723495045	0.035286295275175274	0.38647457960573295	-0.1002860072059204	0.1614200366529105
4,8,9	-0.006858081137042699	0.036217214454983264	0.849834121159425	-0.1411632531689266	0.12744709089484121
4,8,10	-0.031824093503148326	0.035408873388633175	0.36891103129271574	-0.16313167481442264	0.09948348780812599
4,8,11	0.05237592573035061	0.03531190301995426	0.13820181823692676	-0.07857205801817893	0.18332390947888014
4,9,10	0.08963957448132809	0.035234502198045706	0.011046660771859333	-0.04102138192790239	0.22030053089055857
4,9,11	0.02320048849616642	0.03515783300710172	0.5094128462928386	-0.10717615369856047	0.1535771306908933
4,10,11	-0.003988336372814975	0.0350222500197587	0.9093466752319752	-0.13386219289741985	0.1258855201517899
5,6,7	-0.020672182965894084	0.03637156613046956	0.5698669115129189	-0.15554974104793556	0.11420537511614738
5,6,8	0.042622029106441	0.036413511542046084	0.24196817575085863	-0.09241107615951585	0.17765513437239785
5,6,9	0.002301904645283473	0.036040952242929615	0.9490821373293237	-0.131349629963932	0.13595343925449893
5,6,10	-0.04657549801606564	0.03529183649408793	0.18710956903911682	-0.17744906858155182	0.08429807254942054
5,6,11	-0.008311467870957212	0.03516861986364054	0.8132043551981085	-0.13872811122659418	0.12210517548467975
5,7,8	0.006113035725414384	0.03602243311661582	0.8652661847469791	-0.12746982395993178	0.13969589541076055
5,7,9	-0.048212562969453254	0.03637174301614864	0.18517174867145886	-0.18309077700093523	0.08666565106202873
5,7,10	-0.048048937691557526	0.03543277079678942	0.17526529054390558	-0.1794451383392949	0.08334726295617986
5,7,11	-0.06523720863207003	0.03535264527609037	0.06516844977622421	-0.19633627787410513	0.06586186060996507
5,8,9	0.035916608537612	0.03641339430451472	0.32410210501477166	-0.09911606197357273	0.17094927904879673
5,8,10	0.008268663600273327	0.0354557600450981	0.8156266154421487	-0.12321278863280667	0.13975011583335334
5,8,11	0.007177454629779867	0.035365384015554	0.8391979566593618	-0.12396885398780849	0.13832376324736823
5,9,10	-0.03206386013014265	0.035294093879686926	0.36375871452287245	-0.16294580181322518	0.09881808155293989
5,9,11	0.006590953390670756	0.03516883654248131	0.8513630079294734	-0.12382649348035035	0.13700840026169187
5,10,11	0.0028468365052850275	0.035043520680585374	0.9352631611042377	-0.12710589852515053	0.13279957153572058
6,7,8	-0.0786969939345944	0.037594390373881056	0.036472709136599585	-0.2181091807242156	0.0607151928550268
6,7,9	0.12701211946012694	0.036944343563126696	0.0006006983287862322	-0.009989483024186674	0.26401372194444056
6,7,10	0.20852814865930555	0.03639730592321685	1.1962934454422724e-08	0.07355513908147646	0.3435011582371347
6,7,11	0.09838909385680752	0.03608448732657685	0.00646596732812593	-0.03542388295569862	0.23220207066931367
6,8,9	0.12239158851341986	0.03699666211758117	0.0009591900386852767	-0.01480402813134779	0.2595872051581875
6,8,10	-0.05870943711699336	0.03647773403085374	0.10770660657871671	-0.19398070019098235	0.07656182595699562
6,8,11	-0.09488783274743644	0.03612747306900747	0.008707077596482968	-0.2288602146279176	0.03908454913304475
6,9,10	-0.06523186277412693	0.03600206162615674	0.07018399658059678	-0.1987391783688569	0.06827545282060304
6,9,11	0.06361498684765093	0.035820844433934	0.07592965614285141	-0.06922031665164685	0.19645029034694872
6,10,11	0.04224051743226221	0.03519001925704004	0.2301732622477573	-0.08825548181131779	0.1727365166758422
7,8,9	0.10487463612746944	0.037589490808324466	0.005331254912078589	-0.03451938148473538	0.24426865373967427
7,8,10	0.11521748461631012	0.03596997200638211	0.0013851547351086831	-0.018170832265539116	0.24860580149815936
7,8,11	0.03358092391888315	0.03579991492234859	0.34837261008540255	-0.09917676616656373	0.16633861400433003
7,9,10	0.00669213348741788	0.0364005870937507	0.8541561186586654	-0.12829304373443481	0.14167731070927056
7,9,11	0.02782221271229396	0.03608791822535452	0.4408428034774813	-0.10600348698510254	0.16164791240969045
7,10,11	0.04848409035333546	0.035310201643067106	0.16991032081878388	-0.08245758413814716	0.17942576484481806
8,9,10	-0.21489378753458446	0.036475176117087484	4.626444259382171e-09	-0.3501555650351082	-0.07963201003406073
8,9,11	0.0021763121414347247	0.03612332264736364	0.9519664003766052	-0.13178067863011478	0.1361333029129842
8,10,11	0.013081315559782175	0.035343197608953804	0.7113385157456232	-0.11798271866978244	0.1441453497893468
9,10,11	0.03775907094262586	0.03518937239533374	0.28341639843120586	-0.09273452952804868	0.16825267141330041
