Params: 	9
Performance: 	0.872717229336111
Term	Coefficient	Standard Error	p-value	95% CI lower	95% CI upper
Intercept	6.789735651610791
2	-0.15855831043557495	0.01591064559913089	7.393247069613557e-20	-0.2030717043928263	-0.11404491647832361
7	0.01374549608911196	0.015910645599130885	0.3884778277015295	-0.030767897868139365	0.05825889004636328
8	0.06508716570494652	0.015910645599130878	5.836405008123091e-05	0.020573771747695216	0.10960055966219782
11	-0.09956377323322725	0.015909093265296336	1.7261554494970648e-09	-0.14407282420847323	-0.05505472225798127
13	0.05987836900396705	0.01591064559913089	0.00020981326520427558	0.015364975046715718	0.10439176296121838
14	0.009684328759611501	0.015909093265296336	0.5432679639296913	-0.034824722215634485	0.05419337973485748
15	-0.0500566340877894	0.01591064559913089	0.0018592247951892593	-0.09457002804504074	-0.005543240130538071
16	0.6152545972285435	0.015909093265296343	2.669487801966067e-106	0.5707455462532974	0.6597636482037895
