Params: 	9
Performance: 	0.872717229336111
Term	Coefficient	Standard Error	p-value	95% CI lower	95% CI upper
Intercept	6.3342644125811995
2	-0.3171166208711538	0.03182129119826181	7.393247069607763e-20	-0.4061434087856565	-0.22808983295665103
7	0.02749099217822426	0.031821291198261735	0.38847782770152295	-0.06153579573627829	0.11651778009272681
8	0.13017433140989254	0.03182129119826174	5.8364050081234196e-05	0.041147543495389974	0.21920111932439512
11	-0.199127546466443	0.03181818653059268	1.72615544950052e-09	-0.288145648416935	-0.11010944451595103
13	0.11975673800793274	0.03182129119826174	0.00020981326520430572	0.030729950093430172	0.20878352592243532
14	0.019368657519209652	0.0318181865305927	0.5432679639299696	-0.06964944443128238	0.1083867594697017
15	-0.10011326817557942	0.03182129119826175	0.001859224795189121	-0.189140056090082	-0.011086480261076823
16	1.2305091944570992	0.0318181865305927	2.669487801960829e-106	1.141491092506607	1.3195272964075913
