Params: 	17
Performance: 	0.6503823946309308
Term	Coefficient	Standard Error	p-value	95% CI lower	95% CI upper
Intercept	9.035803479294557
1	-0.08223778469943682	0.0014821953632402154	0.0	-0.08664573346032386	-0.07782983593854978
2	0.00821080654054689	0.0014821238719748503	3.0382532958099895e-08	0.003803070389847683	0.012618542691246095
3	0.02284645907200057	0.0014821215924708292	1.6216527207805999e-53	0.018438729700392148	0.027254188443608995
4	0.20442476457458025	0.0014822391180934092	0.0	0.2000166856897192	0.2088328434594413
5	0.030196905346073555	0.001482125591351039	5.51075830663601e-92	0.025789164082065854	0.03460464661008125
6	-0.019538383360209407	0.0014821239674405455	1.2409961111165268e-39	-0.023946119794817134	-0.01513064692560168
7	-0.07051267303225121	0.001482126725049706	0.0	-0.07492041766780207	-0.06610492839670036
8	0.003525620724261632	0.001482119904869107	0.017373430021349074	-0.0008821036285334119	0.007933345077056677
9	0.224324540958928	0.001482219321962517	0.0	0.2199165209464213	0.2287325609714347
10	0.4044522854798175	0.0014822385203992893	0.0	0.40004420837245835	0.4088603625871766
11	0.005368266924322584	0.0014821230815150934	0.0002925431785803055	0.0009605331243972308	0.009776000724247936
12	0.002382188693367395	0.0014821205040301065	0.10799691611343716	-0.002025537441291937	0.006789914828026727
13	0.0026281996615928616	0.0014821188626499208	0.076188347019646	-0.0017795215917128142	0.007035920914898537
14	0.004744900085242084	0.0014821206178988189	0.0013681467917537678	0.00033717361194490324	0.009152626558539264
15	-0.00585017611383443	0.001482120694138871	7.916484047092941e-05	-0.01025790281386437	-0.0014424494138044908
16	-0.00215812173356595	0.0014821362141893937	0.14537293641911647	-0.006565894589176433	0.0022496511220445334
