Params: 	17
Performance: 	0.6503823946309306
Term	Coefficient	Standard Error	p-value	95% CI lower	95% CI upper
Intercept	8.30299568017312
1	-0.16447556939888597	0.0029643907264804807	0.0	-0.1732914669206602	-0.15565967187711174
2	0.016421613081091867	0.002964247743949702	3.0382532958212213e-08	0.007606140779693451	0.025237085382490282
3	0.045692918144006014	0.0029642431849416593	1.6216527207396627e-53	0.03687745940078917	0.05450837688722286
4	0.40884952914917005	0.0029644782361868275	0.0	0.40003337137944794	0.41766568691889217
5	0.06039381069214293	0.0029642511827020794	5.510758306794738e-92	0.051578328164127524	0.06920929322015834
6	-0.039076766720427134	0.0029642479348810855	1.2409961110700583e-39	-0.047892239589642574	-0.030261293851211696
7	-0.14102534606450767	0.0029642534500994105	0.0	-0.14984083533560938	-0.13220985679340597
8	0.007051241448524463	0.0029642398097382157	0.017373430021330086	-0.0017642072570656303	0.015866690154114557
9	0.44864908191785596	0.0029644386439250346	0.0	0.43983304189284256	0.45746512194286937
10	0.8089045709596381	0.002964477040798573	0.0	0.8000884167449198	0.8177207251743563
11	0.0107365338486414	0.002964246163030189	0.00029254317858174627	0.0019210662487906885	0.01955200144849211
12	0.004764377386731571	0.0029642410080602125	0.10799691611367525	-0.004051074882587092	0.013579829656050233
13	0.0052563993231879574	0.0029642377252998425	0.07618834701952129	-0.003559043183423396	0.01407184182979931
14	0.009489800170480343	0.0029642412357976378	0.0013681467917598896	0.0006743472238859814	0.018305253117074705
15	-0.0117003522276675	0.0029642413882777414	7.916484047108076e-05	-0.020515805627727375	-0.0028848988276076234
16	-0.004316243467128084	0.002964272428378788	0.14537293641947233	-0.013131789178349054	0.004499302244092887
