Params: 	137
Performance: 	0.8931151007130442
Term	Coefficient	Standard Error	p-value	95% CI lower	95% CI upper
Intercept	8.333077569559613
1	-0.6384285336505731	0.0065793926972895775	0.0	-0.6618800613762275	-0.6149770059249187
2	0.004987985344776933	0.006569143886409044	0.447672741919413	-0.01842701161222173	0.028402982301775598
3	0.13860835720451814	0.00657006424221736	1.818100936628913e-98	0.11519007973961407	0.16202663466942221
4	0.3095554121483382	0.006564718319380908	0.0	0.28615618964236217	0.33295463465431424
5	0.009053882811347003	0.006573540090717357	0.1684173952156031	-0.014376783936461766	0.03248454955915577
6	-0.21142962957701894	0.006571799429641219	2.571980875214753e-225	-0.23485409192825707	-0.1880051672257808
7	-0.32664645949092774	0.006571864449758066	0.0	-0.3500711535992813	-0.30322176538257417
8	-0.0010240475600351573	0.006570017077387564	0.8761384968713853	-0.02444215691104718	0.022394061790976864
9	0.8023676285359916	0.006565808598275301	0.0	0.7789645198498015	0.8257707372221817
10	1.2565709171125359	0.006564933714099539	0.0	1.2331709268555762	1.2799709073694956
11	0.014062221031075295	0.006573545324646567	0.0324220471321819	-0.009368464372503334	0.03749290643465392
12	-0.020657088175593863	0.006572230160085868	0.001672515794754062	-0.04408308581852678	0.0027689094673390563
13	0.009246285174234217	0.006570936197009228	0.15938804638742124	-0.014175100278430698	0.03266767062689913
14	0.017456907132233607	0.00657186205675215	0.007902010130400705	-0.005967778446511359	0.040881592710978576
15	-0.024341205349429268	0.006569776292290001	0.00021154252708591642	-0.047758456448220875	-0.0009239542506376611
16	-0.023281984086558793	0.006567271095610223	0.0003926601826421091	-0.04669030568500028	0.00012633751188269315
1,2	0.051874588715160416	0.0032812055900506795	3.401498039287295e-56	0.040179089235345904	0.06357008819497494
1,3	-0.0006374141778727332	0.003281190135942387	0.8459704821668405	-0.012332858573203653	0.011058030217458187
1,4	0.3653887676021982	0.0032816088608849515	0.0	0.35369183070747534	0.377085704496921
1,5	0.03422428436595183	0.0032812099488636723	1.8870031705240045e-25	0.02252876934962377	0.04591979938227989
1,6	-0.0948341381960831	0.0032812862722704237	1.6484994111255502e-182	-0.10652992525887076	-0.08313835113329546
1,7	-0.08438592128527725	0.003281301749713781	4.0157776432219325e-145	-0.09608176351572378	-0.07269007905483071
1,8	0.007505020562511733	0.003281182422064523	0.02218201613736771	-0.004190396337542812	0.019200437462566278
1,9	0.2866039587687418	0.0032815390246911063	0.0	0.2749072707975156	0.298300646739968
1,10	0.29435438206902764	0.003281601860115892	0.0	0.2826574701277826	0.3060512940102727
1,11	0.011628847675662149	0.0032811952962704047	0.0003942489226391089	-6.661511309520932e-05	0.023324310464419507
1,12	0.04394424332849255	0.0032811870867462934	7.550159642337926e-41	0.03224880980168856	0.055639676855296534
1,13	-0.0014780815851055118	0.0032811825248355775	0.6523714822372739	-0.01317349885147627	0.010217335681265247
1,14	0.001203360860491838	0.0032811931590070054	0.7138105051255583	-0.01049209431022322	0.012898816031206897
1,15	-0.018045722477538467	0.0032811936316388553	3.817736322961531e-08	-0.02974117933289821	-0.006350265622178724
1,16	0.035420684449133634	0.0032812452694868616	3.837374547658907e-27	0.02372504353629626	0.04711632536197101
2,3	-0.007275024670184135	0.003281031183009834	0.026606166074793453	-0.018969902495122263	0.004419853154753992
2,4	0.00019362228657703734	0.0032813121081241947	0.9529462522244774	-0.011502256865293738	0.011889501438447813
2,5	0.01272378567113254	0.003281054155591175	0.00010544115389309184	0.0010288259629335945	0.024418745379331485
2,6	-0.015007072656449127	0.0032810462283750907	4.796842753831097e-06	-0.026702004108950878	-0.003312141203947379
2,7	-0.009689680439360915	0.0032810619203347594	0.0031459569674619917	-0.02138466782414155	0.0020053069454197183
2,8	0.000978978211877951	0.0032810186729892443	0.7654169299822309	-0.010715855022456118	0.01267381144621202
2,9	-0.020934231075238684	0.0032812621659741915	1.783542170584052e-10	-0.032629932213762425	-0.00923852993671494
2,10	0.024167050873340257	0.0032813088639901847	1.7915108756204253e-13	0.012471183284831357	0.03586291846184916
2,11	-0.00807428281852754	0.0032810437936667053	0.013861926095761739	-0.019769205592776777	0.0036206399557216964
2,12	0.002578681948348996	0.0032810344378226674	0.43190805192158666	-0.00911620747801451	0.014273571374712501
2,13	-0.0013412341242778764	0.003281019369455625	0.6826982101108532	-0.013036069841090403	0.01035360159253465
2,14	0.0002518068113139954	0.0032810323681476483	0.9388256760748144	-0.011443075237918621	0.011946688860546612
2,15	-0.004441905161458273	0.0032810209835373405	0.17579917004347081	-0.016136746631489046	0.007252936308572499
2,16	-0.003352798075208413	0.0032810673139092254	0.3068500158753651	-0.01504780468479701	0.008342208534380184
3,4	-0.06120268446754724	0.003281286469726438	1.9386865648532022e-77	-0.0728984722341453	-0.04950689670094916
3,5	0.024386752806437373	0.003281032175873428	1.0774841437762373e-13	0.012691871442545246	0.0360816341703295
3,6	0.004614140290506205	0.003281032874843142	0.15963769465107544	-0.007080743564787238	0.01630902414579965
3,7	0.006631115790060066	0.0032810338291550914	0.043279239594150205	-0.005063771466774244	0.018326003046894378
3,8	-0.001218621210204572	0.00328102143363473	0.7103295223693047	-0.0129134642845584	0.010476221864149256
3,9	-0.03133876701663632	0.003281243353818001	1.3287100781239746e-21	-0.04303440110128096	-0.01964313293199168
3,10	-0.11125096911998615	0.003281285771309259	8.737034121627861e-250	-0.12294675439715236	-0.09955518384281994
3,11	-0.0075290795035856325	0.0032810281885567575	0.021751676460754515	-0.019223946655122344	0.004165787647951077
3,12	-0.006635544547688631	0.0032810190981971054	0.04313877239766904	-0.018330379297629748	0.005059290202252487
3,13	-0.0012229876879778709	0.003281011597683632	0.7093378646362989	-0.012917795703156713	0.010471820327200971
3,14	0.00037118268065963744	0.0032810182515844973	0.9099275783394682	-0.01132364905162317	0.012066014412942444
3,15	-0.00015368448401129053	0.003281027341710122	0.9626406100255211	-0.011848548617055525	0.011541179649032944
3,16	0.00994873652511416	0.0032810540862238326	0.0024289254729504208	-0.001746222935832457	0.02164369598606078
4,5	0.1308685778502658	0.003281320487938383	0.0	0.11917266882946123	0.14256448687107035
4,6	0.4677924689945875	0.0032813541762192057	0.0	0.45609643989557996	0.479488498093595
4,7	0.17881868054596695	0.0032813655657210872	0.0	0.1671226108503221	0.1905147502416118
4,8	-0.013504319157630035	0.0032812834308325145	3.867163932937312e-05	-0.02520009609242214	-0.0018085422228379285
4,9	-0.1398039742033222	0.0032816340836375603	0.0	-0.15150100100179595	-0.12810694740484843
4,10	-0.6408533528376626	0.003281686370618177	0.0	-0.6525505660073764	-0.6291561396679489
4,11	-0.037239304820321485	0.0032813070682088737	8.010322883010271e-30	-0.04893516600796375	-0.02554344363267922
4,12	0.034741856120331704	0.0032812916789069185	3.563586378212474e-26	0.023046049786177913	0.046437662454485495
4,13	0.002461172265968703	0.003281276030321842	0.4532179147785421	-0.009234578290510205	0.01415692282244761
4,14	-0.0035960763772663745	0.003281290925591675	0.27311197686066746	-0.015291880026310135	0.008099727271777386
4,15	0.021038888276131776	0.0032812946600902907	1.4482870959507242e-10	0.009343071315874982	0.03273470523638857
4,16	-0.0916135277632808	0.0032813471663456517	1.5844431052587684e-170	-0.10330953187635854	-0.07991752365020306
5,6	0.08120245319876027	0.0032810731399623835	1.3492192897688977e-134	0.06950742582284057	0.09289748057467996
5,7	0.00593734117505311	0.003281057322328547	0.07036530556257257	-0.0057576298206358355	0.017632312170742057
5,8	0.0025237132909050747	0.003281031570841192	0.4417875530034747	-0.009171165916415631	0.01421859249822578
5,9	-0.11393471012528501	0.0032812606747770973	9.034141193100979e-262	-0.12563040594859934	-0.10223901430197069
5,10	-0.07321983993472743	0.0032813169676467625	6.98394641267875e-110	-0.08491573640783642	-0.061523943461618436
5,11	-0.0030301430163217277	0.0032810421720828545	0.35573416487852905	-0.014725060010612176	0.00866477397796872
5,12	-0.004819200262559678	0.0032810430066326883	0.14189153165779048	-0.016514120231511994	0.006875719706392638
5,13	-0.0008568307076615572	0.003281023810903048	0.7939796980615802	-0.012551682255529042	0.010838020840205928
5,14	0.0040352006400830205	0.0032810296340939054	0.2187547277555717	-0.007659671663913204	0.015730072944079243
5,15	0.00045639186682715216	0.003281038095954258	0.8893716876655219	-0.011238510598547453	0.012151294332201757
5,16	0.0022203628167622794	0.0032810880785692754	0.4985889562285777	-0.009474717806192488	0.013915443439717047
6,7	-0.019795774763220954	0.003281160819102374	1.6164850734218694e-09	-0.03149111466187292	-0.008100434864568986
6,8	0.01747474686976605	0.003281034419101047	1.0073930542548358e-07	0.005779857510133719	0.02916963622939838
6,9	-0.20706969283325205	0.0032813001508516654	0.0	-0.21876552936472896	-0.19537385630177515
6,10	0.07385799901464181	0.0032813506035411946	9.209060199447155e-112	0.06216198265005542	0.0855540153792282
6,11	-0.003008514912754761	0.003281045825022249	0.3591786435389821	-0.014703444927549294	0.008686415102039772
6,12	0.00655806551580837	0.003281034110341829	0.04563631710674527	-0.005136822743285401	0.01825295377490214
6,13	0.004745877008167115	0.0032810222235918076	0.14805222839206386	-0.006948968881902565	0.016440722898236795
6,14	0.0024220276568379037	0.003281030062205676	0.46040091105730396	-0.009272846173116037	0.014116901486791844
6,15	-0.006801908776589025	0.003281029564683775	0.03816672605750681	-0.018496780833180407	0.004892963280002358
6,16	0.02927119720795246	0.003281096149895236	4.730777382503583e-19	0.01757608781563656	0.04096630660026836
7,8	-0.0028608848146594867	0.0032810302418971263	0.3832404583512753	-0.014555759285104004	0.008833989655785031
7,9	0.09962193284958272	0.003281317480793532	4.715145585823174e-201	0.08792603454741803	0.11131783115174741
7,10	0.21172896366416483	0.0032813610477118718	0.0	0.2000329100724711	0.22342501725585856
7,11	0.0031237486685190274	0.0032810510660854467	0.34107145778767756	-0.008571200027473688	0.014818697364511742
7,12	-0.015925570530569665	0.0032810369975191365	1.2138485572111484e-06	-0.027620469080692073	-0.004230671980447255
7,13	-0.002778576184187545	0.003281028464958435	0.39707552958147474	-0.01447344432092789	0.0089162919525528
7,14	0.002728342757029781	0.003281042923378193	0.4056675117916966	-0.008966576915170965	0.014423262429230527
7,15	-0.0054176509639923785	0.0032810401899041153	0.09870273887802655	-0.017112560893022884	0.006277258965038128
7,16	-0.0023406434074788596	0.0032810834321628807	0.4756162048038425	-0.014035707468824767	0.009354420653867048
8,9	0.008549819243991695	0.003281236118793517	0.009171561058911844	-0.0031457890521972218	0.020245427540180612
8,10	0.004304953845149201	0.003281281846441351	0.18953381366754488	-0.007390817442253396	0.016000725132551796
8,11	-0.005712032839744946	0.0032810201606922186	0.08170024162547636	-0.01740687137683402	0.005982805697344128
8,12	0.0009216223409611035	0.0032810166222089713	0.7787915552896736	-0.01077320358359034	0.012616448265512547
8,13	-0.0016878896103986393	0.003281009118519548	0.6069445987126707	-0.01338268878886748	0.010006909568070202
8,14	0.0011148729619145648	0.003281021641198065	0.7340124223176951	-0.010579970852276134	0.012809716776105264
8,15	0.0015523051981407195	0.0032810243770374876	0.6361319971581698	-0.010142548367651234	0.013247158763932673
8,16	-0.003347326498493862	0.0032810441596397254	0.3076366590486561	-0.015042250577214014	0.00834759758022629
9,10	-0.6518022423326282	0.0032816323703441556	0.0	-0.6634992630242544	-0.6401052216410019
9,11	0.04689543042333627	0.003281253085016973	2.888705238224774e-46	0.035199761652894165	0.058591099193778376
9,12	-0.02126333663897672	0.003281238216301764	9.220636780060221e-11	-0.03295895241150503	-0.00956772086644841
9,13	-0.0013106474161378653	0.0032812327579455794	0.6895721791294573	-0.01300624373295084	0.010384948900675109
9,14	-0.008937597840650045	0.0032812403964375	0.006454357506013699	-0.020633221384034423	0.0027580257027343315
9,15	0.01252802735532789	0.003281245880584638	0.00013462442880946514	0.0008323842642991349	0.024223670446356642
9,16	0.049240210131131286	0.003281294251202252	8.121770427017236e-51	0.037544394628311314	0.06093602563395126
10,11	-0.010548285871728368	0.003281309347385193	0.0013066402674824893	-0.022244155183246055	0.0011475834397893202
10,12	-0.00711524907880412	0.0032812895995712583	0.030129550056212494	-0.01881104800139272	0.0045805498437844795
10,13	-0.007174147517254731	0.003281274715635577	0.028790611505937785	-0.018869893387677826	0.004521598353168364
10,14	-0.023132200025276897	0.003281288188341599	1.8104365393004466e-12	-0.034827993917691286	-0.01143640613286251
10,15	0.027950491653369103	0.0032812924804511492	1.655517796227914e-17	0.01625468246219832	0.039646300844539885
10,16	0.008360539692563236	0.003281345839797968	0.010839648492128571	-0.003335459692179951	0.020056539077306423
11,12	0.0159101320002374	0.003281036600610357	1.2429820567236274e-06	0.00421523486485305	0.027605029135621753
11,13	-0.005215327735119693	0.003281025593409931	0.11194296361698015	-0.016910185636538566	0.006479530166299178
11,14	0.0015904396344754296	0.0032810261236423713	0.6278634975215447	-0.010104420156899148	0.013285299425850007
11,15	-0.0021301368433741807	0.003281021187985563	0.5161921258787591	-0.013824979042138344	0.009564705355389983
11,16	-0.0038117357315179956	0.003281066909489262	0.2453467160603544	-0.01550674089959574	0.007883269436559748
12,13	-0.002788616328774425	0.003281011042615972	0.3953694064666904	-0.014483422365475127	0.008906189707926277
12,14	-0.0016368567390441582	0.0032810187292524793	0.6178608651569959	-0.013331690173922392	0.010057976695834076
12,15	-0.00010484781111141928	0.0032810207016019397	0.9745073562876565	-0.011799688276214202	0.011589992653991363
12,16	0.007189713397177909	0.0032810565272096033	0.028435078507936393	-0.004505254764396276	0.018884681558752094
13,14	0.001502832777328312	0.003281022100907318	0.6469266782179228	-0.010192012675445884	0.013197678230102507
13,15	0.003653417918807536	0.0032810156875966922	0.26549695944865565	-0.008041404674420365	0.015348240512035437
13,16	0.004967240352005867	0.0032810515816061223	0.13005171221729292	-0.0067277101815040735	0.016662190885515807
14,15	0.0010000031978086715	0.003281032283610979	0.7605323285759898	-0.010694878550102207	0.01269488494571955
14,16	0.00444536741515919	0.0032810575482194724	0.17546748152520697	-0.0072496043856933225	0.016140339216011705
15,16	-0.004261264901533002	0.0032810467550192747	0.19403378131998533	-0.015956198231200508	0.0074336684281345045
