Params: 	137
Performance: 	0.8931151007130442
Term	Coefficient	Standard Error	p-value	95% CI lower	95% CI upper
Intercept	9.03207822815012
1	-0.08602255165641645	0.0008204016306587329	0.0	-0.08894678379648786	-0.08309831951634504
2	0.008157064046652366	0.0008203277954700307	2.7926181728767723e-23	0.005233095084058667	0.011081033009246066
3	0.0236759664040252	0.0008203213535128672	5.119802981721448e-182	0.020752020403085252	0.026599912404965145
4	0.2081504046529145	0.0008204225194352247	0.0	0.2052260980570774	0.21107471124875163
5	0.03020647631458024	0.0008203298323060989	8.78999530660436e-294	0.02728250009190651	0.03313045253725397
6	-0.020359346383838867	0.0008203386360124556	2.4440859304879457e-135	-0.02328335398636378	-0.017435338781313956
7	-0.07197437398005814	0.0008203410344620554	0.0	-0.07489839013159508	-0.0690503578285212
8	0.0036367158185042553	0.0008203206580899951	9.295962703803955e-06	0.0007127722963232957	0.006560659340685214
9	0.22794485909049056	0.0008204090864235834	0.0	0.22502060037515845	0.23086911780582267
10	0.4081924820798075	0.0008204222645001498	0.0	0.40526817639265866	0.41111678776695637
11	0.005243549092846508	0.0008203265970718766	1.6480787744472867e-10	0.0023195844018123334	0.008167513783880684
12	0.002560229090658995	0.0008203227692249046	0.001803157199560935	-0.00036372195643211104	0.005484180137750101
13	0.0024921929434629717	0.0008203187378682672	0.0023818623098834056	-0.00043174373429705724	0.0054161296212230006
14	0.004569130168833262	0.0008203224800846946	2.5586292851433742e-08	0.001645180152350901	0.007493080185315623
15	-0.005465001663014248	0.0008203233858070087	2.7225646917708635e-11	-0.00838895490784502	-0.0025410484181834763
16	-0.0010568031409096644	0.0008203366645607535	0.19766166049074685	-0.003980803716409988	0.0018671974345906596
1,2	0.012968647178790867	0.0008203013975126703	3.401498039237697e-56	0.010044772308837237	0.015892522048744497
1,3	-0.000159353544468617	0.0008202975339855971	0.8459704821664266	-0.0030832146433013483	0.0027645075543641143
1,4	0.09134719190054622	0.0008204022152212368	0.0	0.0884229576768655	0.09427142612422693
1,5	0.008556071091488787	0.0008203024872159186	1.8870031705041162e-25	0.00563219233740677	0.011479949845570804
1,6	-0.02370853454902136	0.0008203215680676058	1.648499411091869e-182	-0.026632481314718272	-0.020784587783324447
1,7	-0.021096480321318823	0.0008203254374284455	4.015777643283202e-145	-0.024020440878930457	-0.01817251976370719
1,8	0.0018762551406287797	0.0008202956055161312	0.022182016137307584	-0.0010475990843848578	0.004800109365642418
1,9	0.07165098969218246	0.0008203847561727771	0.0	0.06872681769937591	0.07457516168498901
1,10	0.07358859551725387	0.0008204004650289737	0.0	0.0706643675319426	0.07651282350256514
1,11	0.0029072119189151287	0.0008202988240676005	0.00039424892263984895	-1.6653778274208254e-05	0.005831077616104466
1,12	0.01098606083212162	0.0008202967716865727	7.55015964252403e-41	0.008062202450420625	0.013909919213822616
1,13	-0.000369520396276541	0.0008202956312088941	0.6523714822371306	-0.00329337471286923	0.002554333920316148
1,14	0.0003008402151220904	0.0008202982897517528	0.713810505126349	-0.0026230235775566795	0.0032247040078008603
1,15	-0.004511430619385838	0.0008202984079097137	3.817736322929295e-08	-0.007435294833225773	-0.0015875664055459027
1,16	0.00885517111228244	0.000820311317371716	3.8373745477084835e-27	0.005931260884073095	0.011779081340491786
2,3	-0.0018187561675465855	0.000820257795752459	0.026606166074747594	-0.004742475623781119	0.0011049632886879482
2,4	4.840557164592207e-05	0.0008203280270310494	0.952946252222863	-0.0028755642163217745	0.0029723753596136186
2,5	0.0031809464177833527	0.0008202635388977941	0.00010544115389297735	0.0002572064907336155	0.00610468634483309
2,6	-0.0037517681641127225	0.0008202615570937734	4.7968427538188665e-06	-0.006675501027238162	-0.0008280353009872828
2,7	-0.0024224201098404924	0.0008202654800836894	0.003145956967458694	-0.005346166956035649	0.0005013267363546646
2,8	0.00024474455296991104	0.0008202546682473122	0.7654169299818372	-0.0026789637556136102	0.0031684528615534323
2,9	-0.005233557768809646	0.0008203155414935481	1.7835421705844474e-10	-0.008157483053440582	-0.002309632484178709
2,10	0.006041762718337382	0.0008203272159975469	1.791510875582599e-13	0.003117795821210154	0.008965729615464609
2,11	-0.0020185707046325788	0.0008202609484166757	0.013861926095728956	-0.0049423013981948856	0.000905159988929728
2,12	0.0006446704870858629	0.0008202586094556677	0.4319080519225773	-0.0022790518695050164	0.0035683928436767423
2,13	-0.00033530853106958705	0.0008202548423639055	0.6826982101107473	-0.003259017460272716	0.002588400398133542
2,14	6.2951702827687e-05	0.0008202580920369121	0.9388256760756019	-0.002860768809480467	0.002986672215135841
2,15	-0.001110476290363963	0.0008202552458843363	0.17579917004370701	-0.00403418665787166	0.001813234077143734
2,16	-0.00083819951880219	0.0008202668284773075	0.30685001587531585	-0.0037619511711993437	0.0020855521335949637
3,4	-0.01530067111688627	0.0008203216174316104	1.9386865648776817e-77	-0.018224618058535792	-0.012376724175236747
3,5	0.0060966882016097075	0.0008202580439683574	1.0774841437726657e-13	0.0031729678606366744	0.00902040854258274
3,6	0.0011535350726263119	0.0008202582187107856	0.15963769465116207	-0.0017701858911970494	0.004077256036449673
3,7	0.0016577789475152802	0.0008202584572887743	0.043279239594117246	-0.0012659428666933026	0.004581500761723863
3,8	-0.00030465530255120894	0.0008202553584086834	0.7103295223692453	-0.003228366071139669	0.0026190554660372512
3,9	-0.007834691754159299	0.0008203108384544998	1.3287100781205202e-21	-0.010758600275320458	-0.00491078323299814
3,10	-0.027812742279996014	0.0008203214428273145	8.737034121811778e-250	-0.030736688599287566	-0.024888795960704462
3,11	-0.0018822698758965799	0.00082025704713919	0.0217516764607426	-0.0048059866637807595	0.0010414469119875997
3,12	-0.0016588861369234015	0.0008202547745492768	0.04313877239751263	-0.0045825948244086825	0.0012648225505618796
3,13	-0.00030574692199476176	0.0008202528994209078	0.709337864636032	-0.0032294489257894713	0.002617955081799948
3,14	9.27956701649562e-05	0.0008202545628961244	0.909927578339423	-0.002830912262905746	0.0030165036032356583
3,15	-3.8421121002506914e-05	0.0008202568354275309	0.962640610025828	-0.0029621371542635664	0.0028852949122585526
3,16	0.0024871841312782243	0.0008202635215559576	0.0024289254729535034	-0.00043655573395842825	0.005410923996514877
4,5	0.03271714446256463	0.0008203301219845964	0.0	0.02979316720736349	0.03564112171776577
4,6	0.11694811724864704	0.0008203385440548024	0.0	0.11402410997389516	0.11987212452339892
4,7	0.04470467013649255	0.0008203413914302725	0.0	0.041780652712581336	0.04762868756040376
4,8	-0.0033760797894072624	0.0008203208577081286	3.867163932942343e-05	-0.006300024023105289	-0.0004521355557092358
4,9	-0.034950993550828785	0.0008204085209093907	0.0	-0.037875250250447225	-0.032026736851210345
4,10	-0.16021333820941253	0.0008204215926545443	0.0	-0.16313764150184096	-0.1572890349169841
4,11	-0.009309826205081412	0.0008203267670522179	8.01032288289362e-30	-0.012233791501991977	-0.006385860908170848
4,12	0.008685464030082815	0.000820322919726731	3.563586378218247e-26	0.005761512446544362	0.011609415613621268
4,13	0.0006152930664914819	0.0008203190075804609	0.45321791477905204	-0.002308644572628247	0.0035392307056112105
4,14	-0.0008990190943170898	0.0008203227313979191	0.27311197686040306	-0.003822970006578031	0.0020249318179438513
4,15	0.005259722069032503	0.0008203236650225732	1.448287095955858e-10	0.0023357678289683027	0.008183676309096704
4,16	-0.02290338194081854	0.0008203367915864131	1.584443105347777e-170	-0.025827382969087976	-0.019979380912549107
5,6	0.020300613299690143	0.0008202682849905959	1.3492192897656714e-134	0.01737685645571022	0.023224370143670067
5,7	0.001484335293763581	0.000820264330582137	0.07036530556251519	-0.0014394074551586562	0.004408078042685818
5,8	0.000630928322725946	0.0008202578927102978	0.4417875530037083	-0.00229279147910423	0.003554648124556122
5,9	-0.028483677531320722	0.0008203151686942746	9.034141193303479e-262	-0.03140760148714931	-0.025559753575492138
5,10	-0.018304959983682412	0.0008203292419116906	6.983946412574131e-110	-0.02122893410195966	-0.015380985865405164
5,11	-0.0007575357540797537	0.000820260543020714	0.35573416487896015	-0.003681265002652367	0.0021661934944928597
5,12	-0.0012048000656388648	0.0008202607516581712	0.14189153165813898	-0.004128530057876941	0.001718929926599211
5,13	-0.00021420767691574666	0.0008202559527257619	0.7939796980612442	-0.0031379205638826175	0.002709505210051124
5,14	0.0010088001600216442	0.0008202574085234767	0.21875472775516586	-0.0019149179159774128	0.003932518236020701
5,15	0.00011409796670694416	0.0008202595239885648	0.8893716876653716	-0.0028096276496367084	0.0030378235830505968
5,16	0.0005550907041899089	0.0008202720196423192	0.4985889562290893	-0.002368679451548784	0.0034788608599286017
6,7	-0.004948943690805825	0.0008202902047755937	1.6164850734147443e-09	-0.007872778665468818	-0.0020251087161428324
6,8	0.004368686717441839	0.000820258604775262	1.0073930542526432e-07	0.001444964377533755	0.007292409057349922
6,9	-0.051767423208311826	0.0008203250377129169	0.0	-0.05469138234118105	-0.0488434640754426
6,10	0.01846449975366045	0.0008203376508852993	9.209060199450828e-112	0.015540495662513849	0.021388503844807047
6,11	-0.0007521287281886469	0.0008202614562555625	0.3591786435390103	-0.003675861231887281	0.002171603775509987
6,12	0.00163951637895305	0.0008202585275854579	0.04563631710661907	-0.001284205685820395	0.0045632384437264955
6,13	0.0011864692520432846	0.0008202555558979525	0.14805222839154975	-0.0017372422204741376	0.004110180724560706
6,14	0.0006055069142097292	0.0008202575155514192	0.46040091105711634	-0.0023182115432787563	0.0035292253716982147
6,15	-0.001700477194147721	0.0008202573911709433	0.03816672605745397	-0.004624195208295566	0.0012232408200001234
6,16	0.0073177993019881305	0.0008202740374738094	4.730777382502937e-19	0.0043940219539091545	0.010241576650067107
7,8	-0.0007152212036639974	0.0008202575604742815	0.3832404583518567	-0.0036389398212751264	0.0022084974139471316
7,9	0.024905483212397144	0.0008203293701983825	4.715145585568542e-201	0.021981508636855975	0.027829457787938314
7,10	0.05293224091604187	0.0008203402619279673	0.0	0.05000822751811844	0.055856254313965306
7,11	0.0007809371671296042	0.0008202627665213616	0.3410714577877718	-0.002142800006868574	0.0037046743411277825
7,12	-0.003981392632641854	0.0008202592493797847	1.2138485572153596e-06	-0.006905117270172458	-0.00105766799511125
7,13	-0.0006946440460467579	0.0008202571162396088	0.3970755295815619	-0.0036183610802318442	0.0022290729881383285
7,14	0.000682085689256956	0.0008202607308445481	0.4056675117920331	-0.00224164422879323	0.003605815607307142
7,15	-0.0013544127409992291	0.0008202600474760292	0.09870273887774447	-0.004278140223256857	0.0015693147412583993
7,16	-0.0005851608518698814	0.0008202708580407206	0.475616204803717	-0.00350892686720636	0.002338605163466597
8,9	0.0021374548109988315	0.0008203090296983798	0.009171561058882265	-0.0007864472630483995	0.005061356885046062
8,10	0.0010762384612885006	0.0008203204616103381	0.18953381366705133	-0.0018477043605621495	0.004000181283139151
8,11	-0.0014280082099366737	0.000820255040173055	0.08170024162538306	-0.004351717844208943	0.0014957014243355956
8,12	0.0002304055852410192	0.0008202541555522431	0.7787915552889786	-0.0026933008958968424	0.003154112066378881
8,13	-0.00042197240259939615	0.0008202522796298869	0.6069445987128953	-0.003345672197216606	0.0025017273920178136
8,14	0.0002787182404788355	0.0008202554102995168	0.7340124223175171	-0.0026449927130688415	0.0032024291940265124
8,15	0.00038807629953505843	0.0008202560942593722	0.6361319971582757	-0.002535637091912931	0.003311789690983048
8,16	-0.000836831624623266	0.0008202610399099315	0.3076366590487716	-0.0037605626443033046	0.0020868993950567726
9,10	-0.1629505605831547	0.0008204080925860395	0.0	-0.16587481575606128	-0.16002630541024815
9,11	0.011723857605833459	0.0008203132712542441	2.8887052382561243e-46	0.00879994041322293	0.014647774798443987
9,12	-0.005315834159745134	0.000820309554075442	9.220636779989592e-11	-0.008239738102877215	-0.002391930216613053
9,13	-0.00032766185403614555	0.0008203081894863955	0.6895721791279497	-0.0032515609332393913	0.0025962372251671
9,14	-0.0022343994601642905	0.0008203100991093748	0.006454357505971304	-0.005158305346010384	0.0006895064256818031
9,15	0.003132006838832222	0.0008203114701461608	0.00013462442880930243	0.0002080960660750292	0.0060559176115894155
9,16	0.012310052532784511	0.0008203235628005627	8.121770426765328e-51	0.009386098657079518	0.015234006408489504
10,11	-0.002637071467933084	0.0008203273368462985	0.001306640267476986	-0.005561038795812507	0.00028689585994633865
10,12	-0.0017788122697022651	0.0008203223998928149	0.03012955005609811	-0.004702762000349416	0.001145137460944886
10,13	-0.001793536879314571	0.0008203186789088952	0.02879061150585885	-0.004717473346920348	0.0011303995882912064
10,14	-0.005783050006318895	0.0008203220470853998	1.8104365393056393e-12	-0.008706998479422492	-0.002859101533215298
10,15	0.0069876229133425515	0.0008203231201127877	1.655517796223205e-17	0.004063670615549854	0.009911575211135249
10,16	0.00209013492314173	0.000820336459949492	0.010839648492093696	-0.0008338649230440667	0.005014134769327527
11,12	0.003977533000060013	0.0008202591501525892	1.2429820567185759e-06	0.0010538087162139252	0.006901257283906101
11,13	-0.0013038319337800508	0.0008202563983524832	0.11194296361694529	-0.00422754640913477	0.0016198825415746684
11,14	0.00039760990861936046	0.0008202565309105925	0.6278634975211095	-0.002526105039224283	0.003321324856463004
11,15	-0.000532534210842912	0.0008202552969963912	0.5161921258792581	-0.0034562447605339546	0.0023911763388481306
11,16	-0.000952933932879825	0.0008202667273723152	0.24534671606019262	-0.00387668522489926	0.00197081735913961
12,13	-0.0006971540821935282	0.0008202527606539929	0.39536940646674334	-0.0036208555913687037	0.0022265474269816472
12,14	-0.00040921418476106385	0.0008202546823131199	0.6178608651569755	-0.003332922543480623	0.002514494173958495
12,15	-2.6211952778309316e-05	0.0008202551754004849	0.9745073562872146	-0.002949922069054005	0.0028974981634973863
12,16	0.0017974283492939308	0.0008202641318024004	0.02843507850798443	-0.001126313691099614	0.004721170389687475
13,14	0.00037570819433264653	0.0008202555252268303	0.6469266782174254	-0.0025480031688609054	0.0032994195575261984
13,15	0.0009133544797024426	0.0008202539218991731	0.2654969594483635	-0.0020103511686045327	0.003837060128009418
13,16	0.0012418100880013938	0.0008202628954015309	0.1300517122173156	-0.0016819275453760925	0.004165547721378881
14,15	0.0002500007994513699	0.0008202580709027446	0.7605323285767309	-0.002673719637526349	0.003173721236429089
14,16	0.0011113418537892703	0.0008202643870548678	0.1754674815254117	-0.0018124010964238567	0.004035084804002397
15,16	-0.0010653162253827803	0.0008202616887548195	0.19403378132018254	-0.00398904955779966	0.0018584171070340993
