Params: 	697
Performance: 	0.9546066947460808
Term	Coefficient	Standard Error	p-value	95% CI lower	95% CI upper
Intercept	9.03135418948979
1	-0.08698526716388927	0.0005370545858483554	0.0	-0.08911775611690527	-0.08485277821087327
2	0.008119723809991054	0.0005370038252962716	1.4569284214080942e-51	0.005987436412495516	0.010252011207486592
3	0.023734442924924395	0.0005369942007966016	0.0	0.02160219374354276	0.02586669210630603
4	0.2088642813595897	0.0005370567628286655	0.0	0.2067317837624124	0.210996778956767
5	0.030182966559478042	0.000537007387715411	0.0	0.028050665016642978	0.032315268102313104
6	-0.020744258066242072	0.000537029643051487	0.0	-0.022876647978601537	-0.018611868153882608
7	-0.0724510456613539	0.000537029341087919	0.0	-0.07458343437470306	-0.07031865694800472
8	0.0036461218878016443	0.0005369936767427013	1.1319748825373295e-11	0.001513874787286987	0.005778368988316301
9	0.22858270832797276	0.0005370472739279696	0.0	0.22645024840848493	0.23071516824746058
10	0.4089024969109295	0.0005370558820296862	0.0	0.40677000281115105	0.41103499101070795
11	0.0053319978489802244	0.0005370023146140503	3.2295496553288903e-23	0.0031997164499683295	0.007464279247992119
12	0.002705240593032794	0.0005369978678161284	4.7240053718333516e-07	0.0005729768509736455	0.004837504335091943
13	0.0024530956468150587	0.000536992063680281	4.9280401973632155e-06	0.000320854951306303	0.004585336342323814
14	0.004589415231374105	0.0005369981275607711	1.2968580477851497e-17	0.0024571504579438525	0.006721680004804357
15	-0.005437090643965657	0.0005369982149737756	4.462735933668127e-24	-0.007569355764487753	-0.003304825523443561
16	-0.0008465371056366605	0.0005370080974953749	0.11493961539880466	-0.002978841466803365	0.001285767255530044
1,2	0.013133997453988102	0.0005369876568255494	1.62690085941824e-131	0.011001774256829197	0.015266220651147007
1,3	-8.526159175104367e-05	0.0005369800542178719	0.873842853077618	-0.0022174546011463317	0.0020469314176442444
1,4	0.09229974545433209	0.0005370544106625505	0.0	0.09016725719692842	0.09443223371173576
1,5	0.008338278375793918	0.0005369904955631907	2.8231616266358965e-54	0.006206043906826114	0.010470512844761722
1,6	-0.023891613029941354	0.000537014521054206	0.0	-0.02602394289720857	-0.02175928316267414
1,7	-0.021371318801133462	0.0005370131113727541	0.0	-0.023503643070961977	-0.019238994531304947
1,8	0.0019234640012182232	0.0005369795482706019	0.000341217021973863	-0.0002087269992062965	0.004055655001642743
1,9	0.07245485099352694	0.000537043104084256	0.0	0.07032240763128653	0.07458729435576736
1,10	0.07454501094659244	0.000537053473727511	0.0	0.07241252640948774	0.07667749548369714
1,11	0.0028249931885480787	0.0005369858219516573	1.438610082061938e-07	0.0006927772771444934	0.004957209099951664
1,12	0.011038269363175032	0.0005369803601303387	1.3554294763581583e-93	0.008906075139089517	0.013170463587260546
1,13	-0.00038744920501203664	0.0005369796421314404	0.47058349370060926	-0.00251964057813089	0.0017447421681068167
1,14	0.0002231169618394247	0.0005369828300117451	0.677776487303882	-0.0019090870694332038	0.0023553209931120533
1,15	-0.004511412895401499	0.0005369826070826658	4.499901911459754e-17	-0.006643616041487013	-0.002379209749315984
1,16	0.00922746781869533	0.0005369958763952997	4.957692502848606e-66	0.00709521198399426	0.0113597236533964
2,3	-0.0017505286867063527	0.0005369323262815471	0.00111375437115591	-0.0038825321822241973	0.0003814748088114919
2,4	9.590776199034203e-05	0.0005370040443361177	0.8582540530754359	-0.002036380505249286	0.00222819602922997
2,5	0.003130169533504093	0.0005369424541349345	5.581843112202619e-09	0.0009981258231998268	0.005262213243808359
2,6	-0.003671112754296116	0.0005369459727576449	8.157274264996252e-12	-0.005803170436036913	-0.001539055072555319
2,7	-0.0023221053349113223	0.0005369505546029098	1.5302669532205702e-05	-0.004454181209838938	-0.00019002945998370735
2,8	0.00022756907673258941	0.0005369280712405525	0.6716873388231087	-0.0019044175232439927	0.0023595556767091715
2,9	-0.005110028109271157	0.0005369931097895436	1.8591393597131465e-21	-0.007242272958578251	-0.0029777832599640636
2,10	0.006093126784235028	0.0005370034842243686	8.236705302224603e-30	0.003960840741037703	0.008225412827432353
2,11	-0.002063718416887364	0.0005369351686831023	0.00012140094921031055	-0.0041957331987624545	6.829636498772692e-05
2,12	0.000527266528629191	0.0005369346997465787	0.32610660807365643	-0.0016047463912341369	0.002659279448492519
2,13	-0.0003488043822205654	0.0005369283556617853	0.5159340309055351	-0.0024807921115518774	0.0017831833471107466
2,14	-3.205272652953735e-05	0.0005369339505496372	0.952398065335367	-0.0021640626715477684	0.0020999572184886937
2,15	-0.0011210050999421167	0.0005369287642979793	0.03681892111358552	-0.0032529944518499645	0.0010109842519657312
2,16	-0.00086516665886208	0.0005369437654735504	0.10712364602882392	-0.002997215576113993	0.001266882258389833
3,4	-0.015369309591471692	0.0005369945673167061	4.9083526698804996e-179	-0.01750156022819901	-0.013237058954744372
3,5	0.006120744482868867	0.0005369340264170211	4.497674159072632e-30	0.003988734236603123	0.008252754729134611
3,6	0.001274386872517158	0.0005369392938107545	0.017626735026317515	-0.0008576442890507606	0.003406418034085077
3,7	0.001675709002112162	0.0005369397770139995	0.0018040898263606637	-0.00045632407811655807	0.003807742082340882
3,8	-0.00029418161852336547	0.0005369277467172989	0.5837638669376586	-0.0024261669299116516	0.0018378036928649207
3,9	-0.007789382720224137	0.0005369865766475247	1.3251109155712078e-47	-0.009921601628307469	-0.005657163812140806
3,10	-0.027883653973590092	0.0005369946924847916	0.0	-0.030015905107323798	-0.025751402839856385
3,11	-0.0018136575560892317	0.0005369305332724796	0.0007310471603010916	-0.003945653932084909	0.0003183388199064453
3,12	-0.0017028115601717062	0.0005369277730849023	0.0015177835668726582	-0.003834796976258145	0.0004291738559147329
3,13	-0.00034828997243998953	0.000536923166329021	0.5165491694851603	-0.0024802570964267334	0.0017836771515467543
3,14	0.00013344097382726218	0.0005369251597240321	0.8037266468124897	-0.0019985340653564695	0.002265416013010994
3,15	-8.258426575177488e-05	0.0005369272807785796	0.8777607934087122	-0.002214567727031715	0.002049399195528165
3,16	0.0025198114398311752	0.0005369374499881715	2.698686801669407e-06	0.00038778759955124687	0.004651835280111104
4,5	0.032730492263980844	0.0005370075405101788	0.0	0.0305981901144418	0.03486279441351989
4,6	0.11732286697736222	0.0005370299154017361	0.0	0.11519047598357841	0.11945525797114602
4,7	0.04517117986410166	0.0005370296858743966	0.0	0.043038789781704764	0.04730356994649855
4,8	-0.003395647812391406	0.0005369940888372071	2.574812296083174e-10	-0.005527896549214558	-0.0012633990755682536
4,9	-0.03559900474199773	0.000537047840712491	0.0	-0.03773146691202352	-0.033466542571971944
4,10	-0.16093351499422107	0.0005370563786195481	0.0	-0.1630660110658147	-0.15880101892262743
4,11	-0.009400218616912159	0.0005370027593360155	1.892666614640182e-68	-0.011532501781786785	-0.007267935452037532
4,12	0.008530290574022478	0.0005369982695123967	1.0298378928222747e-56	0.006398025236943238	0.010662555911101719
4,13	0.0006645523168264666	0.0005369925518828851	0.21588942153655527	-0.0014676903171941045	0.002796794950847038
4,14	-0.000917360501159481	0.000536998626662199	0.08758352584027489	-0.0030496272563776366	0.0012149062540586747
4,15	0.005241973003670627	0.0005369986257730154	1.7053910129002573e-22	0.003109706251983163	0.007374239755358091
4,16	-0.023115591631789435	0.0005370086105079423	0.0	-0.025247898029981168	-0.0209832852335977
5,6	0.02032184477995961	0.0005369535520966616	5.0544092756602e-310	0.01818975700284834	0.02245393255707088
5,7	0.00132096008251837	0.000536950826954048	0.01389190761523028	-0.0008111168738371083	0.0034530370388738485
5,8	0.0006081705205071251	0.000536933637950742	0.2573555937363144	-0.0015238381832710004	0.0027401792242852507
5,9	-0.02848128211694658	0.0005369940585157135	0.0	-0.03061353073337182	-0.02634903350052134
5,10	-0.018295474057821573	0.0005370072312186582	3.7222549103086446e-252	-0.020427774979253143	-0.016163173136390003
5,11	-0.000737740649247429	0.0005369370471683927	0.16945274027048732	-0.0028697628900461298	0.0013942815915512718
5,12	-0.0011989445881060105	0.0005369376000070436	0.025556920455026385	-0.003330969024067637	0.0009330798478556159
5,13	-0.00022179592872913212	0.0005369307333318591	0.6795485841306342	-0.002353793099102938	0.0019102012416446737
5,14	0.0010460329443712363	0.0005369341306368895	0.0514003048952079	-0.0010859777157215629	0.0031780436044640354
5,15	-4.15361310937383e-06	0.0005369336796287531	0.9938278078340812	-0.002136162482378868	0.00212785525616012
5,16	0.0004491202115200054	0.0005369501881062389	0.40291722837775257	-0.0016829542081549728	0.0025811946311949836
6,7	-0.0046157041759486706	0.0005369818071317302	8.461985846949907e-18	-0.006747904145659608	-0.002483504206237733
6,8	0.004436141830689766	0.0005369414727183139	1.4609776867395204e-16	0.002304102017308005	0.006568181644071528
6,9	-0.0515413657320378	0.0005370152531290824	0.0	-0.053673698506163325	-0.04940903295791227
6,10	0.018843111357930487	0.0005370290521843693	3.4994386370032745e-267	0.01671072379173403	0.020975498924126944
6,11	-0.0007944465633335793	0.0005369450285330672	0.13899352245789792	-0.002926500495830753	0.0013376073691635944
6,12	0.001728382912938413	0.0005369414263918668	0.0012872855468988077	-0.0004036567164943808	0.0038604225423712066
6,13	0.0011423076341863583	0.0005369361438124203	0.03338606190518941	-0.0009897110196461704	0.003274326288018887
6,14	0.000492557146087801	0.0005369404481944984	0.3589677479499439	-0.0016394785992052108	0.0026245928913808127
6,15	-0.0016953717341000457	0.0005369394712483632	0.0015921653219740216	-0.0038274036002215617	0.0004366601320214703
6,16	0.007593352079599585	0.0005369608939721797	2.4696698989263587e-45	0.00546123515001695	0.00972546900918222
7,8	-0.0007291690478456441	0.0005369385511629637	0.17446460369732905	-0.002861197260573256	0.0014028591648819677
7,9	0.025223300687565196	0.0005370175130977496	0.0	0.023090958939755532	0.02735564243537486
7,10	0.05340261251920564	0.0005370290188782442	0.0	0.051270225085258206	0.05553499995315307
7,11	0.0006477866833069119	0.000536948395718503	0.22765901575347472	-0.0014842806193130272	0.002779853985926851
7,12	-0.004056877714936465	0.0005369429974097917	4.227192845699803e-14	-0.006188923582428588	-0.0019248318474443414
7,13	-0.0007220944727930109	0.000536939020563018	0.1786832100567736	-0.0028541245493729325	0.0014099356037869108
7,14	0.0006740564413315869	0.0005369433011816594	0.2093531323429989	-0.0014579906323510601	0.002806103515014234
7,15	-0.001317457143856355	0.0005369424216946033	0.014144936079561065	-0.0034495007253494167	0.0008145864376367068
7,16	-0.00045762679403664464	0.0005369571879471985	0.394073321589132	-0.002589729008062351	0.0016744754199890617
8,9	0.0021124426986458104	0.0005369846673992344	8.366697334954195e-05	-1.9768628362906715e-05	0.004244654025654528
8,10	0.0010620898044874406	0.0005369936296882958	0.04795052721550295	-0.001070157109187736	0.0031943367181626174
8,11	-0.0014525607202782037	0.0005369284378374725	0.006825753467255233	-0.0035845487759054826	0.0006794273353490751
8,12	0.00017751159923307374	0.0005369261595175167	0.7409423599217236	-0.001954467409842392	0.0023094906083085394
8,13	-0.000372781394642625	0.0005369237728227603	0.48750217853662214	-0.002504750926841184	0.0017591881375559342
8,14	0.00014209801068910954	0.000536926407235554	0.7912793185092001	-0.001989881982003277	0.002274078003381496
8,15	0.0003059194935343375	0.0005369291512858054	0.5688440679214066	-0.0018260713949906178	0.002437910382059293
8,16	-0.0008460274587181078	0.0005369337095769896	0.11510802363340782	-0.002978036446903416	0.0012859815294672004
9,10	-0.16359315240814098	0.000537047344941644	0.0	-0.16572561260960364	-0.16146069220667833
9,11	0.011642335884517603	0.0005369904219846883	7.352994705308098e-104	0.009510101707708824	0.013774570061326383
9,12	-0.005408108317928487	0.0005369858383599453	7.712005318372315e-24	-0.007540324294484655	-0.00327589234137232
9,13	-0.00027674552914617664	0.0005369831623112556	0.6062955888348569	-0.0024089508798843754	0.0018554598215920221
9,14	-0.0022566041388948545	0.0005369862475751605	2.6451385513234825e-05	-0.004388821740326685	-0.0001243865374630248
9,15	0.003071727305736422	0.0005369870296282957	1.0680524785365685e-08	0.0009395065989970214	0.005203948012475822
9,16	0.012179334128855673	0.0005369975486222355	1.9499627346131757e-113	0.010047071654223465	0.01431159660348788
10,11	-0.00272360200421028	0.0005370030170461429	3.950451304186009e-07	-0.004855886192377537	-0.0005913178160430231
10,12	-0.0019394050919451997	0.0005369980761477124	0.00030458238869529976	-0.004071669661229016	0.00019285947733861664
10,13	-0.001748522160349368	0.0005369921209308381	0.00112995929758756	-0.0038807630831835835	0.0003837187624848473
10,14	-0.005798735538337374	0.0005369980198689712	3.694278673064943e-27	-0.007930999884154532	-0.0036664711925202165
10,15	0.0069725297228057405	0.0005369982236090203	1.679819733535804e-38	0.004840264567995576	0.009104794877615905
10,16	0.0018801984511796401	0.0005370083592844769	0.00046340116014652837	-0.00025210694947612683	0.004012503851835407
11,12	0.004033110269635851	0.0005369355090118699	5.927395011601924e-14	0.0019010941364133254	0.006165126402858377
11,13	-0.0012510933311043445	0.0005369304180741717	0.019804750368712796	-0.003383089249680747	0.0008809025874720582
11,14	0.0005303604498393339	0.0005369296440506523	0.32327133607236713	-0.0016016323953127877	0.0026623532949914554
11,15	-0.0005299799855597396	0.0005369310543244169	0.3236198382634917	-0.002661978430502465	0.0016020184593829858
11,16	-0.001039986518214308	0.0005369431006354196	0.05276616637091392	-0.0031720327955856446	0.0010920597591570287
12,13	-0.0006873665279618253	0.0005369258996998557	0.2004833523315781	-0.0028193445053762522	0.0014446114494526016
12,14	-0.00035833885009322296	0.0005369283450598494	0.5045275342800295	-0.0024903265373273035	0.0017736488371408576
12,15	7.891340048801071e-05	0.0005369303633471922	0.8831550646106767	-0.0020530823007833317	0.002210909101759353
12,16	0.001685992951959002	0.0005369411487967118	0.0016902661349131912	-0.0004460455752234487	0.0038180314791414526
13,14	0.0002662926257689909	0.0005369272592078151	0.6199267138200446	-0.0018656907498596615	0.0023982760013976433
13,15	0.000934117377961053	0.0005369268278392959	0.08190805360039644	-0.0011978642848275525	0.0030660990407496585
13,16	0.0012377926762977623	0.0005369349192166645	0.02115329416077192	-0.0008942211150180131	0.0033698064676135377
14,15	0.0002729936226895449	0.0005369307848216313	0.6111510740453068	-0.0018590037521353043	0.002404990997514394
14,16	0.0011033806360218456	0.0005369376100015549	0.03988773441412644	-0.001028643839625104	0.003235405111668795
15,16	-0.0010179065841555372	0.0005369352600814274	0.05799473377368869	-0.003149921728947031	0.0011141085606359569
1,2,3	-0.003078985101884665	0.0005369119978910139	9.816829174402818e-09	-0.0052109078792234136	-0.000947062324545916
1,2,4	-0.014654142517304625	0.0005369880596153572	4.8134078789861854e-163	-0.01678636731382575	-0.0125219177207835
1,2,5	0.0029029521626535958	0.0005369204404289127	6.443465231215637e-08	0.0007709958624304339	0.005034908462876757
1,2,6	0.001960482333737631	0.0005369329684987304	0.00026116252335248294	-0.0001715237118395281	0.00409248837931479
1,2,7	0.005151224205733088	0.0005369374580452671	8.787099378889034e-22	0.003019200333460755	0.007283248078005421
1,2,8	-0.0008418027364849329	0.0005369092286117149	0.11691688167474593	-0.0029737145178138375	0.0012901090448439716
1,2,9	0.0014495690208091994	0.0005369744915025268	0.006945940269915945	-0.0006826019006469205	0.003581739942265319
1,2,10	-0.0074716898213294716	0.0005369868741639108	6.022860285362279e-44	-0.009603909910764614	-0.00533946973189433
1,2,11	-0.0025487999810591515	0.0005369159902959084	2.067850896782519e-06	-0.004680738611086916	-0.00041686135103138726
1,2,12	-0.008586555978209752	0.0005369133309707262	1.8621033438909962e-57	-0.010718484048823775	-0.006454627907595729
1,2,13	0.0001403542796317367	0.0005369110361204748	0.7937766570486524	-0.0019915646787934346	0.002272273238056908
1,2,14	-0.0004977956793294075	0.0005369155715412247	0.3538575413269647	-0.00262973264660303	0.001634141287944215
1,2,15	0.00014575393991014297	0.0005369102264041124	0.7860319862137389	-0.001986161803364756	0.002277669683185042
1,2,16	0.0003395962543268644	0.0005369240560648071	0.527072444050229	-0.0017923744025442174	0.002471566911197946
1,3,4	0.0017390825641759415	0.0005369804660396317	0.0012016491299645046	-0.00039311208044484625	0.0038712772087967293
1,3,5	0.003083689485269544	0.0005369143384423653	9.323538283913157e-09	0.0009517574142760485	0.005215621556263039
1,3,6	0.0021710524902347657	0.0005369274210906892	5.272605181326665e-05	3.906847181588341e-05	0.004303036508653648
1,3,7	0.0010998386392099685	0.0005369290531823642	0.040526113114956366	-0.0010321518597745005	0.0032318291381944375
1,3,8	0.0004068241904595163	0.0005369104753345967	0.44862542749151435	-0.001725092541246581	0.0025387409221656137
1,3,9	0.00010584324659434086	0.0005369705293450208	0.8437406439098669	-0.002026311942276425	0.002237998435465107
1,3,10	0.009529350314243085	0.0005369791995433176	2.7126676266488737e-70	0.00739716069851409	0.01166153992997208
1,3,11	0.002133300656439109	0.0005369119693290253	7.096728150590401e-05	1.3779925117835858e-06	0.004265223320366435
1,3,12	0.0012955833541971988	0.0005369085345697856	0.015822729612914827	-0.0008363256712912641	0.0034274923796856617
1,3,13	0.00010191668255544496	0.0005369083277964071	0.8494496958283461	-0.0020299915218955347	0.0022338248870064246
1,3,14	0.0007527553631706332	0.0005369080568242051	0.16091435639087995	-0.001379151765327841	0.0028846624916691074
1,3,15	-0.0005791674543693046	0.0005369101551423077	0.2807234746946756	-0.0027110829146841185	0.0015527480059455093
1,3,16	0.003160808106626972	0.0005369204055817398	3.953995564447001e-09	0.0010288519447718895	0.0052927642684820544
1,4,5	0.009338408414190601	0.0005369909664632858	1.3966562178984382e-67	0.0072061720754142584	0.011470644752966944
1,4,6	0.006389383515949458	0.0005370144116079026	1.3119409825793878e-32	0.004257054083261965	0.008521712948636951
1,4,7	0.01398687730882519	0.0005370130743644766	8.921158735887994e-149	0.011854553185945877	0.0161192014317045
1,4,8	-0.0006583129409823488	0.0005369798961173206	0.22022026638878997	-0.0027905053226059203	0.0014738794406412227
1,4,9	-0.034061784347190815	0.0005370434093983793	0.0	-0.036194228921745605	-0.031929339772636026
1,4,10	-0.04615627535129117	0.0005370536490585817	0.0	-0.04828876058458501	-0.044023790117997334
1,4,11	-0.0011589719123354953	0.0005369862991328228	0.030909011374360033	-0.0032911897184879405	0.0009732458938169499
1,4,12	-0.006466909955047784	0.0005369809738299278	2.2908142858371156e-33	-0.008599106615957464	-0.004334713294138102
1,4,13	0.00025133253981328603	0.00053698010014634	0.6397517446121228	-0.0018808606519507098	0.002383525731577282
1,4,14	0.00021395185907533906	0.0005369832440434465	0.6903123382148655	-0.0019182538161978302	0.0023461575343485083
1,4,15	0.0032396696004762804	0.0005369829478000367	1.6172222333865878e-09	0.0011074651015002988	0.005371874099452262
1,4,16	-0.013662125718255147	0.0005369963180010017	4.4053349392134065e-142	-0.015794383306445166	-0.011529868130065127
1,5,6	0.006321199165602649	0.0005369408501365991	5.826074335819974e-32	0.004189161824313416	0.008453236506891882
1,5,7	0.001760152319807834	0.0005369368269462102	0.001045501265382863	-0.00037186904655205945	0.0038921736861677273
1,5,8	2.6422500265507742e-05	0.0005369146816148228	0.9607507161463438	-0.002105510933366896	0.0021583559338979115
1,5,9	-0.009367852561779008	0.0005369764496151118	5.337593445611189e-68	-0.011500031258335772	-0.007235673865222244
1,5,10	-0.009631953901235548	0.0005369895481886442	9.082484819934088e-72	-0.011764184608452112	-0.007499723194018986
1,5,11	-0.0007056548264861261	0.0005369164465795913	0.1887590077795199	-0.0028375952682848696	0.0014262856153126175
1,5,12	-0.0017907188010270313	0.0005369169690015554	0.0008529001106763399	-0.0039226613172128055	0.00034122371515874243
1,5,13	0.00018420392907870717	0.0005369139139792322	0.7315400923489832	-0.0019477264564940395	0.002316134314651454
1,5,14	0.00045009506127415	0.0005369149300689901	0.40186610521310173	-0.0016818393588981348	0.002582029481446435
1,5,15	-0.00035603530357270624	0.0005369143285260552	0.5072600431434949	-0.0024879673351913927	0.0017758967280459802
1,5,16	0.0009157329723461149	0.0005369270629306216	0.08810469309815917	-0.0012162496239223794	0.0030477155686146093
1,6,7	0.008039882539250798	0.0005369603093343785	1.3424884478267674e-50	0.005907767931096349	0.010171997147405248
1,6,8	0.0010376880833635437	0.0005369281918684917	0.053285128620962484	-0.0010942989955918135	0.0031696751623189008
1,6,9	0.0030263873812561536	0.0005370025889620002	1.7507163001579602e-08	0.0008941048928876308	0.005158669869624676
1,6,10	0.007409072946501356	0.0005370134296558035	3.0697897767729375e-43	0.005276747412862598	0.009541398480140113
1,6,11	-0.00018097321898952363	0.0005369311234628457	0.7360794872432592	-0.0023129719384610207	0.0019510255004819735
1,6,12	0.001835773601254899	0.0005369272534035842	0.0006288232469311272	-0.0002962097513268254	0.003967756953836624
1,6,13	-8.50957191672122e-05	0.0005369255575557953	0.8740735631339309	-0.0022170723380261995	0.002046880899691775
1,6,14	-0.00029914544989002693	0.0005369287776849533	0.5774325067178862	-0.00243113485495369	0.0018328439551736362
1,6,15	-0.0004998076139400599	0.0005369271033295761	0.3519259602903423	-0.002631790370621157	0.0016321751427410373
1,6,16	0.005652866072173855	0.0005369437439590051	6.747645472755878e-26	0.0035208172403499998	0.0077849149039977104
1,7,8	-0.0003116929658198153	0.0005369273779047754	0.5615712024105615	-0.002443676812759882	0.0018202908811202514
1,7,9	0.013781732794134412	0.0005370038590231178	1.5748371377976898e-144	0.01164944526271929	0.015914020325549536
1,7,10	0.00888077293893054	0.0005370118961821644	2.642576920435237e-61	0.006748453494273575	0.011013092383587504
1,7,11	0.00034681219664801574	0.000536933216843363	0.5183379392523384	-0.001785194835034093	0.0024788192283301245
1,7,12	0.00018044925173023654	0.0005369297623401309	0.7368145880315282	-0.0019515440631153072	0.0023124425665757803
1,7,13	-0.0011319656727160903	0.0005369278677903721	0.03501523670801878	-0.0032639514648506508	0.0010000201194184702
1,7,14	0.0003326666964785993	0.0005369319299824406	0.5355433840201277	-0.001799335225449728	0.0024646686184069265
1,7,15	-0.00025287639180094496	0.0005369320452839411	0.637667070304827	-0.0023848787715582947	0.0018791259879564048
1,7,16	0.0007676086183169596	0.000536943324827008	0.1528396798664279	-0.0013644385492545506	0.00289965578588847
1,8,9	-0.0014196981662192602	0.0005369683825016227	0.008197335986266931	-0.0035518448305937255	0.0007124484981552051
1,8,10	-0.0018132039496473636	0.0005369785145447024	0.0007341004776890411	-0.00394539084544431	0.00031898294614958337
1,8,11	-0.001564131752643947	0.0005369085834398775	0.0035784769963413433	-0.0036960409721814576	0.0005677774668935635
1,8,12	-0.0022173755293038444	0.0005369081124746578	3.63382041579824e-05	-0.004349282878774225	-8.546817983346366e-05
1,8,13	-0.0003114357613183197	0.0005369085926489998	0.5618805030749228	-0.0024433450174226007	0.0018204734947859613
1,8,14	-5.859781025167529e-05	0.0005369101425564421	0.9130926202749964	-0.0021905132205916446	0.002073317600088294
1,8,15	-0.000131428263045439	0.0005369120594139953	0.8066233361432169	-0.002263351284674213	0.002000494758583335
1,8,16	-0.000331573618053466	0.0005369159231629915	0.536872735114929	-0.0024635119815157682	0.0018003647454088363
1,9,10	-0.03904487739990463	0.0005370422728011937	0.0	-0.04117731746135962	-0.036912437338449636
1,9,11	-0.0009481821417620037	0.0005369717285700911	0.07743493921440452	-0.003080342092409844	0.0011839778088858365
1,9,12	-0.0067569573731785845	0.000536967045429587	2.8693069378467854e-36	-0.00888909872842541	-0.004624816017931759
1,9,13	0.00015858123227885206	0.0005369673263220608	0.7677446428466357	-0.0019735612383110193	0.0022907237028687234
1,9,14	-0.0004767644590597461	0.0005369700218678817	0.3746091050757576	-0.0026089176328850743	0.001655388714765582
1,9,15	0.002476697182896793	0.0005369693677429306	3.988833097923901e-06	0.00034454660641309275	0.0046088477593804935
1,9,16	0.0032183040803166647	0.0005369837271314996	2.0671532599729275e-09	0.0010860964868400877	0.005350511673793242
1,10,11	-0.0029180350319585203	0.000536985756403054	5.527246812753627e-08	-0.005050250683087497	-0.0007858193808295438
1,10,12	-0.00808471733211759	0.0005369794434072018	3.858915485103478e-51	-0.010216907916159776	-0.005952526748075405
1,10,13	-0.00045184549250855324	0.0005369785685330407	0.40009392429001567	-0.002584032602677629	0.0016803416176605227
1,10,14	0.000905673302340159	0.0005369816903651434	0.09168514179305887	-0.0012265262037243203	0.0030378728084046384
1,10,15	0.001463740598879562	0.0005369814123773061	0.006414992112581829	-0.0006684578033753462	0.0035959390011344704
1,10,16	0.000973280786386671	0.0005369950687697405	0.06992017674175048	-0.0011589718414661034	0.0031055334142394454
1,11,12	-0.0015802215464485007	0.0005369143806314726	0.0032500295017393846	-0.0037121537849627803	0.0005517106920657788
1,11,13	-0.0007788663539514476	0.0005369126339974016	0.14688530756878979	-0.002910791657085303	0.0013530589491824079
1,11,14	0.0008222860865231708	0.0005369105143586832	0.12564726754368183	-0.0013096308001363252	0.002954202973182667
1,11,15	0.00030105526491544174	0.0005369118899062912	0.5749928833288085	-0.0018308670836471004	0.002432977613477984
1,11,16	0.00012377008109446756	0.0005369229660485234	0.81769048384771	-0.002008196247636152	0.002255736409825087
1,12,13	7.593069867225036e-06	0.0005369099046745849	0.9887166027309688	-0.0021243213959124597	0.0021395075356469098
1,12,14	-0.0003515754033261466	0.0005369107570041457	0.5125913862166547	-0.002483493253460831	0.001780342446808538
1,12,15	-0.00021284162733677114	0.0005369117742948203	0.6917978166592142	-0.0023447635168394876	0.0019190802621659453
1,12,16	-0.0003992825965547023	0.0005369206533283067	0.4570892090359039	-0.0025312397421399886	0.001732674549030584
1,13,14	-0.00015014892260560228	0.0005369120970465246	0.7797448618029819	-0.0022820720936623027	0.001981774248451098
1,13,15	0.0006019357707586648	0.000536910260109256	0.2622449783540473	-0.0015299801063496437	0.0027338516478669734
1,13,16	0.00039255028982092266	0.000536919396911448	0.4647110442423755	-0.001739401866895183	0.0025245024465370284
1,14,15	7.171342678357479e-05	0.0005369141096880684	0.8937462522895749	-0.0020602177358925466	0.002203644589459696
1,14,16	0.00018470680612554802	0.0005369215883040809	0.7308393138906839	-0.0019472540519790285	0.0023166676642301246
1,15,16	-8.696318634409533e-05	0.0005369180544552913	0.8713320853104801	-0.00221891001255377	0.002044983639865579
2,3,4	0.00852090225581852	0.0005369323683529086	1.3179376834822036e-56	0.006388898593247426	0.010652905918389613
2,3,5	0.0005888879245172403	0.0005368887150300381	0.27270981853137677	-0.0015429424032919197	0.0027207182523264002
2,3,6	-0.0006309868157849362	0.0005368878198421423	0.239892050618215	-0.002762813589061002	0.0015008399574911297
2,3,7	0.0006919739844209044	0.0005368886461890425	0.19745159710499463	-0.0014398560700405053	0.002823804038882314
2,3,8	-0.0004773125847052778	0.0005368838303633603	0.37398351833388777	-0.002609123516911078	0.0016544983475005222
2,3,9	-0.005494898229191147	0.0005369240413066852	1.4576688870159851e-24	-0.007626868827461981	-0.003362927630920313
2,3,10	-0.0015181978623394026	0.0005369317477638429	0.004692111213983369	-0.003650199060730203	0.0006138033360513979
2,3,11	0.000380034008132751	0.0005368847243415095	0.47904079393281507	-0.001751780473802588	0.00251184849006809
2,3,12	-0.0007887985449681143	0.0005368848528042308	0.1417797388508002	-0.00292061353699189	0.0013430164470556614
2,3,13	-0.0004058603137165051	0.0005368815585831218	0.4496766912081157	-0.0025376622253378248	0.0017259415979048146
2,3,14	-0.0008026649519014967	0.0005368820401402739	0.13490655732974047	-0.0029344687756474573	0.001329138871844464
2,3,15	-0.00029127985000488785	0.0005368805983061045	0.5874476031273042	-0.002423077948642974	0.0018405182486331984
2,3,16	-0.0001516505028999228	0.0005368929780487455	0.7775921323015285	-0.002283497757927543	0.0019801967521276974
2,4,5	0.001486158312496582	0.000536942447915897	0.005644928820784577	-0.0006458853731136785	0.0036182019981068425
2,4,6	0.005292325740566125	0.0005369460964437651	6.679866718421362e-23	0.003160267567703398	0.007424383913428853
2,4,7	0.00011478884160399157	0.000536951142127666	0.8307201319512292	-0.0020172893662150746	0.0022468670494230577
2,4,8	-9.661280923575766e-05	0.0005369280529636258	0.8572031987080831	-0.002228599336639932	0.0020353737181684167
2,4,9	0.0007939567813658299	0.0005369929607941877	0.13927256838689334	-0.0013382874763236542	0.002926201039055314
2,4,10	-0.006558035905253339	0.0005370032650393758	2.916856026096654e-34	-0.00869032107813024	-0.004425750732376438
2,4,11	0.003924958485229777	0.0005369351946054544	2.703712161266403e-13	0.0017929436004244978	0.006056973370035055
2,4,12	-0.002115291108150244	0.000536934638502685	8.171408762395063e-05	-0.004247303784831723	1.6721568531235468e-05
2,4,13	0.0001842333155621812	0.0005369284754757715	0.7315059192631144	-0.0019477548895159335	0.002316221520640296
2,4,14	0.00036145069073678995	0.0005369340674683626	0.5008382614996603	-0.0017705597185319975	0.0024934611000055774
2,4,15	0.0011457242776343121	0.00053692900722449	0.032859085501413636	-0.0009862660388646857	0.00327771459413331
2,4,16	0.003494936037595901	0.0005369438501908805	7.623605990459029e-11	0.0013628867839558904	0.005626985291235911
2,5,6	0.00023293904898070202	0.0005368982330152212	0.664391045424555	-0.0018989290720040357	0.0023648071699654397
2,5,7	0.00047554817463272767	0.0005368980140216123	0.3757648432226708	-0.0016563190767915144	0.0026074154260569697
2,5,8	0.00019783445273587746	0.0005368879128877162	0.7125137970308529	-0.0019339926899973412	0.002329661595469096
2,5,9	-0.00251747695757119	0.0005369308607272899	2.755857188040328e-06	-0.004649474633795529	-0.00038547928134685097
2,5,10	-0.0023779987196838413	0.0005369418365027576	9.492225070291184e-06	-0.004510039977548766	-0.0002459574618189158
2,5,11	-0.0001199083622689303	0.0005368931539354458	0.8232735700058568	-0.0022517563156919376	0.002011939591154077
2,5,12	-0.0008596356063173133	0.0005368915968280243	0.10935205912457859	-0.0029914773769155905	0.001272206164280964
2,5,13	0.00034861751754210104	0.0005368868959431936	0.5161265126990153	-0.0017832055871975557	0.002480440622281758
2,5,14	-0.0008471083292195727	0.0005368907063161716	0.11461554582260072	-0.002978946563851975	0.0012847299054128299
2,5,15	-0.0004021807892463855	0.0005368871631360471	0.4538012256459095	-0.0025340049549318444	0.0017296433764390734
2,5,16	-0.00023810160440051326	0.0005369003178173913	0.6574240436562738	-0.002369978003533719	0.0018937747947326924
2,6,7	-0.0014012391994404454	0.0005369153478866905	0.009061735105393862	-0.003533175278646381	0.0007306968797654904
2,6,8	0.00045404824548126235	0.0005368876014491036	0.3977207701749098	-0.0016777776606189993	0.002585874151581524
2,6,9	-0.005578579827479165	0.0005369333934143343	2.892129017596732e-25	-0.007710587560273704	-0.0034465720946846266
2,6,10	0.0034796795207660946	0.000536945292123083	9.207040737067777e-11	0.0013476245416289482	0.0056117344999032405
2,6,11	0.0006112725516885713	0.0005368932775226131	0.254900794472375	-0.0015205758924634533	0.0027431209958405957
2,6,12	0.0002549106718952865	0.0005368883571315467	0.634936347887846	-0.0018769182348021291	0.002386739578592702
2,6,13	0.000615383743271216	0.0005368861642732182	0.2517129519137172	-0.0015164364562178742	0.002747203942760306
2,6,14	-0.00042162452335823067	0.0005368892654129544	0.43227470769193266	-0.002553457036579302	0.0017102079898628406
2,6,15	2.7586708593218406e-05	0.0005368842177337058	0.9590205098280787	-0.002104225761748563	0.002159399178935
2,6,16	0.000805146987415243	0.0005369000459492989	0.1337173123057735	-0.0013267283322081344	0.0029370223070386203
2,7,8	2.101107253044826e-05	0.0005368871048255465	0.9687828840969741	-0.002110812861620821	0.0021528350066817173
2,7,9	-0.0007528419552977651	0.0005369398669380444	0.1608910037383196	-0.002884875392588947	0.0013791914819934166
2,7,10	0.005569319929687788	0.0005369501686813953	3.4755060897180124e-25	0.003437245587143265	0.007701394272232312
2,7,11	-0.0006054992000945961	0.0005368941958893412	0.2594165214983653	-0.0027373512908161765	0.0015263528906269844
2,7,12	0.0008207248585784359	0.0005368921743980487	0.12635400362569377	-0.001311119205383922	0.002952568922540794
2,7,13	1.8093429305022363e-05	0.0005368859508937682	0.9731159297680023	-0.002113725922915779	0.0021499127815258236
2,7,14	0.00042002590184839553	0.000536892738634142	0.43402506302428645	-0.0017118204025328462	0.0025518722062296373
2,7,15	0.0004260188052346847	0.0005368881162138577	0.42749157032265805	-0.0017058091448480328	0.0025578467553174023
2,7,16	0.001119802658462179	0.0005369003219433013	0.037011479360631656	-0.001012073757053826	0.0032516790739781838
2,8,9	4.3039332341544834e-05	0.0005369205715366364	0.9361105790948838	-0.0020889174884725953	0.002174996153155685
2,8,10	-0.0006198023527019675	0.0005369272978151508	0.2483607399435383	-0.002751785881629221	0.0015121811762252861
2,8,11	0.00045863972955736965	0.0005368838875830561	0.39296278184216427	-0.0016731714298513487	0.002590450888966088
2,8,12	-0.000273172818350308	0.0005368813963443792	0.6108842864248276	-0.0024049740857683462	0.0018586284490677302
2,8,13	0.0001930203291198966	0.0005368805397810609	0.7192058523228197	-0.0019387775371321114	0.0023248181953719046
2,8,14	-9.249279894375448e-05	0.0005368831268679654	0.8632200365882001	-0.002224300937772126	0.002039315339884617
2,8,15	-0.0001203412520396005	0.0005368817156048383	0.8226424358549057	-0.0022521437871488945	0.0020114612830696935
2,8,16	0.0007454110043793784	0.0005368879555405634	0.1650224785282439	-0.0013864163077160021	0.002877238316474759
2,9,10	-0.005417403253127628	0.0005369921764495276	6.476008841631092e-24	-0.007549644396410556	-0.0032851621098446996
2,9,11	-0.0019905816933248784	0.0005369251053632256	0.00020959578224349638	-0.0041225565166575166	0.00014139313000776027
2,9,12	0.0040861349290988135	0.0005369247482739251	2.772600347494769e-14	0.0019541615236648552	0.006218108334532771
2,9,13	-5.32492944503582e-05	0.0005369193512628096	0.920999162869776	-0.0021852012699088794	0.002078702681008163
2,9,14	0.00043162833860349234	0.0005369226824451709	0.42146179152980334	-0.0017003368640199634	0.002563593541226948
2,9,15	0.00019381948472237988	0.0005369206488486736	0.7181129802525057	-0.0019381376430755745	0.0023257766125203343
2,9,16	2.1173607742791187e-05	0.0005369335873705114	0.9685442447171704	-0.0021108348951958183	0.0021531821106814007
2,10,11	0.002481810384909376	0.000536935072862909	3.804642530391361e-06	0.00034979598350865296	0.004613824786310099
2,10,12	-0.002309808472608848	0.0005369341712630678	1.696297369844429e-05	-0.0044418192940164905	-0.0001777976512012053
2,10,13	5.233350312328945e-06	0.0005369276324601226	0.9922232963292854	-0.002126751507393645	0.002137218208018303
2,10,14	-0.00033368010535959544	0.000536933129721876	0.5343020929100801	-0.0024656867911073926	0.0017983265803882017
2,10,15	0.0016260181309925154	0.0005369283466273453	0.0024597349900245926	-0.0005059695624656398	0.0037580058244506705
2,10,16	0.00025454310571588167	0.000536943483073327	0.635459156421917	-0.0018775046902061465	0.00238659090163791
2,11,12	-0.0016980432109149355	0.0005368895419919602	0.0015636320296066183	-0.003829876822351514	0.00043379040052164307
2,11,13	6.559863447757469e-05	0.0005368839380839758	0.9027536680347718	-0.002066212725455739	0.0021974099944108883
2,11,14	0.0002670842719674268	0.0005368865891812966	0.6188602705527906	-0.001864737614709162	0.0023989061586440156
2,11,15	-0.0007051150491342098	0.0005368832271486889	0.18907005402429722	-0.002836923586148428	0.0014266934878800082
2,11,16	0.0006997987352781246	0.0005368940383995499	0.19243587655038935	-0.0014320527300968914	0.0028316502006531406
2,12,13	-0.0004877311164239328	0.0005368814013766927	0.36364273129301994	-0.002619532403823838	0.0016440701709759722
2,12,14	-0.000988111969557049	0.000536885688908991	0.06570660480338006	-0.003119930281511818	0.00114370634239772
2,12,15	-0.00038482999482290607	0.0005368836160610936	0.47350951523850404	-0.002516640076096178	0.001746980086450366
2,12,16	0.00017439004138739347	0.0005368933373377658	0.7453235109917735	-0.0019574586402733604	0.0023062387230481473
2,13,14	0.0003462954219416361	0.0005368849447910535	0.5189238919398014	-0.0017855199353352968	0.002478110779218569
2,13,15	0.0009954981870632078	0.0005368815685443744	0.06371182258691409	-0.0011363037641113744	0.00312730013823779
2,13,16	0.00037757994777539057	0.0005368886881865395	0.48188744575568554	-0.0017542502734459735	0.0025094101689967546
2,14,15	-0.0006035737788094696	0.0005368849241673119	0.26092626005072944	-0.0027353890541954697	0.0015282414965765304
2,14,16	0.0005250695392952261	0.0005368919861081262	0.3280879684300848	-0.0016067737770221247	0.002656912855612577
2,15,16	0.0005218516750565871	0.000536885731295797	0.33105536312106054	-0.0016099668052039706	0.002653670155317145
3,4,5	0.0014601075337014645	0.0005369339641791059	0.006542929917851697	-0.0006719024654354578	0.003592117532838387
3,4,6	-0.004403201149467288	0.0005369391250121285	2.4363250705870156e-16	-0.00653523164078452	-0.0022711706581500565
3,4,7	-0.004376865415680997	0.0005369398504479494	3.6583369506105694e-16	-0.006508898787494765	-0.0022448320438672293
3,4,8	0.00027765742908283236	0.0005369279557298129	0.6050725510851536	-0.0018543287122338987	0.0024096435703995635
3,4,9	-0.00608625204932882	0.000536986166770456	9.491830323221814e-30	-0.00821846932990846	-0.003954034768749179
3,4,10	0.011382510705916138	0.0005369943579738921	2.242296000356774e-99	0.009250260900428789	0.013514760511403488
3,4,11	-0.0010055810508945474	0.0005369307113903189	0.061096106273789814	-0.0031375781341448214	0.0011264160323557265
3,4,12	0.0019381508528841102	0.0005369275548304064	0.0003067761293941708	-0.00019383369657663798	0.004070135402344858
3,4,13	0.00041203808121683706	0.0005369231057453165	0.4428429003033789	-0.0017199288022094797	0.002544004964643154
3,4,14	2.771200980520097e-05	0.000536925225235503	0.958837683525686	-0.002104263289505698	0.0021596873091161
3,4,15	-0.00021534682216082374	0.0005369274787240622	0.6883681106324274	-0.002347331069425217	0.0019166374251035696
3,4,16	-0.0005668609290420956	0.0005369375561724661	0.29109568145475384	-0.0026988851909492497	0.0015651633328650585
3,5,6	-0.0010344778768171595	0.000536894198106914	0.054011245043789916	-0.0031663299763440822	0.0010973742227097633
3,5,7	0.0033723376327389337	0.0005368880431511275	3.3796006717091207e-10	0.0012405099727672568	0.005504165292710611
3,5,8	0.0002039528083297333	0.0005368865847023763	0.7040352871256291	-0.0019278690605623542	0.002335774677221821
3,5,9	-0.004210566369010987	0.0005369236285475551	4.501187758849553e-15	-0.006342535328334294	-0.0020785974096876807
3,5,10	-0.004587287339611582	0.0005369334839510132	1.3301903352196983e-17	-0.006719295431901175	-0.0024552792473219883
3,5,11	-8.286820835732775e-05	0.0005368845606406404	0.8773341468173457	-0.002214682040283703	0.0020489456235690475
3,5,12	-0.0002919283548081025	0.000536886608694621	0.586620195174427	-0.0024237503189664775	0.0018398936093502725
3,5,13	-0.00033392641896013917	0.0005368825877985576	0.5339618912083903	-0.00246573241729928	0.0017978795793790019
3,5,14	0.0006398971438119645	0.0005368816400722231	0.23331367645696446	-0.001491905091379087	0.002771699379003016
3,5,15	-0.000389248124867958	0.0005368863208163945	0.4684483318720607	-0.002521068945944877	0.001742572696208961
3,5,16	-0.0008867276565370716	0.0005368964088493453	0.09862496727778873	-0.0030185885342849366	0.0012451332212107934
3,6,7	-0.0017570335471752251	0.000536905596306324	0.001066499657502922	-0.0038889309056664443	0.000374863811315994
3,6,8	0.00022469042842892042	0.0005368880059851205	0.6755791728020377	-0.0019071370839672556	0.0023565179408250965
3,6,9	0.002517480827727632	0.0005369306272379054	2.755732726832606e-06	0.0003854840786223345	0.0046494775768329295
3,6,10	-0.0001588009673225716	0.0005369383676990613	0.7674199079603372	-0.002290828451567911	0.001973226516922768
3,6,11	0.0007755918674716596	0.0005368862032122188	0.14857196700514919	-0.001356228486632978	0.002907412221576297
3,6,12	0.000631439487034681	0.0005368841430748455	0.23955178923244969	-0.001500372686858287	0.002763251660927649
3,6,13	0.0006786680203549125	0.0005368823031794578	0.2062019870419575	-0.0014531368478438254	0.0028104728885536504
3,6,14	-0.0003055825813897909	0.0005368819146369603	0.5692358087310494	-0.0024373859067982695	0.0018262207440186877
3,6,15	0.0006096488604506491	0.000536883289624478	0.25615615856738627	-0.0015221599246369186	0.0027414576455382167
3,6,16	0.0015116888283947562	0.0005368962610900075	0.004869998150067284	-0.0006201714626433703	0.0036435491194328827
3,7,8	-0.00013749397874747438	0.0005368845915455651	0.7978775539271237	-0.002269307933388397	0.001994319975893448
3,7,9	0.0023851686154010114	0.000536932157285914	8.918521047596365e-06	0.0002531657909161126	0.00451717143988591
3,7,10	0.0009271559847628882	0.0005369392226224081	0.08421864508074825	-0.001204874894136627	0.0030591868636624035
3,7,11	0.00045459770587469306	0.0005368863026839234	0.3971488141912619	-0.0016772230432034103	0.0025864184549527964
3,7,12	6.119711484809179e-05	0.0005368845609374563	0.9092495550128488	-0.0020706167182568532	0.002193010947953037
3,7,13	-4.2831528569507726e-05	0.0005368825185004874	0.9364138995281543	-0.0021746372517459874	0.002088974194606972
3,7,14	0.00017609972962139182	0.0005368819876584816	0.7429092960265602	-0.0019557038857344992	0.002307903344977283
3,7,15	0.00041297648115554055	0.0005368839786713156	0.4417715249164895	-0.0017188350399384	0.002544788002249481
3,7,16	0.0002415257915149814	0.0005368923312016761	0.6528137014750226	-0.0018903188950693817	0.0023733704780993445
3,8,9	3.808953263684245e-06	0.000536920974119491	0.994339823067554	-0.002128149466090926	0.0021357673726182945
3,8,10	0.00012874881182024095	0.0005369277965481793	0.810495417714744	-0.0020032366974321075	0.0022607343210725894
3,8,11	-0.00015103082211659694	0.000536883143769491	0.7784732235333812	-0.0022828390280560545	0.0019807773838228606
3,8,12	-0.00011604706948481827	0.0005368832240378037	0.8288718586210089	-0.0022478555941466078	0.0020157614551769712
3,8,13	0.0008633851754842083	0.0005368804571704783	0.10780687902510852	-0.001268412362744989	0.0029951827137134055
3,8,14	-0.0004075016277968954	0.0005368822059932288	0.4478463840912632	-0.0025393061100971322	0.0017243028545033414
3,8,15	0.0003043421947088133	0.0005368824638888847	0.5708049487278749	-0.001827463311620734	0.0024361477010383607
3,8,16	-0.0005647114360377717	0.0005368878901284471	0.2928843655486082	-0.0026965384884004933	0.0015671156163249498
3,9,10	-0.0020732519341528045	0.0005369860205536027	0.00011307817500457289	-0.004205468634147468	5.896476584185857e-05
3,9,11	0.00016825669634236082	0.0005369214870350617	0.753998310890283	-0.0019637037596521314	0.002300217152336853
3,9,12	0.0012208179356806013	0.0005369189462275917	0.022984468772886783	-0.000911132431499822	0.0033527683028610243
3,9,13	0.0002991177559372518	0.0005369155422927758	0.5774583623400229	-0.0018328190951992108	0.0024310546070737144
3,9,14	-0.00022291687622969306	0.0005369164160953718	0.6780116329284717	-0.0023548571969843886	0.0019090234445250025
3,9,15	0.0007693352408991369	0.0005369185697442771	0.15189945806641716	-0.0013626136313745663	0.00290128411317284
3,9,16	-0.0009210414066815539	0.0005369294376642392	0.08627923432346513	-0.00305303343233272	0.0012109506189696122
3,10,11	0.002041183273705248	0.0005369310035441845	0.0001439118304140783	-9.081496960381243e-05	0.004173181517014308
3,10,12	0.00251315678464846	0.0005369275489123555	2.865821822260802e-06	0.00038117225868658554	0.0046451413106103345
3,10,13	0.0007099582858988516	0.0005369228954455218	0.18608218092766451	-0.0014220077624875998	0.002841924334285303
3,10,14	0.00028327223376004886	0.0005369247578697023	0.5977907944497147	-0.0018487012097759743	0.002415245677296072
3,10,15	0.0007272611901239685	0.000536927417328501	0.1755858203414671	-0.001404722813356349	0.002859245193604286
3,10,16	-0.0020704112595936663	0.0005369374240800347	0.00011538655085763611	-0.004202434996999851	6.161247781251867e-05
3,11,12	-2.9698591679817865e-06	0.000536886883306449	0.9955864380981301	-0.0021347929137307685	0.002128853195394805
3,11,13	-0.0006198019331591434	0.0005368829753615048	0.24832200838439758	-0.0027516094703990317	0.001512005604080745
3,11,14	-3.589948812778368e-05	0.0005368809074636803	0.9466879810704333	-0.002167698814341488	0.0020958998380859206
3,11,15	0.00023433035215464186	0.0005368813731914317	0.66250027875611	-0.0018974708233297157	0.0023661315276389994
3,11,16	-0.0005059270448228362	0.0005368906867596957	0.3460283505469576	-0.00263776520180211	0.0016259111121564376
3,12,13	-0.0008414588828851363	0.000536880876187414	0.11704711184550748	-0.0029732580849098026	0.00129034031913953
3,12,14	-0.00034574863892275834	0.0005368804814387275	0.5195806156966009	-0.002477546273514178	0.0017860489956686614
3,12,15	-0.0007200448113148412	0.0005368823065816247	0.17987339943989025	-0.0028518496930226033	0.0014117600703929208
3,12,16	0.0006893947079428427	0.0005368886117036741	0.1991272002564301	-0.0014424352095871095	0.002821224625472795
3,13,14	0.0005454044157167494	0.0005368787215515062	0.30969029740704224	-0.0015863862308698063	0.002677195062303305
3,13,15	-0.00048068771394119136	0.0005368802815708003	0.37061137549577605	-0.0026124845549146845	0.0016511091270323018
3,13,16	0.00029316189782426297	0.0005368860924005505	0.5850395448472878	-0.0018386580162791815	0.0024249818119277075
3,14,15	0.00045443714367085497	0.0005368818781951284	0.39731167541536827	-0.0016773660370376139	0.002586240324379324
3,14,16	0.00016407492668896618	0.0005368859730783735	0.7599065584903985	-0.001967744513620508	0.0022958943669984405
3,15,16	-3.510792615912112e-05	0.0005368856636507705	0.9478622465275008	-0.002166926137820777	0.0020967102855025347
4,5,6	0.02623518279433148	0.0005369537016196828	0.0	0.024103094423507394	0.028367271165155562
4,5,7	0.005995346682748943	0.000536951268467664	6.392652731708273e-29	0.0038632679732701625	0.008127425392227723
4,5,8	-0.0011475583142723164	0.000536933811020716	0.03258194475323503	-0.003279567705261421	0.0009844510767167882
4,5,9	-0.02105614386988133	0.0005369938925761309	0.0	-0.02318839182740832	-0.018923895912354338
4,5,10	-0.034775105220196396	0.0005370070782788638	0.0	-0.036907405534348126	-0.03264280490604467
4,5,11	0.0006278009499816536	0.0005369371799389179	0.24231688724622083	-0.0015042218180105309	0.002759823717973838
4,5,12	0.0032351130394800177	0.0005369375551098687	1.698982984967756e-09	0.0011030887817921314	0.005367137297167904
4,5,13	-0.0003388709009530446	0.0005369308813697451	0.5279605508237023	-0.002470868659142623	0.0017931268572365338
4,5,14	-0.0009895741699261149	0.0005369342611283814	0.06533242702643154	-0.0031215853481630137	0.001142437008310784
4,5,15	0.0008983534261864552	0.0005369339804554174	0.09430910243650097	-0.0012336566375790088	0.003030363489951919
4,5,16	-0.000811813795558035	0.0005369503132177529	0.13056486657531022	-0.0029438887120147713	0.0013202611208987013
4,6,7	-0.0033060587975844227	0.000536981895029225	7.469378209927431e-10	-0.005438259116310976	-0.0011738584788578703
4,6,8	-0.00238134451662024	0.0005369414484122317	9.221715689467553e-06	-0.0045133842334895554	-0.0002493047997509249
4,6,9	-0.015989993842642304	0.0005370151109028452	1.6708099713863845e-193	-0.01812232605202844	-0.013857661633256168
4,6,10	-0.08815022958291083	0.0005370287799786106	0.0	-0.09028261606825669	-0.08601784309756497
4,6,11	-0.002240237657892618	0.0005369450235675928	3.0207849544752973e-05	-0.004372291570673324	-0.00010818374511191182
4,6,12	0.0020439874280664128	0.0005369416528670674	0.00014095141577632586	-8.805310063412022e-05	0.004176027956766946
4,6,13	-0.0001397521686284243	0.0005369362920348179	0.7946509429568814	-0.0022717714110093686	0.0019922670737525195
4,6,14	-0.00017337279458663236	0.0005369403563091043	0.7467794248336354	-0.00230540817502923	0.001958662585855965
4,6,15	0.0017897990745198524	0.0005369394483580903	0.0008585989410980042	-0.00034223270071098797	0.003921830849750693
4,6,16	0.0017832389245684005	0.0005369610224302661	0.0008975055625469782	-0.0003488785150842673	0.003915356364221068
4,7,8	0.00013916700851077796	0.0005369387299167951	0.7954925511364068	-0.001992861913996772	0.002271195931018328
4,7,9	0.002408770974436052	0.0005370172984343764	7.288151373474309e-06	0.00027643007899276744	0.0045411118698793366
4,7,10	-0.025483987766614705	0.0005370286742362679	0.0	-0.027616373832088197	-0.023351601701141214
4,7,11	-0.0003939430552328139	0.0005369485997187992	0.46315258494995537	-0.002526011167879126	0.001738125057413498
4,7,12	0.001697339632010339	0.0005369434120639956	0.001572394810358553	-0.00043470788195410295	0.003829387145974781
4,7,13	0.00017248135898138622	0.0005369393392659268	0.7480366688810928	-0.0019595499830759194	0.002304512701038692
4,7,14	-0.0002761776304615188	0.000536943569531892	0.6070081567381056	-0.002408225769685587	0.0018558705087625494
4,7,15	0.0007079752682222686	0.0005369425904161664	0.18733075774433366	-0.0014240689832154857	0.002840019519660023
4,7,16	-0.002698535891767828	0.000536957294851262	5.031860580558785e-07	-0.004830638530278755	-0.000566433253256901
4,8,9	-0.0001273584200522787	0.0005369842988395576	0.8125229851738056	-0.0022595682836167572	0.0020048514435122
4,8,10	0.0008413518750240016	0.0005369932501119365	0.11717034485232596	-0.0012908935314628661	0.002973597281510869
4,8,11	0.001533394713211113	0.000536928530937357	0.004293365444984007	-0.0005985937120889708	0.003665383138511197
4,8,12	0.0006494652860556879	0.0005369264532036338	0.22643753924197288	-0.001482514889162693	0.002781445461274069
4,8,13	7.77500049643047e-05	0.0005369239039933714	0.884864200801696	-0.002054220048074941	0.0022097200580035504
4,8,14	-3.407821737233356e-05	0.0005369265415759884	0.9493932012666748	-0.002166058743491861	0.002097902308747194
4,8,15	1.2231243290028448e-05	0.0005369295039977413	0.9818258482162838	-0.002119761045752354	0.002144223532332411
4,8,16	3.151918024823022e-05	0.0005369338471935229	0.9531895156238385	-0.0021004903543726636	0.002163528714869124
4,9,10	-0.016385138986531614	0.0005370468106718546	5.462126151891928e-203	-0.018517597066562946	-0.014252680906500283
4,9,11	-0.001172882633137749	0.0005369900130349368	0.028952647479571842	-0.003305115186124947	0.0009593499198494492
4,9,12	-0.006304318762945203	0.0005369854162814293	8.544562005228366e-32	-0.008436533063549249	-0.004172104462341158
4,9,13	-0.00020181074977725262	0.0005369827556758936	0.7070493385661187	-0.0023340144858836425	0.0019303929863291372
4,9,14	-0.00023020329126827253	0.0005369858610071113	0.6681464473009757	-0.0023624193577498082	0.0019020127752132632
4,9,15	-0.0007916426313006042	0.0005369866763008355	0.14042418082998134	-0.002923861935078508	0.0013405766724772995
4,9,16	0.004591540280324852	0.0005369971196812343	1.2530304819407155e-17	0.0024592795088937158	0.006723801051755988
4,10,11	0.009297399498602556	0.0005370025946868689	5.279812036461732e-67	0.00716511698750223	0.011429682009702883
4,10,12	-0.006109080303700706	0.0005369976419330692	5.8577200872656255e-30	-0.008241343148843339	-0.003976817458558074
4,10,13	0.0005383121304253827	0.0005369916410823147	0.3161257015924664	-0.001593926887068664	0.0026705511479194295
4,10,14	0.0019163683905701048	0.0005369975186376455	0.0003590549246260502	-0.0002158939650019399	0.004048630746142149
4,10,15	-0.0045333185521518205	0.0005369978366089452	3.184229535078294e-17	-0.00666558217029624	-0.002401054934007401
4,10,16	0.00938057704598403	0.0005370078708116187	3.594951698844739e-68	0.00724827358491318	0.01151288050705488
4,11,12	-7.946873396968892e-06	0.000536935505469764	0.9881914467874882	-0.0021399629925548135	0.0021240692457608758
4,11,13	0.0008657145847941819	0.0005369306243969864	0.10689292995840487	-0.001266282153030645	0.002997711322619009
4,11,14	-0.0011482435768324015	0.000536929684009567	0.03247699898414444	-0.0032802365806498548	0.0009837494269850518
4,11,15	0.00012120467522337176	0.0005369311356977755	0.8214074899463251	-0.002010794092829505	0.0022532034432762487
4,11,16	-0.0011824627866738047	0.0005369434660581992	0.027653941336812975	-0.003314510515033665	0.0009495849416860558
4,12,13	8.26505184089027e-05	0.0005369259985550781	0.8776632098178909	-0.0020493278515311174	0.002214628888348923
4,12,14	-0.00027376101652320205	0.00053692841527165	0.6101477781055376	-0.002405748982548104	0.0018582269495017
4,12,15	-0.00030430316551594006	0.0005369306072564043	0.5708888757862622	-0.002436299835280456	0.001827693504248576
4,12,16	-0.0005584371745700895	0.0005369411859947491	0.29832793593032536	-0.002690475849455224	0.001573601500315045
4,13,14	-0.0004237294984597989	0.0005369275571698698	0.4300129706388687	-0.002555714057209882	0.0017082550602902842
4,13,15	-0.0007939212883607463	0.000536927133364032	0.13924177013377387	-0.0029259041643000107	0.0013380615875785182
4,13,16	-0.0011379019577016022	0.0005369351344003713	0.03407281890606405	-0.00326991660344985	0.0009941126880466454
4,14,15	-0.001314172861785888	0.0005369308798732659	0.014385196595357941	-0.003446170614033379	0.0008178248904616029
4,14,16	-0.000497581323201983	0.0005369377526229844	0.3540847190461942	-0.002629606365157518	0.001634443718753552
4,15,16	-0.00042959538223276764	0.0005369352662431773	0.4236628522003445	-0.0025616105514907946	0.0017024197870252594
5,6,7	0.009855752894686143	0.0005369211939083339	4.593835539417181e-75	0.007723793602613393	0.011987712186758894
5,6,8	-0.0010902781845527221	0.000536894502643566	0.04228830426377504	-0.003222131493306906	0.001041575124201462
5,6,9	-0.01446855497241966	0.0005369408808087071	4.837582579158433e-159	-0.016600592435498992	-0.012336517509340329
5,6,10	-0.016347756134303996	0.0005369526737847039	3.774669674127853e-202	-0.018479840423891655	-0.014215671844716338
5,6,11	0.0013417387081132055	0.0005368968931890196	0.01245471696527936	-0.0007901240928078943	0.0034736015090343054
5,6,12	-0.0014335492877608214	0.0005368962362687294	0.007585499322428756	-0.0035654094802408075	0.0006983109047191648
5,6,13	-0.0004983665684217629	0.000536889240607526	0.3532822224688914	-0.002630198983147628	0.001633465846304102
5,6,14	0.0003659868457835877	0.0005368912512459781	0.4954451610317653	-0.0017658535526079988	0.002497827244175174
5,6,15	0.0011878594833189954	0.0005368915006595499	0.026937297606126138	-0.0009439819054219908	0.0033197008720599816
5,6,16	3.034771365080166e-05	0.0005369083012665734	0.954925280965081	-0.002101560385457856	0.002162255812759459
5,7,8	-0.0006103442374231112	0.0005368895465823524	0.25561974673946886	-0.002742177867086814	0.0015214893922405916
5,7,9	-0.0026148554908677624	0.0005369387175876871	1.1190044474358975e-06	-0.004746884364419978	-0.00048282661731554634
5,7,10	-0.001827019247842324	0.0005369505182568835	0.0006679242497836564	-0.003959094978450345	0.00030505648276569694
5,7,11	3.459251187912238e-05	0.0005368940237452731	0.9486274054965858	-0.0020972588953079843	0.002166443919066229
5,7,12	0.0020548926596954883	0.0005368926907351016	0.00012963653098029335	-7.695345449247083e-05	0.0041867387738834475
5,7,13	0.00017737695373078698	0.000536889062926102	0.7411145665176877	-0.0019544547554733605	0.0023092086629349345
5,7,14	0.00041780437934762354	0.0005368906002350663	0.4364582420968234	-0.001714033434067288	0.002549642192762535
5,7,15	0.0001690080174582588	0.0005368916444765839	0.752922270898157	-0.0019628339423387138	0.0023008499772552314
5,7,16	0.001552011040617524	0.0005369045635336924	0.0038455653371053983	-0.0005798822170312743	0.0036839042982663222
5,8,9	-0.0009118590712090952	0.0005369244253109165	0.08945587349998196	-0.0030438311942500413	0.001220113051831851
5,8,10	-0.0013996197211529633	0.000536933010500862	0.009144224657071315	-0.0035316259335084793	0.0007323864912025528
5,8,11	-2.5432007350521812e-05	0.0005368861409418282	0.9622189148251232	-0.0021572521141973874	0.0021063880994963437
5,8,12	-0.0005648225787750465	0.0005368878214088925	0.2927893199360572	-0.002696649358272226	0.0015670042007221328
5,8,13	-0.00041945154968440687	0.0005368825270311172	0.43464511770404146	-0.0025512573067335586	0.0017123542073647449
5,8,14	0.00035728156805468064	0.0005368860010225593	0.5057522602334987	-0.0017745379832131004	0.0024891011193224617
5,8,15	-0.00015417223896390872	0.0005368872395581783	0.7739911652609073	-0.0022859967080996217	0.0019776522301718042
5,8,16	-0.0011805654297455323	0.0005368950109846237	0.02789029998340714	-0.003312420756975526	0.0009512898974844614
5,9,10	0.030525360906519174	0.0005369934252863795	0.0	0.02839311480446509	0.03265760700857326
5,9,11	0.0003358453494336326	0.000536924905412716	0.5316466056772231	-0.0017961286799531686	0.002467819378820434
5,9,12	-0.0006979997971220796	0.0005369261614662027	0.1936083114301115	-0.0028299788139352156	0.0014339792196910563
5,9,13	3.896186609446059e-05	0.0005369208529830592	0.9421522016430797	-0.0020929960722622966	0.0021709198044512178
5,9,14	-0.0002421289025756751	0.0005369219402931944	0.6520217971265613	-0.0023740911583275594	0.0018898333531762092
5,9,15	-0.0004033721531794092	0.0005369234611724684	0.45249554273953363	-0.002535340447904493	0.0017285961415456747
5,9,16	-0.00011566888006955822	0.0005369376045921637	0.8294379742643783	-0.0022476933342373746	0.002016355574098258
5,10,11	0.0013345788313310347	0.0005369373642200791	0.012938053755987607	-0.0007974446683885216	0.003466602331050591
5,10,12	-2.1576891700375578e-05	0.0005369368317455426	0.9679456344345312	-0.0021535982771170347	0.0021104444937162835
5,10,13	7.855216177773787e-05	0.0005369300919868847	0.8836860686443717	-0.0020534424620000436	0.0022105467855555194
5,10,14	-0.0011781144537703798	0.0005369334131464203	0.028227918802984888	-0.003310122264915344	0.0009538933573745843
5,10,15	0.000294932362003085	0.0005369334145559702	0.5828080894418771	-0.0018370754547387962	0.002426940178744966
5,10,16	-0.0010289689812576592	0.000536949888545878	0.055328521112197666	-0.0031610422114647934	0.001103104248949475
5,11,12	8.941929992608948e-05	0.0005368890882798954	0.8677240422814041	-0.0020424125099506633	0.002221251109802842
5,11,13	-0.0001548777196892434	0.0005368840827829612	0.7729839734882549	-0.002286689654180518	0.0019769342148020313
5,11,14	0.0005924132115291726	0.000536885582019707	0.26984657578230486	-0.0015394046759990608	0.002724231099057406
5,11,15	0.0005974735677817967	0.0005368860387264405	0.2657770596495321	-0.0015343461331972287	0.002729293268760822
5,11,16	0.000528928956482419	0.0005368978731455498	0.324550423499975	-0.001602937735563587	0.002660795648528425
5,12,13	0.00023247691551666824	0.0005368853233189917	0.6650086823481172	-0.0018993399447855956	0.002364293775818932
5,12,14	0.0001596029739302767	0.0005368857415202984	0.7662571484147684	-0.0019722155469288284	0.002291421494789382
5,12,15	0.0002503287083778019	0.0005368877680144042	0.6410317600588992	-0.0018814978591052555	0.0023821552758608593
5,12,16	0.0010073519828115891	0.0005368993648766376	0.06062687184372793	-0.001124520632468571	0.0031392245980917492
5,13,14	0.0001908134526177217	0.0005368859730651254	0.7222852841838019	-0.0019410059876391484	0.002322632892874592
5,13,15	0.0010774966909522475	0.0005368850745187422	0.044760112811629955	-0.0010543191814359428	0.003209312563340438
5,13,16	-0.0001900023504394291	0.000536892443983898	0.7234204094578414	-0.002321847484849486	0.0019418427839706276
5,14,15	0.0002574641816213974	0.00053688727237016	0.6315491809798759	-0.0018743604178012366	0.0023892887810440314
5,14,16	0.00022362212985331878	0.0005368924241597077	0.6770367867216388	-0.0019082229258405923	0.00235546718554723
5,15,16	0.00028591291571926185	0.0005368920636626561	0.5943585048913129	-0.0018459307085447714	0.002417756539983295
6,7,8	-0.000900177997063125	0.0005369078455791252	0.09362619916404985	-0.003032084286768279	0.0012317282926420287
6,7,9	-0.006323548328052169	0.0005369652424038218	5.567266792032813e-32	-0.008455682524003407	-0.00419141413210093
6,7,10	0.0010464431976614768	0.0005369807641033411	0.05132919404402409	-0.0010857526304843832	0.0031786390258073368
6,7,11	2.4340898213404127e-05	0.000536913755993093	0.9638405597421826	-0.002107588860041923	0.0021562706564687314
6,7,12	-0.0001371583369359098	0.000536911254495026	0.7983701059485313	-0.0022690781624634766	0.001994761488591657
6,7,13	0.00044202268236638934	0.000536905770307333	0.41035299815466997	-0.0016898753670326798	0.0025739207317654585
6,7,14	0.0008613100840043075	0.0005369096302636597	0.10867502032987565	-0.0012706032921686928	0.002993223460177308
6,7,15	0.0011047340255987796	0.0005369076995002589	0.03963386189435804	-0.0010271716840693037	0.003236639735266863
6,7,16	2.068090165351609e-05	0.0005369254838657771	0.9692753848667854	-0.0021112954246036504	0.0021526572279106826
6,8,9	-0.001909119411894685	0.0005369308755971127	0.00037736631314125795	-0.004041117147162805	0.0002228783233734345
6,8,10	-0.003590456715487692	0.0005369404282157857	2.2983185375451772e-11	-0.005722492381450995	-0.00145842104952439
6,8,11	-0.00017184838427115184	0.0005368854849342296	0.7489057906040036	-0.002303665886300939	0.0019599691177586355
6,8,12	-0.0002545698915386897	0.0005368869601595958	0.6353879931806439	-0.002386393251263169	0.0018772534681857894
6,8,13	-0.0005131090422240345	0.0005368843520628364	0.33921925214836113	-0.002644922045948073	0.0016187039615000042
6,8,14	-8.616150659816572e-05	0.0005368856383592796	0.8725003985140068	-0.0022179796178346018	0.0020456566046382703
6,8,15	0.0001460262994772872	0.0005368852300388921	0.7856321762048519	-0.0019857901904365895	0.002277842789391164
6,8,16	-0.0008248389941171094	0.0005368964446911113	0.12446745596428557	-0.002956700014182296	0.0013070220259480772
6,9,10	0.06308915865955814	0.0005370143531151669	0.0	0.060956829459128434	0.06522148785998784
6,9,11	0.0006404460969009693	0.0005369328577614055	0.23295751547848506	-0.0014915595089701928	0.0027724517027721313
6,9,12	-0.0030710908336416785	0.0005369298907935125	1.0716816204547323e-08	-0.005203084658538574	-0.0009390970087447834
6,9,13	-0.0011113710274122078	0.0005369262147311857	0.03846787600153003	-0.0032433502557252377	0.0010206082009008221
6,9,14	0.0007073438494508179	0.0005369289802346556	0.18771325474221764	-0.0014246463598793272	0.002839334058780963
6,9,15	-0.0018465485959852975	0.000536928718155095	0.0005840328062517491	-0.003978537764673053	0.0002854405727024576
6,9,16	-0.004556209608975209	0.0005369494506262643	2.1954181225390366e-17	-0.006688281100329789	-0.0024241381176206295
6,10,11	0.0001290481571403143	0.0005369447802715688	0.810069115290639	-0.0020030047895820114	0.00226110110386264
6,10,12	-0.0014801721968746608	0.0005369407288096603	0.005840842108390679	-0.003612209056409592	0.0006518646626602707
6,10,13	-0.0014616427982467864	0.0005369352898305694	0.006486722166125806	-0.0035936580611635478	0.000670372464669975
6,10,14	-0.0006106569835228753	0.0005369392471108645	0.2554202569951613	-0.002742687959658992	0.0015213739926132415
6,10,15	0.0002991401144700097	0.0005369384500203459	0.5774461519088587	-0.0018328876966494214	0.0024311679255894407
6,10,16	-0.004671383523761001	0.0005369604642210372	3.4050226744433686e-18	-0.006803498746925726	-0.0025392683005962756
6,11,12	0.0003865187483702657	0.0005368907731282102	0.4715764727152024	-0.001745319751553483	0.0025183572482940144
6,11,13	0.00039394796540586155	0.0005368850662380788	0.46309408499635907	-0.0017378678741022014	0.0025257638049139245
6,11,14	0.0005871224700838063	0.0005368855768782306	0.2741472867500768	-0.0015446953970291062	0.002718940337196719
6,11,15	-0.0005610188430211771	0.0005368861134262723	0.29605026082748453	-0.0026928388406117017	0.0015708011545693475
6,11,16	0.00034695760354080084	0.0005368990109895947	0.5181359057443731	-0.001784913606555921	0.0024788288136375226
6,12,13	0.0005094818456802472	0.0005368832665817927	0.34264347468165524	-0.0016223268479114597	0.002641290539271954
6,12,14	-0.0005748220377660264	0.0005368846331489861	0.2843253952350359	-0.0027066361576021415	0.0015569920820700887
6,12,15	-0.00025488602313841497	0.0005368864003808139	0.6349678411799533	-0.002386707160142709	0.0018769351138658791
6,12,16	0.0007330057115035177	0.000536898333486341	0.17217617832905585	-0.0013988628084230757	0.002864874231430111
6,13,14	0.000670764088926936	0.0005368853171045953	0.21153725838016002	-0.001461052746699751	0.002802580924553623
6,13,15	6.406277956623463e-07	0.0005368822085229612	0.9990479384238269	-0.0021311638645494127	0.0021324451201407374
6,13,16	-0.00047021614596638815	0.0005368942754187423	0.38113784461875977	-0.0026020685524762955	0.0016616362605435192
6,14,15	-0.0005269648296818748	0.0005368863629644209	0.32633994784059805	-0.0026587858181164577	0.001604856158752708
6,14,16	0.000324552267929535	0.0005368944500931279	0.5455139278027663	-0.0018073008321620072	0.002456405368021077
6,15,16	4.102646937505228e-05	0.000536892092126451	0.9390893808351388	-0.002090817267910506	0.0021728702066606104
7,8,9	-5.9138377730976084e-05	0.0005369305916315667	0.9122974447275395	-0.002191134985453766	0.0020728582299918137
7,8,10	0.0002526563113943135	0.0005369378903812116	0.6379634653908749	-0.0018793692775594326	0.0023846819003480596
7,8,11	-0.0006177426413748596	0.0005368854088127349	0.24989935001182528	-0.002749559841148134	0.001514074558398415
7,8,12	-0.000755840501774744	0.0005368842321612463	0.1591869187864406	-0.00288765302940413	0.0013759720258546423
7,8,13	-0.0006973579229974693	0.0005368820323460183	0.19398171711249665	-0.002829161715794687	0.0014344458697997486
7,8,14	8.041357986888521e-05	0.0005368849897411174	0.8809402068604315	-0.0020514019558917945	0.002212229115629565
7,8,15	0.00025597182500440227	0.0005368879304414387	0.63352783819303	-0.001875855387429589	0.0023877990374383934
7,8,16	-0.000619822476977637	0.0005368908901774556	0.24831330275730137	-0.0027516614416701994	0.0015120164877149254
7,9,10	-0.0020439646758591383	0.0005370163293971694	0.00014127739762227854	-0.004176301723535001	8.837237181672517e-05
7,9,11	0.0010317932622194038	0.0005369369298692399	0.05465693863051385	-0.0011002285128181729	0.0031638150372569804
7,9,12	0.0018497239417069322	0.0005369325315094791	0.000571457031201422	-0.00028228036871187287	0.003981728252125737
7,9,13	0.0005735654166610892	0.0005369307111336237	0.28542084440429655	-0.0015584316655699224	0.0027055624988921007
7,9,14	-0.0009442306248670426	0.0005369336775659044	0.07865685155115824	-0.0030762394859455587	0.0011877782362114736
7,9,15	0.00010497298941648456	0.0005369342184980689	0.8449987289600117	-0.002027038019547732	0.002236983998380701
7,9,16	0.0014689965544601837	0.0005369443978343754	0.006223739842584325	-0.0006630548737142855	0.003601047982634653
7,10,11	-0.0002872249088754601	0.0005369485235844806	0.5927065037089347	-0.0024192927192143387	0.0018448429014634184
7,10,12	0.003558087563075309	0.0005369424979768198	3.4627165472908965e-11	0.0014260436786875542	0.005690131447463064
7,10,13	0.00023423032581000244	0.0005369382497922799	0.6626689575806689	-0.0018977966902614949	0.0023662573418814998
7,10,14	-0.0006438653496154707	0.0005369424445388864	0.23048068624731835	-0.0027759090218165954	0.001488178322585654
7,10,15	0.0002522029943098983	0.0005369416063721219	0.6385689331555147	-0.0018798373497726085	0.002384243338392405
7,10,16	0.0004698080096337898	0.000536956379665599	0.3816063762030837	-0.0016622909949386743	0.002601907014206254
7,11,12	0.0015668660773434546	0.0005368921025007266	0.003519540474940387	-0.0005649777011353619	0.0036987098558222712
7,11,13	0.000878345244219824	0.0005368892658592793	0.10184665544151558	-0.0012534872707734746	0.0030101777592131227
7,11,14	0.00031484512518760964	0.0005368873507556032	0.557590801852766	-0.0018169797854810247	0.002446670035856244
7,11,15	-9.417406939218886e-05	0.0005368892434707526	0.86076048309855	-0.0022260064954871014	0.0020376583567027237
7,11,16	0.00044287254844982415	0.0005368983436055833	0.4094471739471057	-0.0016889960116573633	0.0025747411085570117
7,12,13	0.0002627416245253242	0.0005368859568752447	0.6245738653672963	-0.0018690777514461963	0.0023945610004968447
7,12,14	-0.00021423339718267768	0.0005368862807692526	0.6898728829054075	-0.00234605405924394	0.0019175872648785845
7,12,15	6.190447905381202e-05	0.0005368880467194337	0.9082057975061647	-0.0020699231950865797	0.0021937321531942037
7,12,16	-0.0008652620873790678	0.0005368958810845398	0.10705363353574912	-0.0029971208695250195	0.0012665966947668838
7,13,14	-0.0005159430977131497	0.0005368861624233521	0.3365599945988347	-0.002647763289856955	0.0016158770944306555
7,13,15	-0.0005397223200912342	0.0005368870613539441	0.31476537623766737	-0.002671546081629301	0.0015921014414468325
7,13,16	-9.99593989745931e-05	0.0005368931258774601	0.8523032637931045	-0.002231807240987427	0.002031888443038241
7,14,15	-0.0003816881247158937	0.0005368891474074267	0.477133048315487	-0.0025135201693710293	0.001750143919939242
7,14,16	-0.0010451119373561437	0.0005368946565368055	0.05158866051160706	-0.003176965857176022	0.0010867419824637345
7,15,16	-0.0005158425064576058	0.0005368928196303036	0.3366602002851391	-0.002647689132451258	0.0016160041195360463
8,9,10	-0.002675270848758196	0.0005369838092049398	6.308242657245205e-07	-0.0048074787681247465	-0.0005430629293916461
8,9,11	0.00010028512929198541	0.0005369197456456587	0.851834798856839	-0.0020316684121471475	0.0022322386707311183
8,9,12	0.00018703158429943245	0.0005369168561610933	0.7275832452813933	-0.001944910483829393	0.002318973652428258
8,9,13	3.134332470413129e-05	0.0005369162124793151	0.9534488617063488	-0.002100596187549896	0.0021632828369581585
8,9,14	-0.0006839531750141726	0.0005369182261750615	0.2027212497107284	-0.0028159006830735553	0.00144799433304521
8,9,15	0.00038335346755093494	0.000536922017538053	0.47523996301547977	-0.001748609094918017	0.002515316030019887
8,9,16	0.00026495392456387865	0.0005369253280534167	0.6216856583304333	-0.0018670217830073178	0.002396929632135075
8,10,11	0.0013711012423794772	0.0005369286490875765	0.010663834793870612	-0.0007608876520610714	0.0035030901368200257
8,10,12	0.0006791190740400108	0.0005369258789581876	0.20593744326241628	-0.001452858821015231	0.0028110969690952527
8,10,13	-4.130201638771671e-05	0.0005369230801828455	0.9386846211285784	-0.0021732687983128294	0.002090664765537396
8,10,14	-0.00031417349443927343	0.0005369260246841832	0.5584598921461652	-0.002446151968130438	0.001817804979251891
8,10,15	-0.0002521185893428063	0.0005369289154804713	0.6386733302641865	-0.0023841085415527512	0.0018798713628671387
8,10,16	-2.5868292460162062e-06	0.0005369335437484546	0.9961559952004484	-0.0021345951589740128	0.0021294215004819803
8,11,12	-0.0016120317191731376	0.0005368834706192946	0.002678106097754137	-0.0037438412229389498	0.0005197777845926746
8,11,13	-0.0011240563874169683	0.0005368817549142232	0.0362927625817546	-0.0032558590786124983	0.0010077463037785617
8,11,14	-0.0009306332340572911	0.0005368820452706373	0.08302875679421198	-0.003062437078174446	0.0012011706100598638
8,11,15	0.00046327941183933047	0.0005368822739541824	0.3881918773159405	-0.001668525340314263	0.002595084163992924
8,11,16	0.0010487627019489468	0.0005368876590219576	0.050775140277798766	-0.001083063432756522	0.0031805888366544157
8,12,13	-0.00026669020412612224	0.0005368790444091892	0.6193729145768692	-0.0023984821326874725	0.001865101724435228
8,12,14	0.0008264275581992293	0.0005368831254643265	0.12373445887021953	-0.0013053805750556963	0.002958235691454155
8,12,15	0.0006839260274567119	0.0005368834963993289	0.20270996468916322	-0.0014478835786741855	0.0028157356335876092
8,12,16	0.0006603502920705133	0.000536887654690402	0.21871661071458873	-0.0014714758254355973	0.002792176409576624
8,13,14	-9.458807806069815e-05	0.0005368815854644841	0.86015267651639	-0.0022263900964201587	0.0020372139402987624
8,13,15	2.0960997023936057e-05	0.0005368846089320664	0.968857101034295	-0.0021108530266537714	0.0021527750207016435
8,13,16	0.0006362011762470528	0.0005368842773802695	0.2360267486439066	-0.0014956115309340398	0.0027680138834281455
8,14,15	-1.4467897181767025e-06	0.0005368861512879162	0.9978498881050639	-0.002133266937646376	0.0021303733582100225
8,14,16	0.0005493033260750638	0.0005368855661675126	0.306250582773516	-0.001582514498508675	0.0026811211506588026
8,15,16	-0.0003688528131395169	0.0005368851338551419	0.4920702653933592	-0.0025006689211354467	0.001762963294856413
9,10,11	-0.0075770751218313896	0.0005369902143598206	3.834278348898918e-45	-0.009709308474221669	-0.00544484176944111
9,10,12	-5.418226954780753e-05	0.0005369850808798252	0.9196294552070948	-0.002186395238368764	0.0020780306992731487
9,10,13	0.0010483318221011155	0.0005369822275939187	0.05091103063278941	-0.0010838698171439735	0.0031805334613462044
9,10,14	0.002286678124938617	0.0005369853615667686	2.062216590890509e-05	0.0001544640415907174	0.004418892208286517
9,10,15	-0.0023442017254907167	0.0005369860633164074	1.2704150765721653e-05	-0.004476418595284151	-0.0002119848556972827
9,10,16	-0.013749707038111916	0.0005369969661277721	7.109534288967825e-144	-0.015881967199826517	-0.011617446876397316
9,11,12	-0.004886139526146846	0.0005369231626172097	9.260588042105737e-20	-0.007018106635395057	-0.002754172416898635
9,11,13	0.00136173376396502	0.0005369208970016678	0.0112089123100086	-0.0007702243491769438	0.003493691877106984
9,11,14	-0.0003045781173633341	0.0005369187102576965	0.5705324289858195	-0.0024365275475753223	0.001827371312848654
9,11,15	-0.0005975318565334814	0.00053692039922667	0.2657610189208735	-0.002729487993154414	0.001534424280087451
9,11,16	0.0008002608458729374	0.0005369317131153278	0.13611526906871202	-0.0013317402149385974	0.002932261906684472
9,12,13	0.00021459470869604827	0.0005369163794221487	0.6893935912810125	-0.001917345466439849	0.0023465348838319455
9,12,14	0.0006888982870951795	0.0005369183174689025	0.19947575823757452	-0.0014430495834657302	0.0028208461576560893
9,12,15	-0.0003347683039662368	0.0005369195445512124	0.5329594733726781	-0.0024667210469172893	0.0017971844389848158
9,12,16	-0.0011888248837156456	0.0005369292605134084	0.026824133623974473	-0.0033208162059519273	0.0009431664385206361
9,13,14	0.0003896075113637796	0.0005369176095372947	0.46806370918092044	-0.001742337548204779	0.002521552570932338
9,13,15	-0.0007512403040747049	0.0005369186220161964	0.16176689652651335	-0.0028831893839051325	0.0013807087757557227
9,13,16	-0.0011187530070053582	0.0005369260065648615	0.03719813020820394	-0.003250731408749919	0.0010132253947392027
9,14,15	-0.00025993469244284945	0.0005369210331985701	0.6283017176678631	-0.002391893346383453	0.0018720239614977542
9,14,16	-4.747762913373879e-05	0.0005369272585834557	0.9295394092840761	-0.0021794610022832397	0.002084505744015762
9,15,16	0.0005475553673372335	0.0005369256180418411	0.3078283718019579	-0.001584421491694406	0.002679532226368873
10,11,12	-0.0011586658193134263	0.0005369357143105029	0.03093751973876637	-0.003290682767717646	0.0009733511290907935
10,11,13	0.0011601076853195802	0.0005369308420601603	0.030727780715521315	-0.0009718899167829682	0.0032921052874221287
10,11,14	-0.0007554489247147203	0.000536930099643238	0.15943869066907324	-0.002887443578893674	0.0013765457294642332
10,11,15	0.000653547405978715	0.000536931454705219	0.22353653021587036	-0.0014784526287607651	0.002785547440718195
10,11,16	0.0007392204749690906	0.0005369440423742585	0.16860426836419548	-0.0013928295417757167	0.002871270491713898
10,12,13	0.001141181406453468	0.0005369253791316982	0.03355701393620527	-0.000990794503934861	0.003273157316841797
10,12,14	0.00016125609601750496	0.00053692774352991	0.7639255880778093	-0.001970729202714579	0.002293241394749589
10,12,15	-0.0005374575231481965	0.000536930061912249	0.3168390955669127	-0.0026694520275082688	0.0015945369812118758
10,12,16	-0.0001818713053655587	0.0005369407035319564	0.7348235305185434	-0.002313908064530014	0.001950165453798897
10,13,14	-0.00020594852041037892	0.0005369267636479757	0.7012991054617771	-0.002337929928313755	0.0019260328874929973
10,13,15	-0.0014936629018844454	0.0005369264957490299	0.005406141225756979	-0.0036256432460383303	0.0006383174422694396
10,13,16	-0.0007717392502775587	0.000536934754207416	0.15063607887072766	-0.0029037523863891727	0.0013602738858340554
10,14,15	-0.0010012920571773956	0.0005369305626660562	0.06220773579462924	-0.003133288549886493	0.0011307044355317016
10,14,16	-0.0005624632501392782	0.000536937599221868	0.2948548366607796	-0.0026944876829831984	0.001569561182704642
10,15,16	-0.0006836487978300792	0.0005369350818240887	0.20293644665255786	-0.0028156632348130643	0.001448365639152906
11,12,13	0.0004359754733293383	0.0005368861029262866	0.41676902842115227	-0.0016958444825687698	0.0025677954292274464
11,12,14	0.0004944619783005698	0.0005368843147112104	0.35706211930173426	-0.0016373508771109282	0.0026262748337120678
11,12,15	-0.0003330292591216741	0.0005368871340698124	0.5350647338499394	-0.0024648533093934934	0.0017987947911501452
11,12,16	0.00019672589158917578	0.0005368933305774241	0.7140564629575713	-0.0019351227632282103	0.002328574546406562
11,13,14	0.0002055961158713912	0.0005368823912930534	0.7017622388899798	-0.0019262091022010362	0.0023374013339438186
11,13,15	0.0008838356350811469	0.0005368837342215543	0.09972071024344617	-0.0012479749153732544	0.003015646185535548
11,13,16	0.00022718688800642262	0.0005368900965025824	0.6721847320401872	-0.0019046489252319975	0.0023590227012448427
11,14,15	-0.0006519321771715977	0.0005368844708186919	0.22464235670255978	-0.0027837456524409067	0.0014798812980977112
11,14,16	2.3170247550809153e-05	0.0005368887021661208	0.9655768992791104	-0.002108660029179443	0.0021550005242810615
11,15,16	-0.0005629662210357555	0.0005368897193016645	0.2943802035736718	-0.00269480053651806	0.0015688680944465488
12,13,14	-0.00016650803758467333	0.0005368824007208215	0.7564564481439782	-0.00229831329309205	0.0019652972179227033
12,13,15	-0.000163375987977811	0.0005368806430679996	0.7608957761942504	-0.0022951742643524797	0.0019684222883968577
12,13,16	0.00023319248846920965	0.0005368880647615999	0.6640423044073076	-0.0018986352573114231	0.0023650202342498424
12,14,15	0.0005480360488053456	0.0005368859614451316	0.3073681684672475	-0.0015837833453118785	0.00267985544292257
12,14,16	0.00036244037641939425	0.0005368873303523313	0.49962916503078425	-0.001769384453233729	0.0024942652060725174
12,15,16	3.279224826655165e-05	0.0005368884836155738	0.9512970221291221	-0.002099037160662476	0.0021646216571955795
13,14,15	0.0009023783299523733	0.000536885090369016	0.09281318007114318	-0.0012294376053726855	0.003034194265277432
13,14,16	0.000770701460258684	0.0005368879404451718	0.15115015036873777	-0.0013611257918972478	0.0029025287124146157
13,15,16	0.00030605851439394335	0.0005368843822288371	0.5686362091244939	-0.001825754609110588	0.002437871637898475
14,15,16	-0.0005948598315469213	0.000536887998086762	0.2678756637263202	-0.002726687312580992	0.0015369676494871496
