Params: 	697
Performance: 	0.954606694746081
Term	Coefficient	Standard Error	p-value	95% CI lower	95% CI upper
Intercept	8.562165714659356
1	-0.8282644285233544	0.011869870718564017	0.0	-0.8753962636255187	-0.78113259342119
2	-0.03506683875057781	0.011824182436746999	0.0030211721481244787	-0.08201725885541343	0.011883581354257808
3	0.18684071112449177	0.011828095142555799	4.203614681686077e-56	0.1398747547927371	0.23380666745624645
4	-0.15473777046942286	0.011813623899972918	3.781627078441372e-39	-0.20164626566825442	-0.1078292752705913
5	-0.03209282444221956	0.011849150618110734	0.006761628296865602	-0.07914238599810705	0.014956737113667927
6	-0.253737428845176	0.011840385586193027	1.5968514614851605e-101	-0.30075218698586165	-0.2067226707044904
7	-0.23335827049023128	0.011837656185098121	2.9867806815363828e-86	-0.280362190965926	-0.18635435001453654
8	-0.04903061959085486	0.011831188761539364	3.4146159330187066e-05	-0.09600885979184953	-0.0020523793898601927
9	0.5744567663132305	0.011816794254669853	0.0	0.5275356825497605	0.6213778500767005
10	0.8662019925427162	0.011814034627520256	0.0	0.8192918664631875	0.913112118622245
11	0.019000940910003594	0.0118437556609606	0.1086527762390238	-0.028027198826151206	0.0660290806461584
12	-0.0989874246369791	0.011838648609893141	6.321022619009806e-17	-0.14599528574546583	-0.05197956352849236
13	0.017498537316712484	0.01183233655464972	0.13917883000675052	-0.02948426043986905	0.06448133507329401
14	0.015080309147868287	0.011836768021090766	0.2026600294130869	-0.031920084684568854	0.06208070298030543
15	-0.02157627041902288	0.011826772836972673	0.06810256325859124	-0.06853697625646502	0.025384435418419254
16	-0.03420899641616726	0.011819945322423921	0.003802831599277366	-0.08114259216138521	0.012724599329050693
1,2	0.1548953482911618	0.00833902226893389	8.173293376515312e-77	0.12178349460618614	0.18800720197613746
1,3	-0.0880286165146863	0.008339385715678917	5.0171332387593087e-26	-0.12114191334192198	-0.05491531968745061
1,4	0.6958382495769309	0.00833030539054585	0.0	0.6627610081033711	0.7289154910504906
1,5	0.02083055103761733	0.008344344532505736	0.012549730714625576	-0.012302435821845752	0.05396353789708041
1,6	-0.26668151662911094	0.008343944280192885	2.1038011218667953e-222	-0.29981291420201345	-0.2335501190562084
1,7	-0.2960112051194428	0.008344428150486083	5.37982567628699e-273	-0.3291445240018027	-0.26287788623708286
1,8	0.040447130883596916	0.008339754683139633	1.2379995255753811e-06	0.007332368992930556	0.07356189277426328
1,9	0.5612554100173347	0.00833171936220514	0.0	0.5281725540698969	0.5943382659647725
1,10	0.6438228733572113	0.008330519621603527	0.0	0.6107447812338742	0.6769009654805485
1,11	0.045926422674253384	0.008344430566952213	3.7301614242784824e-08	0.012793094196802995	0.07905975115170377
1,12	0.1766641049147015	0.008342352971133752	3.4137651951337995e-99	0.1435390259713738	0.2097891838580292
1,13	0.002733763693795091	0.008341162056229564	0.743106489974068	-0.030386586469732413	0.035854113857322595
1,14	-0.006706815661870445	0.00834246865222026	0.4214365742212739	-0.039832353941447296	0.026418722617706406
1,15	-0.0427714353584511	0.008339035976342314	2.920308943892491e-07	-0.07588334347159442	-0.009659527245307775
1,16	0.03191275548147432	0.008335442586383936	0.0001290162713673148	-0.0011848843159483272	0.06501039527889696
2,3	0.006833231591203678	0.00832585234825303	0.4118062102304275	-0.02622632813501235	0.039892791317419705
2,4	-0.007197778546702269	0.008319148146619784	0.38692884674133465	-0.04023071782073631	0.025835160727331774
2,5	0.017038569234608503	0.008330426769882935	0.040825237532110134	-0.016039154201310885	0.05011629267052789
2,6	-0.03748983176250919	0.008328828331546016	6.768490252614978e-06	-0.07056120826054671	-0.004418455264471675
2,7	-0.05756422736846242	0.008328894872305865	4.8437912480163545e-12	-0.09063586808067675	-0.0244925866562481
2,8	0.0025444090521883345	0.0083259282008981	0.7599097149629205	-0.03051545186301654	0.03560426996739321
2,9	0.03870272642593964	0.008320156234153206	3.2989082888936315e-06	0.005665784326894241	0.07173966852498503
2,10	0.07713255541701768	0.008319372599266923	1.8911647181672225e-20	0.04409872490622091	0.11016638592781444
2,11	-0.013139870885329641	0.008330046039980162	0.11470687441487973	-0.0462160825525515	0.01993634078189222
2,12	0.054732339391962925	0.008328970683001894	5.024969170518567e-11	0.0216603976573273	0.08780428112659855
2,13	-0.01076748725453347	0.00832723266347086	0.1960001057214861	-0.04383252781460003	0.02229755330553309
2,14	0.008813780982221422	0.008328459262654875	0.2899351098818584	-0.024256130049634436	0.04188369201407728
2,15	-0.014783822380376593	0.008325371649996546	0.07577798862440872	-0.047841473392378646	0.01827382863162546
2,16	-0.038218856583964955	0.00832262467867199	4.395021956947971e-06	-0.07126560016465885	-0.005172113003271049
3,4	-0.09789345442999386	0.008320411554983335	6.340877950162112e-32	-0.13093141033445882	-0.06485549852552892
3,5	0.03435560921388128	0.008331994428794395	3.738926200793942e-05	0.0012716610563062655	0.0674395573714563
3,6	0.0017768360014997486	0.008329172046768325	0.8310727108052871	-0.03129590529060874	0.034849577293608235
3,7	-0.007331752829050159	0.008329525877529156	0.37874748587145857	-0.04040589908111727	0.02574239342301695
3,8	-0.003413976364847221	0.008327188459338502	0.6818223667746355	-0.03647884140304614	0.0296508886733517
3,9	0.014998859490091582	0.008321655539509	0.07148891604010815	-0.018044035918342992	0.048041754898526155
3,10	-0.18287320878179703	0.0083207402424277	1.1560206225879256e-106	-0.21591246980935852	-0.14983394775423553
3,11	-0.022387494838257416	0.008331759493972695	0.007211398334504729	-0.05547051013737604	0.01069552046086121
3,12	-0.027782222543413185	0.008330213388304914	0.0008531216156529977	-0.060859098702594046	0.005294653615767676
3,13	-0.00610949398479288	0.008328379007760338	0.4632102273269638	-0.03917908634759622	0.026960098378010458
3,14	-0.0031595913121986174	0.008329452502755392	0.7044458498228763	-0.03623344621418958	0.029914263589792343
3,15	-0.0035361321043903826	0.008326962049828879	0.671085580614804	-0.03660009813568972	0.029527833926908956
3,16	0.008646381370451706	0.008323378355940672	0.29889853577866143	-0.024403354845426696	0.04169611758633011
4,5	0.17029234952660688	0.008324189661046665	1.0164938616245317e-92	0.1372393918520134	0.20334530720120036
4,6	0.7622925600387775	0.008322671912002921	0.0	0.7292456289081416	0.7953394911694135
4,7	0.225936005384429	0.008322274947111331	2.159840704165464e-161	0.19289065048695145	0.25898136028190655
4,8	-0.010051677336970849	0.008319959506248142	0.22699778525375056	-0.04308783828621257	0.022984483612270873
4,9	0.23605702722372607	0.008317367365157868	4.2195273135039376e-176	0.2030311589195624	0.2690828955278898
4,10	0.1354445481116268	0.008316614297238699	1.632121211790114e-59	0.10242167002309632	0.16846742620015726
4,11	-0.06984168791023143	0.008324354222247815	4.9566656837706294e-17	-0.10289529900991948	-0.036788076810543385
4,12	0.08409452870787326	0.008322856681089508	5.523896270504994e-24	0.0510468639124547	0.11714219350329183
4,13	0.004464105386163597	0.008320960567045949	0.5916223589546328	-0.028576030486947825	0.03750424125927502
4,14	0.007696203716288999	0.008321973536718649	0.3550707535527886	-0.02534795436740156	0.04074036179997956
4,15	0.022837264566510154	0.008319707257647774	0.00605350263900482	-0.01019789477625082	0.05587242390927113
4,16	-0.08340835256602987	0.008317285224339848	1.1912453212102331e-23	-0.1164338947126825	-0.050382810419377234
5,6	0.038495284599075696	0.008333892788369678	3.861078242049992e-06	0.005403798602834339	0.07158677059531705
5,7	-0.07796657683476554	0.00833404080434865	8.602012540319419e-21	-0.1110586505597934	-0.04487450310973769
5,8	0.029307130097007222	0.008331814240606748	0.0004359373918604195	-0.0037761025852143665	0.06239036277922881
5,9	-0.011099884853228936	0.008325718065577603	0.18246941685323378	-0.044158911381648173	0.0219591416751903
5,10	0.09058600916520976	0.008324533035074608	1.4873576411003001e-27	0.05753168805132978	0.12364033027908974
5,11	-0.020527163646220023	0.008337383669692442	0.013816640817995501	-0.05363251092593841	0.012578183633498365
5,12	-0.010271595401332545	0.008335644271956544	0.21786031107995815	-0.04337003603402762	0.02282684523136253
5,13	-0.0024591996315637688	0.008333047473266318	0.7679076862646114	-0.03554732912519397	0.03062892986206643
5,14	0.002591911408151848	0.008334526942110782	0.7558131640371796	-0.030502092629798958	0.03568591544610265
5,15	-0.013271897426798018	0.008331936522052082	0.11118872630932304	-0.04635561565339108	0.019811820799795044
5,16	0.0014282447921920571	0.008328090449509419	0.8638333142510389	-0.03164020178897455	0.034496691373358666
6,7	-0.048742620772519556	0.00833196591482099	4.93721193043349e-09	-0.08182645570932541	-0.0156587858357137
6,8	0.05718237367323009	0.008329546791740956	6.708913764312458e-12	0.024108144376856502	0.09025660296960368
6,9	-0.26666866439371795	0.008324107579186016	2.0010469864517136e-223	-0.2997212961449031	-0.23361603264253278
6,10	0.23944667065704855	0.008322890901554037	7.232835609632187e-181	0.2063988699820295	0.2724944713320676
6,11	-0.011509414104344001	0.008334015040577628	0.16727861264771077	-0.04460138552886361	0.02158255732017561
6,12	0.010158056107158475	0.008332173208470127	0.22279687114496258	-0.02292660193297516	0.04324271414729211
6,13	0.008443808521806817	0.008330897066334171	0.31079974143517897	-0.02463578232575625	0.041523399369369884
6,14	-0.0001047670131994749	0.008331960100228143	0.9899676121774582	-0.0331885788619332	0.03297904483553425
6,15	-0.012850429967728338	0.0083291274737107	0.12287687745327149	-0.045922994273073295	0.020222134337616618
6,16	0.027465955488856164	0.008325779832077352	0.0009711543300434726	-0.005593316296529219	0.06052522727424155
7,8	0.012924889019023257	0.008329833283923794	0.12075368879948412	-0.020150477855226258	0.04600025589327277
7,9	0.057428622367219295	0.008323723894066494	5.270661319607673e-12	0.024377514119045526	0.09047973061539306
7,10	0.24999198885098317	0.008322492110706063	7.199962995063488e-197	0.2169457716594689	0.28303820604249746
7,11	-0.009794780047027052	0.008334338584507753	0.23990632152515393	-0.042888036171230805	0.0232984760771767
7,12	-0.05679324237692185	0.008332565648296793	9.455155880892625e-12	-0.08987945868248537	-0.02370702607135832
7,13	-0.0018126862693254031	0.008330853084787216	0.8277515158725507	-0.034892102478843307	0.0312667299401925
7,14	0.008368564427549019	0.008331866456287702	0.3151874406253294	-0.02471487558809033	0.04145200444318837
7,15	-0.01211567446740315	0.008328912865758917	0.1457703448704285	-0.04518738662643288	0.02095603769162658
7,16	-0.0027855944729247573	0.008326352518713047	0.737964457683542	-0.035847140231862064	0.03027595128601255
8,9	0.035540097814040494	0.008321474978545964	1.949737936341519e-05	0.002497919361142978	0.06858227626693801
8,10	0.03399058802797261	0.008320246332121998	4.407572730826742e-05	0.0009532881758641185	0.0670278878800811
8,11	-0.0009244668004044984	0.008331594881814442	0.9116490751529556	-0.03400682847209258	0.032157894871283586
8,12	0.010206968358545204	0.008329725599260939	0.22044156991471653	-0.0228679709309485	0.04328190764803891
8,13	0.005090194240119021	0.008328187373526537	0.5410688546183708	-0.027978637198380958	0.038159025678619
8,14	0.004129194842977718	0.00832987599924069	0.6201013991203745	-0.028946341641482395	0.03720473132743783
8,15	-0.0037432481062675826	0.008327010622031707	0.6530502766249074	-0.036807407003783287	0.02932091079124812
8,16	-0.003558309867733367	0.008323373515358588	0.6690106924794179	-0.03660802686305562	0.029491407127588888
9,10	-0.6767104346717692	0.008317654306450243	0.0	-0.7097374423370932	-0.6436834270064451
9,11	0.09872274332236997	0.008325782919889082	2.1273470934488817e-32	0.06566345927617427	0.13178202736856565
9,12	0.03855588818303263	0.008324102519514901	3.6314253377712324e-06	0.005503276522343004	0.07160849984372225
9,13	-0.004624634192914312	0.008322348911763216	0.5784256999400859	-0.037670282782704005	0.02842101439687538
9,14	-0.013394289929563208	0.008323499074149822	0.10757449248800774	-0.0464445054826528	0.01965592562352638
9,15	0.023700935343543367	0.0083212322735817	0.00439745379444947	-0.009340279397901406	0.05674215008498814
9,16	0.09185692768771819	0.008318322758219707	2.5206626673392535e-28	0.05882726579310049	0.1248865895823359
10,11	-0.03694059660740978	0.008324595419993452	9.115009165774807e-06	-0.06999516543381987	-0.0038860277809996888
10,12	0.039781304392792524	0.008323138442876861	1.7602779603652008e-06	0.006732520802534954	0.0728300879830501
10,13	-0.008953153394928137	0.008321272114107275	0.28196006375732274	-0.04199452633161583	0.024088219541759555
10,14	-0.02298536218725411	0.00832225913985998	0.005747993489250739	-0.056030654318693036	0.010059929944184816
10,15	0.050005548292292784	0.00831999196069005	1.8618581492005854e-09	0.016969258475817324	0.08304183810876825
10,16	0.05514219705629149	0.008317543485493654	3.391868273254115e-11	0.022115629429041543	0.08816876468354143
11,12	0.04856876245783941	0.008335532948252114	5.6797760675678116e-09	0.015470763859485273	0.08166676105619354
11,13	-0.02020613170943072	0.00833285837483744	0.01531643228841876	-0.05329351034770796	0.012881246928846516
11,14	0.004200465844358819	0.008334180453124297	0.6142598216444762	-0.02889216238570301	0.03729309407442065
11,15	-0.0011157552924984104	0.008331657334891055	0.8934681762029757	-0.03419836494735146	0.03196685436235464
11,16	-0.01586514176186027	0.008327941345463299	0.05677806728479555	-0.04893299629383936	0.017202712770118825
12,13	-0.0075259613996420185	0.008331145302549584	0.36634219095135034	-0.04060653792166175	0.025554615122377715
12,14	-0.002738806671999744	0.008332516348038955	0.7423918196488736	-0.03582482722045032	0.030347213876450833
12,15	0.0069898503394836	0.008329732724797567	0.40139127906413086	-0.026085117243462103	0.0400648179224293
12,16	0.003160109036344741	0.008326213531942867	0.7042901240519319	-0.02990088484619148	0.03622110291888096
13,14	-0.008793608064186886	0.008330967008072667	0.2911857242397639	-0.04187347663023263	0.024286260501858857
13,15	0.0014716925650795354	0.008328004775500903	0.859731945876925	-0.03159641382929501	0.03453979895945408
13,16	0.007158928495465927	0.008324836332383723	0.3898207670843502	-0.025896596924602305	0.04021445391553416
14,15	0.013499318539628824	0.008329787935769247	0.10510669426785377	-0.01957586827017071	0.046574505349428356
14,16	0.0028929341088177463	0.008325740327652181	0.7282403701320457	-0.030166180815882536	0.03595204903351803
15,16	0.002098931561766104	0.008322906711935824	0.8008970812537269	-0.03094893189172166	0.03514679501525387
1,2,3	-0.024631880815083176	0.004295295983128112	9.816829174323988e-09	-0.04168726303379317	-0.007576498596373181
1,2,4	-0.11723314013843716	0.004295904476922849	4.813407878974404e-163	-0.13429093851060614	-0.10017534176626819
1,2,5	0.023223617301230313	0.004295363523431288	6.443465231202097e-08	0.006167966899445074	0.040279267703015556
1,2,6	0.01568385866989913	0.004295463747989843	0.0002611625233529364	-0.00137218969471814	0.0327399070345164
1,2,7	0.041209793645863094	0.0042954996643621264	8.787099378918944e-22	0.024153602667684473	0.058265984624041714
1,2,8	-0.006734421891879255	0.004295273828893713	0.11691688167475665	-0.023789716142510468	0.010320872358751957
1,2,9	0.011596552166469931	0.004295795932020204	0.006945940269933617	-0.005460815205178986	0.028653919538118848
1,2,10	-0.05977351857063552	0.0042958949933112845	6.022860285366753e-44	-0.07683127928611665	-0.0427157578551544
1,2,11	-0.02039039984847346	0.004295327922367258	2.0678508967818193e-06	-0.037445908888695534	-0.003334890808251386
1,2,12	-0.06869244782567599	0.00429530664776581	1.862103343905182e-57	-0.08574787239058818	-0.051637023260763804
1,2,13	0.0011228342370555033	0.004295288288963794	0.7937766570483631	-0.01593251743034585	0.018178185904456856
1,2,14	-0.003982365434636342	0.004295324572329789	0.3538575413268331	-0.021037861172825287	0.013073130303552602
1,2,15	0.0011660315192828508	0.004295281811232897	0.7860319862134332	-0.01588929442691633	0.018221357465482032
1,2,16	0.0027167700346138607	0.004295392448518452	0.5270724440503891	-0.014338995220354773	0.019772535289582494
1,3,4	0.013912660513408365	0.004295843728317053	0.0012016491299636871	-0.003144896643557934	0.030970217670374663
1,3,5	0.024669515882156184	0.004295314707538924	9.323538283915372e-09	0.007614059314208214	0.041724972450104154
1,3,6	0.017368419921878764	0.004295419368725505	5.272605181323138e-05	0.0003125477745277404	0.034424292069229784
1,3,7	0.008798709113680303	0.004295432425458915	0.04052611311494378	-0.008257214878195453	0.02585463310555606
1,3,8	0.00325459352367502	0.004295283802676775	0.4486254274916691	-0.013800740329973766	0.020309927377323806
1,3,9	0.0008467459727541232	0.004295764234760156	0.8437406439099764	-0.016210495538211963	0.01790398748372021
1,3,10	0.0762348025139432	0.004295833596346533	2.7126676266640332e-70	0.059177285588111264	0.09329231943977513
1,3,11	0.017066405251511665	0.004295295754632198	7.096728150598657e-05	1.1023940093078666e-05	0.03412178656293025
1,3,12	0.010364666833578992	0.004295268276558277	0.01582272961290045	-0.00669060537032868	0.027419939037486664
1,3,13	0.0008153334604421372	0.004295266622371246	0.8494496958286051	-0.01623993217516566	0.017870599096049933
1,3,14	0.006022042905362693	0.00429526445459364	0.16091435639104493	-0.011033214122625097	0.023077299933350483
1,3,15	-0.0046333396349546585	0.004295281241138462	0.2807234746946526	-0.021688663317473173	0.012421984047563856
1,3,16	0.025286464853015833	0.004295363244653923	3.953995564446857e-09	0.008230815558175154	0.04234211414785651
1,4,5	0.07470726731352223	0.004295927731706282	1.3966562179125764e-67	0.0576493766033115	0.09176515802373296
1,4,6	0.051115068127594344	0.004296115292863213	1.3119409825838933e-32	0.034056432666094434	0.06817370358909425
1,4,7	0.11189501847060115	0.004296104594915812	8.92115873590628e-149	0.09483642548756666	0.12895361145363565
1,4,8	-0.00526650352785879	0.004295839168938557	0.22022026638878914	-0.022324042580847334	0.011791035525129754
1,4,9	-0.2724942747775234	0.004296347275187038	0.0	-0.28955383137396173	-0.2554347181810851
1,4,10	-0.36925020281032783	0.004296429192468654	0.0	-0.38631008467667854	-0.3521903209439771
1,4,11	-0.009271775298685475	0.004295890393062583	0.03090901137433269	-0.026329517747905037	0.0077859671505340865
1,4,12	-0.051735279640382076	0.00429584779063942	2.2908142858382302e-33	-0.06879285292765952	-0.03467770635310463
1,4,13	0.002010660318506677	0.004295840801170721	0.6397517446120583	-0.015046885215605297	0.01906820585261865
1,4,14	0.0017116148726018798	0.004295865952347573	0.6903123382150085	-0.015346030529583478	0.018769260274787238
1,4,15	0.02591735680380884	0.004295863582400285	1.6172222333897427e-09	0.00885972081200102	0.04297499279561666
1,4,16	-0.10929700574604152	0.004295970544008011	4.405334939202121e-142	-0.12635506645156167	-0.09223894504052138
1,5,6	0.050569593324820195	0.004295526801092794	5.826074335836232e-32	0.03351329459450633	0.06762589205513406
1,5,7	0.014081218558460118	0.0042954946155696755	0.0010455012653850467	-0.002974952372419005	0.03113738948933924
1,5,8	0.00021138000212461705	0.0042953174529185845	0.9607507161462407	-0.01684408746693462	0.017266847471183854
1,5,9	-0.0749428204942291	0.004295811596920882	5.3375934456707e-68	-0.09200025006668316	-0.05788539092177503
1,5,10	-0.07705563120988339	0.004295916385509151	9.08248481997034e-72	-0.09411347686761588	-0.05999778555215089
1,5,11	-0.005645238611891187	0.0042953315726367335	0.18875900777934954	-0.02270076214628115	0.011410284922498775
1,5,12	-0.014325750408214932	0.00429533575201244	0.0008529001106772716	-0.03138129053770111	0.002729789721271244
1,5,13	0.0014736314326302125	0.00429531131183384	0.7315400923488851	-0.015581811651951688	0.018529074517212113
1,5,14	0.0036007604901930473	0.004295319440551929	0.4018661052131226	-0.013454714871185262	0.020656235851571357
1,5,15	-0.0028482824285831487	0.004295314628208436	0.507260043143271	-0.01990373868153262	0.014207173824366322
1,5,16	0.007325863778772389	0.004295416503444962	0.0881046930980078	-0.009729996991375521	0.0243817245489203
1,6,7	0.06431906031400117	0.004295682474675029	1.3424884478512378e-50	0.047262143448765566	0.08137597717923678
1,6,8	0.008301504666906795	0.004295425534947925	0.05328512862100658	-0.008754391964736027	0.025357401298549617
1,6,9	0.024211099050048965	0.004296020711696	1.7507163001585654e-08	0.007152839143100789	0.04126935895699714
1,6,10	0.059272583572011275	0.004296107437246428	3.0697897767687716e-43	0.04221397930290122	0.07633118784112133
1,6,11	-0.0014477857519156964	0.004295448987702762	0.7360794872433454	-0.01850377550768766	0.015608204003856267
1,6,12	0.01468618881003897	0.004295418027228669	0.0006288232469312369	-0.0023696780106148042	0.03174205563069274
1,6,13	-0.0006807657533390542	0.004295404460446358	0.8740735631336819	-0.017736578704210935	0.016375047197532827
1,6,14	-0.002393163599118203	0.004295430221479633	0.577432506718207	-0.019449078839627532	0.014662751641391126
1,6,15	-0.003998460911523283	0.0042954168266365975	0.35192596029000367	-0.021054322964972016	0.01305740114192545
1,6,16	0.04522292857739306	0.004295549951672031	6.747645472717183e-26	0.028166537922802257	0.06227931923198386
1,7,8	-0.0024935437265577315	0.004295419023238195	0.5615712024106849	-0.019549414502078234	0.014562327048962771
1,7,9	0.1102538623530765	0.004296030872184944	1.5748371377869312e-144	0.09319556210175552	0.12731216260439748
1,7,10	0.07104618351144606	0.004296095169457316	2.6425769204176736e-61	0.05398762795419035	0.08810473906870178
1,7,11	0.00277449757318024	0.004295465734746892	0.518337939252923	-0.014281558680276581	0.01983055382663706
1,7,12	0.0014435940138438075	0.004295438098721044	0.7368145880311918	-0.015612352504920528	0.018499540532608143
1,7,13	-0.009055725381728327	0.004295422942322972	0.035015236708026524	-0.026111611718804793	0.00800016095534814
1,7,14	0.0026613335718309664	0.0042954554398595265	0.535543384019795	-0.014394681803595658	0.01971734894725759
1,7,15	-0.002023011134409572	0.004295456362271521	0.637667070304492	-0.01907903017246834	0.015033007903649195
1,7,16	0.006140868946534109	0.00429554659861606	0.1528396798665324	-0.01091550839403796	0.023197246287106177
1,8,9	-0.01135758532975776	0.004295747060012978	0.008197335986246165	-0.028414758644753468	0.005699587985237949
1,8,10	-0.014505631597178797	0.004295828116357622	0.0007341004776891149	-0.03156312676355438	0.0025518635691967884
1,8,11	-0.012513054021149717	0.0042952686675190215	0.003578476996346322	-0.029568327777449808	0.004542219735150375
1,8,12	-0.017739004234425496	0.004295264899797256	3.6338204158174785e-05	-0.03479426303018851	-0.0006837454386624774
1,8,13	-0.0024914860905423664	0.004295268741191988	0.5618805030755798	-0.019546760139376573	0.01456378795829184
1,8,14	-0.0004687824820161779	0.00429528114045153	0.9130926202744837	-0.017524105764735908	0.016586540800703552
1,8,15	-0.0010514261043652884	0.0042952964753119665	0.8066233361428968	-0.018106810277395496	0.01600395806866492
1,8,16	-0.0026525889444279777	0.004295327385303935	0.5368727351148911	-0.01970809585212641	0.014402917963270454
1,9,10	-0.31235901919923914	0.004296338182409552	0.0	-0.3294185396908791	-0.2952994987075992
1,9,11	-0.007585457134093837	0.004295773828560722	0.07743493921448966	-0.02464273673927653	0.009471822471088857
1,9,12	-0.0540556589854279	0.004295736363436693	2.869306937852981e-36	-0.07111278982740249	-0.03699852814345331
1,9,13	0.0012686498582321487	0.004295738610576491	0.7677446428463989	-0.01578848990648684	0.018325789622951137
1,9,14	-0.003814115672477719	0.004295760174943047	0.37460910507578815	-0.020871341063080317	0.013243109718124878
1,9,15	0.01981357746317225	0.0042957549419434535	3.988833097933446e-06	0.0027563728513026117	0.03687078207504189
1,9,16	0.025746432642533568	0.00429586981705199	2.0671532599720606e-09	0.00868877189472098	0.04280409339034616
1,10,11	-0.023344280255669675	0.004295886051224425	5.527246812742432e-08	-0.04040200546470146	-0.006286555046637891
1,10,12	-0.06467773865693924	0.004295835547257607	3.8589154851219296e-51	-0.08173526332927669	-0.047620213984601784
1,10,13	-0.0036147639400675342	0.0042958285482643166	0.40009392429013124	-0.020672260821420107	0.013442732941285038
1,10,14	0.007245386418721758	0.004295853522921149	0.09168514179303724	-0.009812209629794084	0.0243029824672376
1,10,15	0.011709924791037163	0.004295851299018442	0.006414992112578736	-0.005347662427002076	0.0287675120090764
1,10,16	0.0077862462910926605	0.004295960550157921	0.06992017674177571	-0.00927177473172952	0.024844267313914842
1,11,12	-0.012641772371589921	0.004295315045051774	0.0032500295017346592	-0.02969723027970413	0.004413685536524287
1,11,13	-0.006230930831609138	0.004295301071979199	0.14688530756894688	-0.023286333256679927	0.01082447159346165
1,11,14	0.006578288692186032	0.00429528411486945	0.12564726754364217	-0.010477046401089873	0.023633623785461938
1,11,15	0.0024084421193246164	0.004295295119250325	0.5749928833286364	-0.014646936669175704	0.019463820907824936
1,11,16	0.000990160648756927	0.004295383728388181	0.8176904838474951	-0.016065569981088004	0.018045891278601858
1,12,13	6.074455893675945e-05	0.004295279237396668	0.9887166027311621	-0.016994571167300673	0.017116060285174192
1,12,14	-0.0028126032266075074	0.0042952860560331665	0.5125913862169045	-0.019867946027684987	0.014242739574469972
1,12,15	-0.0017027330186930867	0.0042952941943585595	0.6917978166593999	-0.018758108134714808	0.015352642097328634
1,12,16	-0.0031942607724404215	0.004295365226626454	0.457089209035509	-0.020249917937122715	0.013861396392241872
1,13,14	-0.001201191380845651	0.0042952967763722006	0.7797448618028332	-0.01825657674929927	0.015854193987607967
1,13,15	0.004815486166067737	0.0042952820808740445	0.2622449783542036	-0.012239840850798718	0.02187081318293419
1,13,16	0.0031404023185679364	0.0042953551752915745	0.4647110442422959	-0.013915214935160874	0.020196019572296747
1,14,15	0.0005737074142701526	0.004295312877504542	0.8937462522892887	-0.016481741887138798	0.017629156715679103
1,14,16	0.0014776544489973342	0.004295372706432646	0.7308393138919184	-0.015578032415839275	0.018533341313833943
1,15,16	-0.0006957054907543517	0.004295344435642322	0.8713320853101885	-0.017751280100431713	0.01635986911892301
2,3,4	0.06816721804654655	0.004295458946823262	1.3179376834896306e-56	0.05111118874597782	0.08522324734711527
2,3,5	0.004711103396139921	0.0042951097202403015	0.2727098185311728	-0.012343539226333345	0.021765746018613186
2,3,6	-0.005047894526281849	0.004295102558737134	0.23989205061799485	-0.022102508712490358	0.012006719659926661
2,3,7	0.005535791875367652	0.004295109169512332	0.19745159710496013	-0.011518848560323595	0.022590432311058898
2,3,8	-0.0038185006776405017	0.0042950706429068794	0.37398351833410304	-0.02087298813528689	0.013235986780005888
2,3,9	-0.043959185833528605	0.004295392330453479	1.4576688870178668e-24	-0.061014950619695266	-0.026903421047361945
2,3,10	-0.012145582898716466	0.004295453982110738	0.004692111213979067	-0.02920159248584285	0.004910426688409917
2,3,11	0.0030402720650609255	0.004295077794732072	0.4790407939329713	-0.014014243790421772	0.020094787920543623
2,3,12	-0.006310388359743568	0.0042950788224338406	0.1417797388508844	-0.02336490829593375	0.010744131576446613
2,3,13	-0.0032468825097337617	0.004295052468664973	0.44967669120787546	-0.020301297802704312	0.013807532783236789
2,3,14	-0.006421319615211973	0.004295056321122186	0.13490655732974	-0.023475750205179637	0.01063311097475569
2,3,15	-0.00233023880003827	0.004295044786448828	0.5874476031274369	-0.01938462358914293	0.014724145989066389
2,3,16	-0.0012132040231969399	0.004295143824389952	0.7775921323019638	-0.018267982063417856	0.015841574017023977
2,4,5	0.011889266499971254	0.00429553958332717	0.005644928820790163	-0.005167082984910806	0.028945615984853314
2,4,6	0.042338605924530225	0.004295568771550119	6.679866718402234e-23	0.025282140541628414	0.05939507130743203
2,4,7	0.0009183107328300036	0.004295609137021331	0.8307201319515795	-0.016138314929722536	0.017974936395382543
2,4,8	-0.0007729024738881429	0.0042954244237090045	0.8572031987077027	-0.01782879469312153	0.016282989745345245
2,4,9	0.006351654250928915	0.004295943686353496	0.13927256838675106	-0.010706299810586933	0.023409608312444763
2,4,10	-0.05246428724202579	0.004296026120315008	2.9168560261043737e-34	-0.069522568625041	-0.03540600585901058
2,4,11	0.031399667881838435	0.004295481556843632	2.703712161265289e-13	0.014343548803396215	0.048455786960280654
2,4,12	-0.016922328865200287	0.004295477108021471	8.171408762408001e-05	-0.03397843027865209	0.00013377254825151438
2,4,13	0.0014738665244964505	0.004295427803806171	0.7315059192632893	-0.015582039116128463	0.018529772165121364
2,4,14	0.0028916055258949025	0.004295472539746894	0.5008382614995731	-0.014164477748255369	0.019947688800045174
2,4,15	0.009165794221075316	0.0042954320577959235	0.032859085501398176	-0.007890128310916681	0.026221716753067312
2,4,16	0.027959488300765573	0.004295550801527035	7.62360599047764e-11	0.010903094271645524	0.045015882329885626
2,5,6	0.001863512391845755	0.004295185864121766	0.6643910454245312	-0.015191432576032133	0.018918457359723643
2,5,7	0.003804385397063459	0.004295184112172898	0.37576484322246506	-0.013250552614330478	0.020859323408457395
2,5,8	0.0015826756218874777	0.004295103303101729	0.7125137970307736	-0.015471941519978272	0.018637292763753227
2,5,9	-0.02013981566056807	0.004295446885818309	2.7558571880447156e-06	-0.037195797070362746	-0.003083834250773399
2,5,10	-0.01902398975747284	0.00429553469202206	9.49222507026951e-06	-0.03608031982039224	-0.001967659694553439
2,5,11	-0.0009592668981479452	0.0042951452314835626	0.8232735700064904	-0.01801405052553199	0.0160955167292361
2,5,12	-0.006877084850534676	0.004295132774624182	0.10935205912477494	-0.023931819015320842	0.01017764931425149
2,5,13	0.0027889401403373704	0.00429509516754554	0.5161265126989296	-0.014265644697579846	0.019843524978254586
2,5,14	-0.006776866633757143	0.004295125650529371	0.11461554582257051	-0.023831572510816357	0.01027783924330207
2,5,15	-0.0032174463139683085	0.004295097305088375	0.45380122564629877	-0.020272039639451973	0.013837147011515356
2,5,16	-0.0019048128352058546	0.004295202542539127	0.6574240436559791	-0.018959824028271486	0.015150198357859777
2,6,7	-0.01120991359552484	0.004295322783093519	0.009061735105385911	-0.028265402229172305	0.005845575038122625
2,6,8	0.0036323859638511813	0.004295100811592833	0.3977207701747699	-0.013422221284950929	0.02068699321265329
2,6,9	-0.04462863861983385	0.004295467147314669	2.892129017592667e-25	-0.06168470048219014	-0.02757257675747756
2,6,10	0.02783743616612918	0.004295562336984664	9.207040737061721e-11	0.01078099633303201	0.044893875999226354
2,6,11	0.004890180413505311	0.004295146220180905	0.2549007944726918	-0.01216460713971089	0.02194496796672151
2,6,12	0.002039285375160904	0.004295106857052372	0.6349363478880758	-0.015015345878418414	0.019093916628740222
2,6,13	0.004923069946166092	0.00429508931418575	0.2517129519140679	-0.012131491649746647	0.02197763154207883
2,6,14	-0.0033729961868650404	0.004295114123303632	0.43227470769204235	-0.020427656292633597	0.013681663918903516
2,6,15	0.000220693668745775	0.004295073741869644	0.9590205098280735	-0.016833806093988466	0.017275193431480016
2,6,16	0.0064411758993188906	0.004295200367594384	0.13371731230595704	-0.010613826657668097	0.023496178456305878
2,7,8	0.00016808858024344037	0.004295096838604366	0.9687828840970012	-0.016886502892966688	0.01722268005345357
2,7,9	-0.006022735642380178	0.004295518935504349	0.1608910037384541	-0.023079003140709608	0.011033531855949252
2,7,10	0.04455455943750264	0.004295601349451154	3.4755060897145484e-25	0.027497964697146483	0.0616111541778588
2,7,11	-0.004843993600758559	0.0042951535671147305	0.2594165214981893	-0.021898810326531206	0.012210823125014088
2,7,12	0.006565798868626717	0.004295137395184386	0.12635400362573793	-0.010488953643072133	0.023620551380325566
2,7,13	0.00014474743443790294	0.004295087607150138	0.9731159297684249	-0.01690980738332848	0.017199302252204285
2,7,14	0.003360207214787858	0.004295141909073126	0.4340250630241905	-0.013694563220262038	0.020414977649837754
2,7,15	0.003408150441876895	0.004295104929710852	0.427491570322736	-0.013646473158784807	0.020462774042538597
2,7,16	0.008958421267699239	0.004295202575546408	0.037011479360593395	-0.00809659005642879	0.026013432591827267
2,8,9	0.00034431465873555056	0.004295364572293091	0.9361105790942928	-0.01671133990777757	0.01739996922524867
2,8,10	-0.0049584188216178215	0.0042954183825211975	0.24836073994333877	-0.022014287053035816	0.012097449409800173
2,8,11	0.0036691178364567784	0.004295071100664443	0.3929627818424446	-0.013385371438812944	0.0207236071117265
2,8,12	-0.002185382546800285	0.004295051170755029	0.6108842864251831	-0.019239792686144577	0.014869027592544007
2,8,13	0.0015441626329590619	0.004295044318248477	0.7192058523228384	-0.01551022029705696	0.018598545562975084
2,8,14	-0.000739942391551375	0.0042950650149437206	0.863220036587955	-0.017794407502178335	0.016314522719075585
2,8,15	-0.0009627300163153885	0.004295053724838705	0.8226424358551618	-0.018017150297189734	0.016091690264558957
2,8,16	0.005963288035033834	0.0042951036443245084	0.1650224785283286	-0.011091330461729214	0.023017906531796882
2,9,10	-0.04333922602502069	0.004295937411596224	6.476008841636573e-24	-0.06039715517128412	-0.026281296878757254
2,9,11	-0.015924653546599804	0.004295400842905804	0.00020959578224334633	-0.03298045213326091	0.0011311450400613016
2,9,12	0.032689079432791174	0.004295397986191397	2.7726003474913235e-14	0.015633292189319522	0.04974486667626282
2,9,13	-0.0004259943556008186	0.0042953548101024785	0.9209991628701545	-0.017481610159268995	0.016629621448067358
2,9,14	0.0034530267088257183	0.00429538145956136	0.4214617915301009	-0.0136026949121619	0.020508748329813337
2,9,15	0.0015505558777757084	0.004295365190789383	0.7181129802530849	-0.015505101144607906	0.018606212900159323
2,9,16	0.00016938886194560465	0.00429546869896409	0.9685442447165624	-0.016886679161563268	0.017225456885454477
2,10,11	0.01985448307927456	0.004295480582903271	3.804642530393257e-06	0.002798367868068776	0.03691059829048034
2,10,12	-0.01847846778087045	0.004295473370104535	1.6962973698449568e-05	-0.03553455435213156	-0.0014223812096093372
2,10,13	4.1866802499991584e-05	0.004295421059680974	0.9922232963290327	-0.017014012059147775	0.01709774566414776
2,10,14	-0.0026694408428744043	0.004295465037775011	0.5343020929104416	-0.019725494328856792	0.014386612643107984
2,10,15	0.013008145047938707	0.00429542677301876	0.002459734990027261	-0.004047756499726524	0.030064046595603938
2,10,16	0.002036344845729343	0.004295547864586615	0.6354591564215368	-0.015020037521646878	0.019092727213105565
2,11,12	-0.013584345687316712	0.004295116335935689	0.0015636320296101096	-0.030639014578809368	0.0034703232041759444
2,11,13	0.00052478907582032	0.004295071504671807	0.9027536680348229	-0.016529701803646192	0.017579279955286832
2,11,14	0.0021366741757400803	0.004295092713450375	0.6188602705526812	-0.014917900917672637	0.019191249269152798
2,11,15	-0.005640920393071042	0.004295065817189515	0.18907005402450439	-0.0226953886891848	0.011413547903042717
2,11,16	0.0055983898822230815	0.0042951523071963985	0.19243587655054142	-0.011456421840777043	0.022653201605223206
2,12,13	-0.003901848931390523	0.0042950512110135385	0.36364273129313507	-0.02095625923058975	0.013152561367808704
2,12,14	-0.007904895756453728	0.004295085511271923	0.0657066048034707	-0.02495944225209186	0.009149650739184403
2,12,15	-0.003078639958585233	0.004295068928488751	0.47350951523821927	-0.02013312060877142	0.013975840691600953
2,12,16	0.0013951203310978155	0.004295146698702128	0.7453235109920084	-0.015659669122188222	0.018449909784383853
2,13,14	0.002770363375534768	0.004295079558328421	0.5189238919395471	-0.014284159482680667	0.019824886233750203
2,13,15	0.007963985496504317	0.00429505254835499	0.0637118225869586	-0.00909043011289232	0.025018401105900954
2,13,16	0.0030206395821999743	0.0042951095054923095	0.48188744575614206	-0.014034002187570914	0.020075281351970863
2,14,15	-0.004828590230473773	0.004295079393338486	0.2609262600509244	-0.02188311243356174	0.012225931972614193
2,14,16	0.004200556314359033	0.0042951358888650044	0.3280879684304042	-0.012854190216179753	0.02125530284489782
2,15,16	0.004174813400452811	0.004295085850366371	0.3310553631210468	-0.01287973444163163	0.02122936124253725
3,4,5	0.01168086026961071	0.004295471713432843	0.006542929917856276	-0.005375219723484651	0.02873694026270607
3,4,6	-0.035225609195735336	0.004295513000097022	2.4363250706007837e-16	-0.05228185312627316	-0.018169365265197506
3,4,7	-0.03501492332545006	0.00429551880358359	3.658336950595562e-16	-0.052071190299960185	-0.017958656350939937
3,4,8	0.002221259432662437	0.0042954236458384995	0.6050725510851891	-0.014834629697871398	0.019277148563196272
3,4,9	-0.04869001639462931	0.004295889334163648	9.491830323253077e-30	-0.06574775463926644	-0.031632278149992185
3,4,10	0.09106008564732884	0.004295954863791137	2.2422960003595842e-99	0.07400208720343004	0.10811808409122764
3,4,11	-0.008044648407155366	0.00429544569112255	0.06109610627382235	-0.025100625073157554	0.009011328258846821
3,4,12	0.015505206823071216	0.004295420438643246	0.0003067761293946234	-0.0015506695726147483	0.032561083218757184
3,4,13	0.0032963046497341553	0.004295384845962527	0.44284290030345363	-0.013759430417676358	0.02035203971714467
3,4,14	0.00022169607844274575	0.004295401801884018	0.9588376835254748	-0.01683410631604442	0.017277498472929913
3,4,15	-0.0017227745772855352	0.004295419829792489	0.6883681106326076	-0.018778648555400648	0.015333099400829577
3,4,16	-0.004534887432336099	0.0042955004493797294	0.2910956814548249	-0.021591081527593335	0.012521306662921138
3,5,6	-0.008275823014538775	0.004295153584855307	0.054011245043746145	-0.025330639810754136	0.008778993781676587
3,5,7	0.026978701061912663	0.00429510434520902	3.3796006717030585e-10	0.009924079782139248	0.04403332234168608
3,5,8	0.0016316224666371448	0.00429509267761901	0.7040352871257538	-0.015422952484499552	0.01868619741777384
3,5,9	-0.03368453095208665	0.0042953890283804405	4.501187758859997e-15	-0.0507402826266731	-0.016628779277500196
3,5,10	-0.036698298716892536	0.004295467871608107	1.3301903352200236e-17	-0.053754363455209286	-0.019642233978575785
3,5,11	-0.0006629456668574285	0.004295076485125119	0.8773341468175646	-0.017717456322268413	0.016391564988553556
3,5,12	-0.0023354268384652536	0.00429509286955696	0.5866201951743565	-0.019390002551732222	0.014719148874801715
3,5,13	-0.002671411351680142	0.004295060702388455	0.5339618912085384	-0.01972585933839325	0.014383036635032966
3,5,14	0.0051191771504955075	0.004295053120577781	0.2333136764569833	-0.01193524073103289	0.022173595032023905
3,5,15	-0.003113984998944261	0.004295090566531157	0.4684483318719753	-0.020168551567559617	0.013940581569671096
3,5,16	-0.007093821252298682	0.004295171270794759	0.09862496727768837	-0.024148708274281592	0.009961065769684228
3,6,7	-0.01405626837740126	0.00429524477045059	0.001066499657503393	-0.031111447245331002	0.002998910490528483
3,6,8	0.0017975234274297813	0.0042951040478809615	0.6755791728023066	-0.015257096671739617	0.01885214352659918
3,6,9	0.020139846621821292	0.00429544501790324	2.75573272683182e-06	0.003083872628978926	0.03719582061466366
3,6,10	-0.001270407738578852	0.004295506941592484	0.7674199079606427	-0.01832662761254154	0.015785812135383836
3,6,11	0.006204734939772277	0.004295089625697744	0.1485719670052139	-0.010849827893064795	0.02325929777260935
3,6,12	0.005051515896276726	0.004295073144598766	0.23955178923251708	-0.012002981494867025	0.022106013287420477
3,6,13	0.005429344162843977	0.004295058425435658	0.20620198704156628	-0.011625094782745909	0.022483783108433863
3,6,14	-0.002444660651116544	0.00429505531709568	0.569235808731331	-0.019499087254384366	0.014609765952151278
3,6,15	0.004877190883603527	0.004295066316995819	0.25615615856754803	-0.012177279397096993	0.021931661164304048
3,6,16	0.012093510627159007	0.004295170088720056	0.004869998150063857	-0.004961371701145988	0.029148392955464
3,7,8	-0.001099951829982515	0.00429507673236452	0.7978775539266347	-0.01815446346710989	0.01595455980714486
3,7,9	0.019081348923207425	0.004295457258287306	8.918521047602535e-06	0.0020253263273282557	0.036137371519086595
3,7,10	0.007417247878103439	0.0042955137809792595	0.08421864508073393	-0.009638999153092662	0.02447349490929954
3,7,11	0.0036367816469974057	0.004295090421471386	0.39714881419128	-0.013417784345627418	0.02069134763962223
3,7,12	0.0004895769187789889	0.0042950764874996475	0.9092495550139091	-0.01656493374606056	0.01754408758361854
3,7,13	-0.0003426522285528977	0.004295060148003894	0.9364138995287401	-0.017397098013964715	0.01671179355685892
3,7,14	0.0014087978369688031	0.004295055901267853	0.7429092960269705	-0.015645631085878325	0.01846322675981593
3,7,15	0.003303811849242326	0.004295071829370525	0.44177152491676575	-0.013750680319509198	0.02035830401799385
3,7,16	0.0019322063321224603	0.004295138649613403	0.6528137014745844	-0.015122551160552423	0.018986963824797344
3,8,9	3.0471626112638095e-05	0.004295367792955924	0.9943398230669662	-0.017025195728724227	0.017086138980949503
3,8,10	0.0010299904945633154	0.00429542237238543	0.8104954177144932	-0.016025893579455455	0.018085874568582086
3,8,11	-0.0012082465769341078	0.004295065150155927	0.7784732235331433	-0.01826271222444976	0.015846219070581546
3,8,12	-0.0009283765558788515	0.004295065792302427	0.8288718586209534	-0.017982844753173157	0.016126091641415454
3,8,13	0.006907081403873014	0.004295043657363825	0.10780687902514163	-0.010147298901960557	0.023961461709706585
3,8,14	-0.003260013022372138	0.0042950576479458226	0.44784638409168387	-0.020314448880774	0.013794422836029725
3,8,15	0.002434737557668154	0.004295059711111073	0.5708049487282465	-0.014619706492968208	0.019489181608304516
3,8,16	-0.004517691488302104	0.004295103121027568	0.2928843655486147	-0.021572307907203846	0.012536924930599637
3,9,10	-0.016586015473221253	0.004295888164428816	0.00011307817500469818	-0.03364374907317853	0.00047171812673603083
3,9,11	0.001346053570738498	0.00429537189628049	0.7539983108903516	-0.015709630077217426	0.01840173721869442
3,9,12	0.009766543485445721	0.004295351569820729	0.022984468772873908	-0.007289059451997648	0.02682214642288909
3,9,13	0.002392942047498764	0.0042953243383422	0.5774583623399029	-0.014662552761592913	0.01944843685659044
3,9,14	-0.001783335009838849	0.004295331328762972	0.6780116329282493	-0.018838857575876403	0.015272187556198705
3,9,15	0.006154681927194511	0.004295348557954215	0.1518994580663227	-0.010900909050995108	0.02321027290538413
3,9,16	-0.007368331253453986	0.00429543550131391	0.08627923432339858	-0.024424267458663305	0.009687604951755333
3,10,11	0.0163294661896419	0.004295448028353473	0.00014391183041408739	-0.0007265197568305688	0.033385452136114366
3,10,12	0.020105254277186513	0.00429542039129884	2.8658218222645164e-06	0.003049378069491536	0.03716113048488149
3,10,13	0.005679666287190591	0.004295383163564169	0.1860821809276813	-0.011376062099901	0.02273539467428218
3,10,14	0.002266177870079482	0.004295398062957617	0.5977907944498615	-0.0147896096782087	0.019321965418367663
3,10,15	0.0058180895209890005	0.004295419338628006	0.17558582034167083	-0.01123778250685353	0.02287396154883153
3,10,16	-0.01656329007675219	0.004295499392640274	0.00011538655085732091	-0.033619479976001655	0.0004928998224972767
3,11,12	-2.3758873344964515e-05	0.00429509506645159	0.9955864380979239	-0.01707834330984725	0.017030825563157322
3,11,13	-0.00495841546527237	0.004295063802892036	0.24832200838447133	-0.022012875763191466	0.012096044832646726
3,11,14	-0.0002871959050188	0.004295047259709442	0.9466879810710764	-0.017341590514728434	0.016767198704690834
3,11,15	0.0018746428172398688	0.004295050985531449	0.662500278755648	-0.015179766586634974	0.01892905222111471
3,11,16	-0.004047416358585076	0.004295125494077562	0.3460283505466726	-0.021102121614419253	0.0130072888972491
3,12,13	-0.00673167106308073	0.004295047009499306	0.11704711184552644	-0.023786064679278036	0.010322722553116576
3,12,14	-0.002765989111383267	0.004295043851509816	0.5195806156964191	-0.019820370188114608	0.014288391965348073
3,12,15	-0.005760358490521589	0.00429505845265299	0.17987339943967337	-0.022814797544183654	0.011294080563140477
3,12,16	0.005515157663543588	0.004295108893629387	0.19912720025636074	-0.011539481676696009	0.022569797003783185
3,13,14	0.004363235325733662	0.004295029772412045	0.3096902974070786	-0.012691089846958763	0.021417560498426087
3,13,15	-0.003845501711527033	0.0042950422525663955	0.3706113754960857	-0.02089987643931495	0.013208873016260884
3,13,16	0.00234529518259341	0.004295088739204397	0.5850395448473982	-0.014709264130234118	0.019399854495420938
3,14,15	0.003635497149363315	0.004295055025561026	0.3973116754158257	-0.013418928296304432	0.020689922595031062
3,14,16	0.0013125994135140678	0.004295087784626986	0.7599065584899838	-0.01574195610896172	0.018367154935989855
3,15,16	-0.0002808634092716644	0.004295085309206162	0.9478622465277426	-0.017335409102564904	0.016773682284021575
4,5,6	0.20988146235464977	0.004295629612957459	0.0	0.1928247553880571	0.22693816932124244
4,5,7	0.04796277346199054	0.0042956101477413106	6.392652731724616e-29	0.030906143786160307	0.06501940313782079
4,5,8	-0.009180466514177421	0.004295470488165727	0.03258194475325599	-0.02623654164209025	0.007875608613735409
4,5,9	-0.16844915095905216	0.004295951140609046	0.0	-0.1855071346192681	-0.15139116729883623
4,5,10	-0.2782008417615742	0.004296056626230909	0.0	-0.29525924427478806	-0.2611424392483604
4,5,11	0.005022407599853063	0.004295497439511339	0.242316887246236	-0.0120337745440844	0.022078589743790525
4,5,12	0.025880904315840753	0.004295500440878944	1.6989829849661822e-09	0.008824710254337682	0.04293709837734382
4,5,13	-0.0027109672076234964	0.004295447050957957	0.5279605508238328	-0.019766949273140107	0.014345014857893114
4,5,14	-0.007916593359412298	0.004295474089027049	0.06533242702631653	-0.024972682785307482	0.009139496066482886
4,5,15	0.007186827409491073	0.00429547184364334	0.09430910243652703	-0.009869253100632639	0.024242907919614785
4,5,16	-0.006494510364466674	0.004295602505742015	0.1305648665751678	-0.023551109696120533	0.010562088967187185
4,6,7	-0.02644847038067774	0.004295855160233795	7.469378209901259e-10	-0.04350607293049014	-0.009390867830865339
4,6,8	-0.019050756132961116	0.0042955315872978544	9.221715689475613e-06	-0.036107073867915646	-0.0019944383980065906
4,6,9	-0.12791995074113702	0.004296120887222755	1.670809971400647e-193	-0.1449786084162261	-0.11086129306604796
4,6,10	-0.7052018366632866	0.004296230239828882	0.0	-0.7222609285460534	-0.6881427447805198
4,6,11	-0.017921901263144413	0.004295560188540742	3.0207849544645986e-05	-0.03497833256539006	-0.000865469960898764
4,6,12	0.016351899424529692	0.0042955332229365345	0.00014095141577653755	-0.0007044248050745543	0.03340822365413394
4,6,13	-0.0011180173490298664	0.004295490336278542	0.7946509429564377	-0.018174171288077415	0.015938136590017683
4,6,14	-0.0013869823566921985	0.00429552285047283	0.7467794248337869	-0.01844326540023296	0.015669300686848565
4,6,15	0.014318392596160481	0.00429551558686472	0.0008585989410968022	-0.0027378616056862315	0.031374646798007194
4,6,16	0.014265911396545539	0.004295688179442126	0.0008975055625482183	-0.0027910281206757932	0.03132285091376687
4,7,8	0.0011133360680860294	0.004295509839334358	0.7954925511364417	-0.01594289531197436	0.01816956744814642
4,7,9	0.019270167795487847	0.0042961383874750075	7.288151373478707e-06	0.0022114406319415844	0.03632889495903411
4,7,10	-0.20387190213291612	0.0042962293938901405	0.0	-0.22093099065670405	-0.1868128136091282
4,7,11	-0.0031515444418664246	0.004295588797750392	0.46315258494940004	-0.020208089343036913	0.013905000459304064
4,7,12	0.013578717056082656	0.004295547296511963	0.0015723948103586157	-0.003477663055632872	0.030635097167798185
4,7,13	0.0013798508718506526	0.0042955147141274155	0.7480366688811699	-0.015676399864607796	0.0184361016083091
4,7,14	-0.0022094210436907624	0.004295548556255134	0.607008156738331	-0.019265806157483297	0.014846964070101772
4,7,15	0.005663802145775602	0.004295540723329326	0.18733075774453142	-0.011392551865726411	0.022720156157277616
4,7,16	-0.02158828713414372	0.004295658358810091	5.031860580551916e-07	-0.03864510824223112	-0.004531466026056325
4,8,9	-0.0010188673604186738	0.004295874390716459	0.8125229851737252	-0.018076546268934495	0.016038811548097148
4,8,10	0.006730815000190482	0.004295946000895487	0.11717034485240875	-0.010327148251704438	0.023788778252085405
4,8,11	0.01226715770568753	0.004295428247498854	0.004293365444988312	-0.0047887496967131335	0.029323065108088193
4,8,12	0.005195722288445254	0.004295411625629067	0.2264375392419949	-0.01186011911330178	0.022251563690192287
4,8,13	0.0006220000397146874	0.0042953912319469685	0.88486420080165	-0.016433760384599268	0.017677760464028643
4,8,14	-0.0002726257389768713	0.004295412332607902	0.9493932012670079	-0.01732846994793307	0.01678321846997933
4,8,15	9.784994631706345e-05	0.004295436031981928	0.9818258482168714	-0.016958088366021987	0.017153788258656114
4,8,16	0.0002521534419859528	0.00429547077754818	0.9531895156238179	-0.016803922834981187	0.017308229718953093
4,9,10	-0.13108111189225757	0.004296374485374839	5.462126151715693e-203	-0.14814077653250823	-0.11402144725200691
4,9,11	-0.009383061065100048	0.004295920104279492	0.02895264747960496	-0.026440921488997623	0.007674799358797526
4,9,12	-0.050434550103563014	0.004295883330251434	8.544562005195958e-32	-0.06749226450839538	-0.03337683569873065
4,9,13	-0.0016144859982163001	0.004295862045407147	0.7070493385664163	-0.018672115887067412	0.015443143890634812
4,9,14	-0.0018416263301477276	0.004295886888056886	0.6681464473007133	-0.018899354861999996	0.01521610220170454
4,9,15	-0.006333141050406665	0.004295893410406681	0.14042418082986624	-0.023390895480629885	0.010724613379816554
4,9,16	0.0367323222426002	0.00429597695744987	1.2530304819371068e-17	0.01967423607115113	0.05379040841404927
4,10,11	0.07437919598881848	0.0042960207574949455	5.279812036501028e-67	0.0573209359000159	0.09143745607762106
4,10,12	-0.04887264242960421	0.004295981135464552	5.857720087287852e-30	-0.06593074519074525	-0.03181453966846316
4,10,13	0.004306497043402555	0.004295933128658515	0.3161257015925229	-0.012751415096549808	0.02136440918335492
4,10,14	0.015330947124562407	0.004295980149101163	0.00035905492462554923	-0.0017271517200139475	0.03238904596913876
4,10,15	-0.03626654841721487	0.004295982692871561	3.184229535076345e-17	-0.05332465736237022	-0.019208439472059517
4,10,16	0.07504461636787255	0.004296062966492948	3.5949516988398192e-68	0.057986188679305745	0.09210304405643935
4,11,12	-6.357498717496357e-05	0.004295484043758109	0.9881914467876345	-0.017119703940437707	0.01699255396608778
4,11,13	0.006925716678353233	0.004295444995175889	0.10689292995841587	-0.010130257224245372	0.02398169058095184
4,11,14	-0.009185948614659253	0.004295437472076533	0.032476998984143586	-0.02624189264519887	0.007869995415880363
4,11,15	0.00096963740178653	0.0042954490855822	0.8214074899464052	-0.016086352742636468	0.018025627546209528
4,11,16	-0.009459702293390826	0.004295547728465591	0.027653941336806473	-0.0265160841202697	0.007596679533488047
4,12,13	0.0006612041472693064	0.004295407988440623	0.8776632098182425	-0.016394622812250847	0.01771703110678946
4,12,14	-0.0021900881321843396	0.004295427322173199	0.6101477781057456	-0.019245991860383553	0.014865815596014874
4,12,15	-0.002434425324127326	0.004295444858051229	0.5708888757862927	-0.019490398682243434	0.014621548033988782
4,12,16	-0.004467497396565212	0.004295529487957994	0.298327935929839	-0.02152380679564629	0.012588812002515867
4,13,14	-0.003389835987679668	0.004295420457358954	0.4300129706386946	-0.020445712457680315	0.013666040482320979
4,13,15	-0.006351370306888343	0.004295417066912254	0.13924177013362585	-0.023407233314402448	0.010704492700625762
4,13,16	-0.009103215661611763	0.004295481075202969	0.034072818906084754	-0.02615933282759774	0.007952901504374214
4,14,15	-0.010513382894289366	0.004295447038986126	0.014385196595336908	-0.02756936491226929	0.006542599123690557
4,14,16	-0.003980650585617973	0.004295502020983872	0.35408471904593897	-0.021036850921262243	0.013075549750026297
4,15,16	-0.003436763057863279	0.004295482129945418	0.42366285220019095	-0.02049288441192749	0.013619358296200933
5,6,7	0.07884602315748718	0.004295369551266665	4.593835539453847e-75	0.06179034882090519	0.09590169749406915
5,6,8	-0.00872222547642261	0.004295156021148521	0.04228830426375507	-0.025777051946456055	0.008332600993610835
5,6,9	-0.11574843977935906	0.004295527046469655	4.837582579104186e-159	-0.1328047394839937	-0.0986921400747244
5,6,10	-0.1307820490744323	0.0042956213902776265	3.7746696741156086e-202	-0.14783872339113358	-0.11372537475773105
5,6,11	0.010733909664906172	0.004295175145512155	0.012454716965274996	-0.00632099274246262	0.027788812072274963
5,6,12	-0.011468394302086016	0.00429516989014983	0.007585499322431601	-0.028523275841925884	0.005586487237753852
5,6,13	-0.003986932547373936	0.004295113924860204	0.35328222246891106	-0.02104159186518084	0.013067726770432966
5,6,14	0.0029278947662664395	0.004295130009967822	0.49544516103209835	-0.014126828420866242	0.01998261795339912
5,6,15	0.009502875866553323	0.004295132005276397	0.026937297606104194	-0.007551855243374556	0.026557606976481202
5,6,16	0.00024278170920813413	0.004295266410132586	0.9549252809647617	-0.01681248308366112	0.017298046502077388
5,7,8	-0.004882753899384598	0.004295116372658814	0.2556197467394966	-0.0219374229366942	0.012171915137925003
5,7,9	-0.020918843926945138	0.004295509740701495	1.119004447431882e-06	-0.03797507491536286	-0.003862612938527417
5,7,10	-0.014616153982741617	0.004295604146055067	0.0006679242497819325	-0.031672759827605784	0.0024404518621225467
5,7,11	0.0002767400950366983	0.004295152189962182	0.9486274054958963	-0.016778071162460145	0.01733155135253354
5,7,12	0.01643914127756471	0.004295141525880813	0.0001296365309801948	-0.0006156276359389617	0.033493910191068385
5,7,13	0.0014190156298471701	0.004295112503408811	0.7411145665175336	-0.015635638043785993	0.018473669303480333
5,7,14	0.0033424350347812104	0.004295124801880534	0.4364582420967932	-0.013712267472538096	0.020397137542100516
5,7,15	0.0013520641396678468	0.004295133155812671	0.7529222708978429	-0.015702671538707934	0.018406799818043627
5,7,16	0.012416088324940885	0.004295236508269541	0.003845565337103429	-0.004639057736249508	0.02947123438613128
5,8,9	-0.007294872569676314	0.004295395402487327	0.08945587349982558	-0.024350649554003862	0.009760904414651234
5,8,10	-0.011196957769222068	0.004295464084006889	0.009144224657081373	-0.02825300746806617	0.005859091929622032
5,8,11	-0.00020345605880806028	0.0042950891275346246	0.9622189148244022	-0.01725801691358298	0.01685110479596686
5,8,12	-0.004518580630201149	0.004295102571271137	0.2927893199359738	-0.02157319486617857	0.012536033605776271
5,8,13	-0.003355612397479328	0.0042950602162489405	0.434645117703484	-0.020410058453872552	0.013698833658913896
5,8,14	0.0028582525444380835	0.0042950880081804735	0.5057522602334035	-0.014196303865704162	0.01991280895458033
5,8,15	-0.0012333779117109922	0.004295097916465427	0.7739911652609567	-0.0182879736647967	0.015821217841374715
5,8,16	-0.009444523437964647	0.004295160087876987	0.02789029998340059	-0.026499366055804587	0.0076103191798752926
5,9,10	0.24420288725215333	0.004295947402291035	0.0	0.22714491843572066	0.261260856068586
5,9,11	0.002686762795468395	0.004295399243301721	0.5316466056773241	-0.014369029439625987	0.019742555030562776
5,9,12	-0.005583998376977317	0.004295409291729612	0.19360831143005627	-0.022639830511482367	0.011471833757527732
5,9,13	0.0003116949287546855	0.004295366823864472	0.9421522016432649	-0.01674396857809937	0.01736735843560874
5,9,14	-0.001937031220604346	0.004295375522345556	0.6520217971267386	-0.018992729266619424	0.015118666825410732
5,9,15	-0.0032269772254308604	0.004295387689379739	0.45249554274015114	-0.0202827235832315	0.01382876913236978
5,9,16	-0.0009253510405549392	0.004295500836737306	0.8294379742646553	-0.017981546673897456	0.016130844592787578
5,10,11	0.010676630650648111	0.004295498913760633	0.012938053755989009	-0.00637955734710834	0.027732818648404562
5,10,12	-0.0001726151336048365	0.004295494653964336	0.9679456344341912	-0.017228786216938092	0.01688355594972842
5,10,13	0.0006284172942232491	0.004295440735895069	0.8836860686441239	-0.016427539695998968	0.017684374284445466
5,10,14	-0.00942491563016476	0.004295467305171364	0.02822791880295618	-0.02648097811932448	0.00763114685899496
5,10,15	0.0023594588960244023	0.004295467316447759	0.5828080894419213	-0.014696603637910637	0.01941552142995944
5,10,16	-0.008231751850063144	0.004295599108367021	0.0553285211121421	-0.025288337691720203	0.008824833991593915
5,11,12	0.0007153543994091946	0.004295112706239163	0.8677240422813163	-0.016339300079604827	0.017770008878423216
5,11,13	-0.0012390217575124624	0.0042950726622636905	0.7729839734885194	-0.018293517233442663	0.01581547371841774
5,11,14	0.004739305692232965	0.004295084656157649	0.2698465757823462	-0.012315237407992875	0.021793848792458805
5,11,15	0.004779788542254651	0.004295088309811519	0.2657770596495037	-0.01227476906557753	0.021834346150086833
5,11,16	0.00423143165186185	0.004295182985164397	0.3245504234996892	-0.012823501884506192	0.02128636518822989
5,12,13	0.0018598153241336235	0.004295082586551933	0.66500868234807	-0.015194719558284487	0.018914350206551734
5,12,14	0.0012768237914405067	0.004295085932162384	0.7662571484150715	-0.015777724375432324	0.018331371958313337
5,12,15	0.002002629667020972	0.00429510214411523	0.6410317600591393	-0.01505198287284347	0.019057242206885414
5,12,16	0.008058815862492574	0.004295194919013098	0.06062687184373221	-0.008996165059748696	0.025113796784733845
5,13,14	0.0015265076209414474	0.004295087784520999	0.7222852841838584	-0.015528047901113496	0.01858106314299639
5,13,15	0.008619973527621137	0.004295080596149936	0.044760112811551594	-0.008434553451484379	0.025674500506726653
5,13,16	-0.0015200188035165152	0.004295139551871179	0.7234204094576523	-0.018574779878796948	0.015534742271763918
5,14,15	0.00205971345297018	0.004295098178961277	0.6315491809800409	-0.014994883342410881	0.01911431024835124
5,14,16	0.0017889770388275494	0.004295139393277661	0.6770367867214688	-0.01526578340672374	0.01884373748437884
5,15,16	0.002287303325754081	0.004295136509301245	0.5943585048913149	-0.014767445668358171	0.019342052319866333
6,7,8	-0.007201423976502835	0.0042952627646329995	0.09362619916414835	-0.02425667429414406	0.009853826341138388
6,7,9	-0.05058838662441568	0.00429572193923057	5.567266792057672e-32	-0.06764546019202558	-0.03353131305680578
6,7,10	0.00837154558129024	0.004295846112826726	0.05132919404406777	-0.00868602104387663	0.02542911220645711
6,7,11	0.0001947271857044297	0.0042953100479447386	0.9638405597427027	-0.01686071088033817	0.01725016525174703
6,7,12	-0.0010972666954882845	0.004295290035960204	0.7983701059483501	-0.0181526252997088	0.015958091908732232
6,7,13	0.0035361814589296714	0.004295246162458663	0.4103529981548608	-0.013519002936262878	0.02059136585412222
6,7,14	0.006890480672032295	0.004295277042109272	0.10867502032998626	-0.010164826337351683	0.023945787681416274
6,7,15	0.008837872204785852	0.00429526159600207	0.03963386189445607	-0.008217373472558808	0.02589311788213051
6,7,16	0.00016544721322749034	0.004295403870926209	0.9692753848669039	-0.01689036339682981	0.01722125782328479
6,8,9	-0.015272955295158371	0.0042954470047768985	0.0003773663131409569	-0.03232893717730331	0.0017830265869865705
6,8,10	-0.028723653723902884	0.004295523425726285	2.298318537540273e-11	-0.0457799390516093	-0.011667368396196469
6,8,11	-0.001374787074168396	0.004295083879473834	0.7489057906041479	-0.018429327090406684	0.015679752942069893
6,8,12	-0.002036559132309518	0.004295095681276766	0.6353879931806439	-0.01909114601010535	0.015018027745486315
6,8,13	-0.004104872337793719	0.004295074816502686	0.3392192521481908	-0.021159376367586007	0.01294963169199857
6,8,14	-0.0006892920527864776	0.004295085106874237	0.8725003985137956	-0.017743836942677966	0.01636525283710501
6,8,15	0.0011682103958158552	0.0042950818403111315	0.7856321762052889	-0.015886321523495138	0.01822274231512685
6,8,16	-0.006598711952937375	0.00429517155752889	0.12446745596425694	-0.023653600113458864	0.010456176207584114
6,9,10	0.5047132692764685	0.004296114824921334	0.0	0.48765463567303097	0.5217719028799062
6,9,11	0.005123568775205811	0.004295462862091237	0.2329575154786615	-0.011932476071763457	0.02217961362217508
6,9,12	-0.024568726669134518	0.004295439126348096	1.0716816204531104e-08	-0.041624677268309665	-0.007512776069959374
6,9,13	-0.008890968219298037	0.0042954097178494795	0.03846787600152156	-0.025946802045802252	0.008164865607206178
6,9,14	0.0056587507956047944	0.004295431841877245	0.18771325474235395	-0.011397170879036366	0.022714672470245955
6,9,15	-0.014772388767880437	0.004295429745240754	0.0005840328062527154	-0.031828302117382454	0.0022835245816215793
6,9,16	-0.03644967687180247	0.0042955956050101125	2.1954181225354793e-17	-0.0535062488026391	-0.01939310494096584
6,10,11	0.0010323852571173103	0.004295558242172548	0.8100691152915781	-0.016024038316661285	0.018088808830895906
6,10,12	-0.011841377575000075	0.004295525830477279	0.005840842108379045	-0.028897672451279513	0.005214917301279362
6,10,13	-0.011693142385974194	0.004295482318644552	0.006486722166126213	-0.028749264489308275	0.005362979717359887
6,10,14	-0.00488525586818217	0.004295513976886916	0.25542025699524223	-0.021941503677271105	0.012170991940906765
6,10,15	0.002393120915761368	0.004295507600162767	0.5774461519086534	-0.01466310157319408	0.019449343404716816
6,10,16	-0.037371068190090756	0.004295683713768291	3.4050226744237395e-18	-0.05442798997540853	-0.02031414640477298
6,11,12	0.0030921499869640268	0.004295126185025676	0.47157647271492975	-0.013962558012425942	0.020146857986353996
6,11,13	0.0031515837232459765	0.004295080529904627	0.4630940849964885	-0.013902942992818513	0.020206110439310466
6,11,14	0.004696979760673056	0.004295084615025843	0.27414728674981054	-0.012357563176230237	0.02175152269757635
6,11,15	-0.004488150744167002	0.004295088907410178	0.2960502608277442	-0.0215427107248912	0.012566409236557195
6,11,16	0.0027756608283265177	0.0042951920879167535	0.518135905744356	-0.014279308852447239	0.019830630509100274
6,12,13	0.004075854765442227	0.0042950661326543365	0.3426434746816246	-0.012978614783291407	0.02113032431417586
6,12,14	-0.004598576302123243	0.004295077065191881	0.28432539523555544	-0.021653089260812133	0.012455936656565646
6,12,15	-0.002039088185105918	0.0042950912030465084	0.6349678411801857	-0.01909365728114026	0.015015480910928424
6,12,16	0.005864045692024644	0.004295186667890723	0.1721761783293112	-0.011190902467388082	0.02291899385143737
6,13,14	0.005366112711416682	0.004295082536836762	0.21153725838005846	-0.011688421973596815	0.02242064739643018
6,13,15	5.125022369281695e-06	0.004295057668183685	0.999047938423087	-0.0170493109163913	0.017059560961129865
6,13,16	-0.003761729167727823	0.004295154203349935	0.38113784461917455	-0.02081654841980707	0.013293090084351422
6,14,15	-0.004215718637454711	0.004295090903715362	0.32633994784063025	-0.021270286544931353	0.012838849270021931
6,14,16	0.0025964181434347255	0.0042951556007450155	0.5455139278030061	-0.014458406657297581	0.019651242944167032
6,15,16	0.0003282117550010566	0.004295136737011603	0.9390893808350205	-0.01672653814328339	0.017382961653285504
7,8,9	-0.00047310702185028586	0.00429544473305253	0.912297444727082	-0.01752907988363259	0.01658286583993202
7,8,10	0.00202125049115405	0.004295503123049686	0.6379634653909507	-0.01503495422047589	0.01907745520278399
7,8,11	-0.004941941130998231	0.004295083270501878	0.24989935001188693	-0.02199647872918442	0.012112596467187958
7,8,12	-0.006046724014194954	0.00429507385728997	0.15918691878664729	-0.02310122423523004	0.011007776206840132
7,8,13	-0.005578863383979643	0.004295056258768142	0.193981717112505	-0.02263329372635737	0.011475566958398083
7,8,14	0.0006433086389512205	0.0042950799179289414	0.8809402068604061	-0.016411215647134228	0.01769783292503667
7,8,15	0.002047774600033442	0.004295103443531507	0.6335278381933245	-0.015006843099438477	0.01910239229950536
7,8,16	-0.004958579815824149	0.004295127121419642	0.24831330275700975	-0.022013291533364638	0.01209613190171634
7,9,10	-0.016351717406874244	0.004296130635177351	0.00014127739762212504	-0.033410413788281135	0.000706978974532646
7,9,11	0.008254346097755091	0.004295495438953917	0.05465693863051786	-0.008801828102545515	0.025310520298055698
7,9,12	0.01479779153365543	0.004295460252075828	0.0005714570312014271	-0.0022582429496949934	0.03185382601700586
7,9,13	0.0045885233332891295	0.004295445689068987	0.2854208444042527	-0.012467453324558952	0.02164449999113721
7,9,14	-0.007553844998935778	0.00429546942052723	0.0786568515511801	-0.024609915887563887	0.00950222588969233
7,9,15	0.0008397839153289274	0.004295473747984548	0.844998728960549	-0.01621630415638479	0.017895871987042646
7,9,16	0.011751972435682198	0.004295555182674999	0.006223739842581067	-0.005304438989713538	0.028808383861077935
7,10,11	-0.00229779927100493	0.00429558818867584	0.5927065037087333	-0.01935434175371594	0.014758743211706081
7,10,12	0.028464700504602362	0.004295539983814554	3.462716547291336e-11	0.01140834942950034	0.04552105157970439
7,10,13	0.0018738426064792632	0.0042955059983382365	0.6626689575807965	-0.015182373522092705	0.01893005873505123
7,10,14	-0.005150922796924071	0.004295539556311088	0.2304806862472903	-0.022207272174533055	0.011905426580684914
7,10,15	0.0020176239544792696	0.004295532850976973	0.6385689331555007	-0.015038698798180778	0.019073946707139317
7,10,16	0.0037584640770696245	0.004295651037324788	0.38160637620317117	-0.013298327959510074	0.020815256113649323
7,11,12	0.012534928618745868	0.004295136820005815	0.0035195404749450523	-0.004519821609084672	0.029589678846576407
7,11,13	0.007026761953761826	0.004295114126874229	0.10184665544135756	-0.010027898166184542	0.024081422073708194
7,11,14	0.0025187610015020012	0.004295098806044822	0.5575908018525896	-0.01453583828384706	0.01957336028685106
7,11,15	-0.0007533925551394816	0.004295113947766019	0.8607604830981894	-0.017808051963898775	0.016301266853619812
7,11,16	0.003542980387597927	0.0042951867488446645	0.40944717394719343	-0.013511968093259566	0.02059792886845542
7,12,13	0.0021019329962029543	0.004295087655001954	0.6245738653672364	-0.014952622011569196	0.019156488003975104
7,12,14	-0.0017138671774612063	0.004295090246154015	0.6898728829054439	-0.018768432473951283	0.01534069811902887
7,12,15	0.0004952358324303366	0.004295104373755461	0.9082057975061939	-0.016559385560692762	0.017549857225553436
7,12,16	-0.006922096699035957	0.00429516704867631	0.10705363353557544	-0.02397696695620354	0.010132773558131625
7,13,14	-0.004127544781702103	0.004295089299386808	0.33655999459919617	-0.02118210631885251	0.012927016755448304
7,13,15	-0.004317778560728902	0.004295096490831549	0.3147653762377758	-0.02137236865303342	0.012736811531575618
7,13,16	-0.000799675191793886	0.0042951450070196785	0.8523032637936263	-0.01785445792789655	0.016255107544308776
7,14,15	-0.003053504997726428	0.004295113179259415	0.47713304831559145	-0.02010816135496752	0.014001151359514664
7,14,16	-0.008360895498852453	0.004295157252294442	0.05158866051151469	-0.02541572685741147	0.008693935859706566
7,15,16	-0.004126740051663469	0.004295142557042424	0.336660200284832	-0.021181513059612668	0.01292803295628573
8,9,10	-0.02140216679006479	0.004295870473639519	6.308242657251077e-07	-0.038459830144997195	-0.004344503435132388
8,9,11	0.0008022810343345232	0.004295357965165269	0.8518347988570872	-0.01625334729717854	0.017857909365847587
8,9,12	0.0014962526743948767	0.00429533484928874	0.7275832452814948	-0.015559283870635699	0.018551789219425453
8,9,13	0.0002507465976350348	0.0042953296998345155	0.9534488617059806	-0.016804769500397162	0.01730626269566723
8,9,14	-0.005471625400111854	0.004295345809400487	0.20272124971085387	-0.022527205464586895	0.011583954664363186
8,9,15	0.0030668277404055366	0.0042953761403044174	0.47523996301575877	-0.01398887275934605	0.020122528240157124
8,9,16	0.002119631396511973	0.004295402624427333	0.6216856583302782	-0.014936174264057595	0.01917543705708154
8,10,11	0.010968809939034596	0.004295429192700605	0.010663834793879199	-0.006087101216489765	0.028024721094558957
8,10,12	0.005432952592318498	0.004295407031665499	0.20593744326254868	-0.011622870568123427	0.022488775752760422
8,10,13	-0.0003304161311033435	0.004295384641462761	0.9386846211282802	-0.01738615038650423	0.016725318124297544
8,10,14	-0.0025133879555150618	0.004295408197473463	0.5584598921460282	-0.019569215745044367	0.014542439834014244
8,10,15	-0.0020169487147430054	0.004295431323843769	0.6386733302640941	-0.01907286833242256	0.01503897090293655
8,10,16	-2.0694633967338616e-05	0.004295468349987636	0.9961559952005953	-0.017076761271791308	0.01703537200385663
8,11,12	-0.012896253753385656	0.004295067764954353	0.0026781060977529875	-0.02995072978351214	0.004158222276740828
8,11,13	-0.008992451099335302	0.004295054039313783	0.036292762581763706	-0.026046872628899532	0.008061970430228927
8,11,14	-0.007445065872457524	0.004295056362165091	0.08302875679424469	-0.02449949662539473	0.009609364880479684
8,11,15	0.003706235294716642	0.004295058191633458	0.3881918773156846	-0.013348202722512102	0.020760673311945387
8,11,16	0.008390101615589854	0.00429510127217566	0.05077514027784618	-0.008664507462053894	0.0254447106932336
8,12,13	-0.0021335216330120033	0.004295032355273512	0.6193729145763722	-0.0191878570615028	0.014920813795478792
8,12,14	0.006611420465592363	0.004295065003714607	0.12373445887030268	-0.01044304460044702	0.023665885531631747
8,12,15	0.0054714082196569425	0.004295067971194627	0.2027099646888947	-0.011583068629390219	0.022525885068704104
8,12,16	0.0052828023365621285	0.004295101237523215	0.2187166107147611	-0.01177180660348675	0.022337411276611006
8,13,14	-0.0007567046244842113	0.004295052683715869	0.8601526765166413	-0.017811120771359882	0.01629771152239146
8,13,15	0.0001676879761934036	0.004295076871456526	0.9688571010339394	-0.016886824213228235	0.017222200165615043
8,13,16	0.005089609409976298	0.00429507421904215	0.23602674864391737	-0.011964892247472419	0.022144111067425015
8,14,15	-1.1574317749979413e-05	0.004295089210303327	0.9978498881042157	-0.017066135501175562	0.017042986865675604
8,14,16	0.004394426608599233	0.0042950845293400946	0.30625058277365597	-0.012660115988070653	0.02144896920526912
8,15,16	-0.0029508225051149972	0.004295081070841133	0.49207026539352616	-0.02000535136908243	0.014103706358852434
9,10,11	-0.06061660097465149	0.004295921714878559	3.834278348893333e-45	-0.0776744677937737	-0.043558734155529286
9,10,12	-0.000433458156383848	0.004295880647038602	0.9196294552068384	-0.017491161906951498	0.016624245594183802
9,10,13	0.008386654576810072	0.0042958578207513455	0.05091103063275747	-0.008670958537150622	0.025444267690770767
9,10,14	0.01829342499950761	0.004295882892534143	2.062216590893299e-05	0.0012357123327244382	0.035351137666290784
9,10,15	-0.018753613803927677	0.004295888506531256	1.2704150765695236e-05	-0.03581134876227514	-0.0016958788455802183
9,10,16	-0.1099976563048967	0.004295975729022177	7.10953428891035e-144	-0.1270557375986135	-0.0929395750111799
9,11,12	-0.03908911620917416	0.004295385300937676	9.260588042117518e-20	-0.05614485308315984	-0.022033379335188473
9,11,13	0.010893870111716608	0.004295367176013341	0.011208912310035034	-0.006161794793419096	0.027949535016852312
9,11,14	-0.0024366249389056183	0.004295349682061571	0.5705324289859861	-0.01949222038060152	0.014618970502790284
9,11,15	-0.004780254852266366	0.004295363193813358	0.2657610189210217	-0.021835903945233815	0.012275394240701083
9,11,16	0.006402086766980862	0.004295453704922619	0.13611526906887297	-0.010653921719511402	0.023458095253473126
9,12,13	0.001716757669565555	0.004295331035377187	0.6893935912814979	-0.015338763731521612	0.018772279070652723
9,12,14	0.00551118629676034	0.00429534653975122	0.19947575823766397	-0.011544396667726938	0.022566769261247618
9,12,15	-0.0026781464317282705	0.0042953563564096945	0.5329594733729259	-0.019733768375336674	0.014377475511880133
9,12,16	-0.009510599069725623	0.004295434084107264	0.02682413362396702	-0.026566529647615862	0.007545331508164617
9,13,14	0.0031168600909088906	0.004295340876298353	0.4680637091811126	-0.01393870038563956	0.02017242056745734
9,13,15	-0.006009922432598042	0.004295348976129564	0.16176689652648446	-0.023065515071241435	0.011045670206045351
9,13,16	-0.008950024056044337	0.004295408052518892	0.03719813020817273	-0.026005851270000824	0.00810580315791215
9,14,15	-0.0020794775395442527	0.004295368265588555	0.6283017176676221	-0.01913514677106906	0.014976191691980556
9,14,16	-0.00037982103306966053	0.004295418068667642	0.9295394092841222	-0.017435688018265654	0.016676045952126333
9,15,16	0.004380442938694995	0.004295404944334727	0.30782837180227507	-0.012675371933558114	0.021436257810948104
10,11,12	-0.009269326554507074	0.00429548571448402	0.03093751973877234	-0.026325462141740818	0.007786809032726671
10,11,13	0.009280861482554727	0.00429544673648128	0.03072778071555568	-0.00777511933426565	0.026336842299375104
10,11,14	-0.0060435913977189976	0.004295440797145901	0.15943869066898764	-0.023099548631150612	0.011012365835712617
10,11,15	0.005228379247828055	0.00429545163764175	0.2235365302160176	-0.011827621030087776	0.022284379525743886
10,11,16	0.005913763799752225	0.004295552338994064	0.16860426836423098	-0.011142636334206216	0.022970163933710666
10,12,13	0.009129451251625703	0.004295403033053584	0.03355701393624483	-0.007926356031480921	0.026185258534732327
10,12,14	0.001290048768140789	0.004295421948239277	0.7639255880776761	-0.01576583362171587	0.018345931157997448
10,12,15	-0.0042996601851832406	0.004295440495297984	0.3168390955671742	-0.021355616220063788	0.012756295849697306
10,12,16	-0.0014549704429283692	0.004295525628255648	0.7348235305178592	-0.018511264516244	0.015601323630387262
10,13,14	-0.0016475881632836975	0.004295414109183802	0.701299105461662	-0.018703439426510694	0.015408263099943299
10,13,15	-0.011949303215079615	0.004295411965992241	0.005406141225741293	-0.029005145968310702	0.0051065395381514715
10,13,16	-0.00617391400221913	0.004295478033659324	0.15063607887081573	-0.023230019091112025	0.010882191086673765
10,14,15	-0.00801033645742022	0.004295444501328445	0.062207735794594515	-0.025066308399092976	0.009045635484252537
10,14,16	-0.004499706001116294	0.004295500793774941	0.2948548366605574	-0.02155590146386764	0.012556489461635054
10,15,16	-0.005469190382641466	0.00429548065459271	0.2029364466524892	-0.022525305878505347	0.011586925113222415
11,12,13	0.0034878037866355044	0.004295088823410291	0.41676902842104546	-0.013566755860549354	0.020542363433820363
11,12,14	0.00395569582640759	0.0042950745176896805	0.3570621193013652	-0.013098807016884383	0.021010198669699564
11,12,15	-0.0026642340729766123	0.004295097072558495	0.5350647338494454	-0.01971882647515115	0.014390358329197925
11,12,16	0.0015738071327156267	0.00429514664461939	0.7140564629571853	-0.015480982105823448	0.0186285963712547
11,13,14	0.0016447689269737387	0.004295059130344422	0.7017622388895288	-0.01540967281760566	0.018699210671553137
11,13,15	0.007070685080649647	0.004295069873772431	0.09972071024342337	-0.00998379932298555	0.024125169484284843
11,13,16	0.0018174951040538234	0.004295120772020656	0.6721847320397722	-0.015237191401853523	0.01887218160996117
11,14,15	-0.0052154574173745305	0.004295075766549534	0.2246423567024042	-0.022269965219528995	0.011839050384779934
11,14,16	0.00018536198040943613	0.004295109617328962	0.9655768992785605	-0.016869280233432565	0.017240004194251438
11,15,16	-0.004503729768286155	0.0042951177544133115	0.2943802035736594	-0.021558404292144572	0.012550944755572262
12,13,14	-0.0013320643006768662	0.004295059205766566	0.7564564481440699	-0.018386506344735855	0.015722377743382122
12,13,15	-0.0013070079038258187	0.004295045144543994	0.7608957761936594	-0.018361394114823158	0.01574737830717152
12,13,16	0.0018655399077560086	0.004295104518092792	0.6640423044069129	-0.015189082058489026	0.018920161874001043
12,14,15	0.004384288390441346	0.004295087691561049	0.3073681684674037	-0.012670266762496434	0.021438843543379126
12,14,16	0.002899523011355709	0.004295098642818648	0.499629165030702	-0.014155075625869266	0.019954121648580684
12,15,16	0.0002623379861316083	0.00429510786892459	0.9512970221292714	-0.01679229728530061	0.017316973257563827
13,14,15	0.00721902663961832	0.004295080722952125	0.09281318007117313	-0.00983550084298214	0.02427355412221878
13,14,16	0.006165611682070027	0.00429510352356137	0.15115015036870044	-0.01088900633517741	0.023220229699317464
13,15,16	0.0024484681151501174	0.004295075057830696	0.5686362091247195	-0.01460603687288613	0.019502973103186366
14,15,16	-0.004758878652371262	0.004295103984694094	0.2678756637267331	-0.021813498500643822	0.012295741195901298
