Params: 	14
Performance: 	0.7879895730787162
Term	Coefficient	Standard Error	p-value	95% CI lower	95% CI upper
Intercept	5.589296671894841
1	0.24615839799202108	0.006804433236966295	5.78787265159334e-266	0.2263263886190801	0.26599040736496204
2	0.5359826346594797	0.006804433236966295	0.0	0.5161506252865388	0.5558146440324206
3	0.45067109196520944	0.006804433236966295	0.0	0.43083908259226844	0.47050310133815043
5	0.6860159737657857	0.006804433236966295	0.0	0.6661839643928448	0.7058479831387267
6	0.38699278375099433	0.006804433236966295	0.0	0.36716077437805333	0.4068247931239353
7	-0.3990302290099832	0.006804433236966295	0.0	-0.4188622383829242	-0.3791982196370422
8	0.03287851084300701	0.006804433236966295	1.3768000833351899e-06	0.01304650147006604	0.05271052021594798
11	0.10512482390772313	0.006804433236966295	4.26040150752429e-53	0.08529281453478216	0.12495683328066409
12	0.12840833032296992	0.006804433236966295	8.690297008790873e-78	0.10857632095002895	0.14824033969591088
13	0.03658418340960186	0.006804433236966295	7.803434086316516e-08	0.016752174036660888	0.056416192782542826
14	0.0945252918394739	0.006804433236966295	2.206673912119255e-43	0.07469328246653294	0.11435730121241487
15	-0.04316761131020192	0.006804433236966295	2.357089828882565e-10	-0.0629996206831429	-0.02333560193726095
16	0.18969592469202315	0.006804433236966295	1.7956691266949417e-163	0.16986391531908218	0.20952793406496412
