Params: 	14
Performance: 	0.7879895730787162
Term	Coefficient	Standard Error	p-value	95% CI lower	95% CI upper
Intercept	6.814716725308885
1	0.12307919899600937	0.0034022166184831475	5.787872651653927e-266	0.11316319430953889	0.13299520368247986
2	0.26799131732973985	0.0034022166184831475	0.0	0.2580753126432694	0.2779073220162103
3	0.22533554598260386	0.0034022166184831475	0.0	0.21541954129613336	0.23525155066907436
5	0.34300798688289064	0.0034022166184831475	0.0	0.33309198219642017	0.3529239915693611
6	0.19349639187549855	0.0034022166184831475	0.0	0.18358038718902805	0.20341239656196905
7	-0.19951511450499404	0.0034022166184831475	0.0	-0.20943111919146454	-0.18959910981852354
8	0.01643925542150202	0.0034022166184831475	1.376800083338203e-06	0.006523250735031535	0.026355260107972504
11	0.05256241195386023	0.0034022166184831475	4.260401507549522e-53	0.042646407267389747	0.062478416640330714
12	0.06420416516148303	0.0034022166184831475	8.690297008880294e-78	0.054288160475012545	0.07412016984795351
13	0.018292091704800444	0.0034022166184831475	7.803434086322628e-08	0.008376087018329958	0.028208096391270927
14	0.04726264591973598	0.0034022166184831475	2.2066739121277973e-43	0.0373466412332655	0.057178650606206465
15	-0.021583805655102095	0.0034022166184831475	2.357089828877497e-10	-0.03149981034157258	-0.01166780096863161
16	0.09484796234601232	0.0034022166184831475	1.795669126684925e-163	0.08493195765954184	0.10476396703248281
