Params: 	92
Performance: 	0.9395417612121162
Term	Coefficient	Standard Error	p-value	95% CI lower	95% CI upper
Intercept	5.844544292834194
1	0.3105992315486525	0.013164180018753021	4.2867094649297204e-119	0.26505456401677807	0.3561438990805269
2	0.4029133258644723	0.013164180018753026	8.89286729828676e-195	0.3573686583325979	0.44845799339634673
3	0.11676813690846646	0.013164180018753028	8.875035474739227e-19	0.07122346937659202	0.1623128044403409
5	0.032881603265655535	0.013164180018753031	0.012516038899194866	-0.01266306426621893	0.07842627079753
6	0.43515349934096326	0.01316418001875302	6.781408300715356e-225	0.38960883180908884	0.4806981668728377
7	-0.0380925730964814	0.01316418001875302	0.0038180412391579477	-0.08363724062835581	0.007452094435393027
8	0.010998204860071803	0.013164180018753023	0.40348087836028945	-0.03454646267180263	0.05654287239194623
11	0.12784051474362917	0.013164180018753028	3.566274165216059e-22	0.08229584721175473	0.17338518227550362
12	-0.09738389399920938	0.013164180018753023	1.5249352243748966e-13	-0.1429285615310838	-0.05183922646733495
13	0.0006371007070648804	0.013164180018753023	0.9614014134447978	-0.04490756682480955	0.04618176823893931
14	0.07266767600665312	0.013164180018753021	3.4926543752329015e-08	0.0271230084747787	0.11821234353852755
15	-0.029959162155685837	0.013164180018753018	0.02288342500193709	-0.07550382968756025	0.01558550537618858
16	0.0848259590763823	0.013164180018753021	1.2326097130574283e-10	0.03928129154450787	0.1303706266082567
1,2	-0.21415515601046026	0.007302173239546541	8.94989747856015e-180	-0.23941879202740382	-0.1888915199935167
1,3	0.07684780048476626	0.007302173239546541	9.815598048992281e-26	0.0515841644678227	0.10211143650170983
1,5	0.20722274007803482	0.007302173239546542	5.648809404217113e-169	0.18195910406109125	0.23248637609497838
1,6	-0.2819509060540698	0.007302173239546541	1.5458004039776703e-299	-0.3072145420710134	-0.2566872700371262
1,7	-0.0282264400652871	0.007302173239546541	0.00011173510203119942	-0.053490076082230664	-0.0029628040483435335
1,8	0.04115394107265296	0.007302173239546542	1.8004112537901334e-08	0.015890305055709392	0.06641757708959653
1,11	-0.06585698336365374	0.007302173239546542	2.3404209434482667e-19	-0.0911206193805973	-0.040593347346710176
1,12	0.05408793038151766	0.007302173239546541	1.420747498056578e-13	0.02882429436457409	0.07935156639846122
1,13	-0.00018437781642448303	0.007302173239546541	0.9798564021947964	-0.02544801383336805	0.025079258200519084
1,14	0.004120731338532177	0.007302173239546541	0.5725548923093327	-0.02114290467841139	0.029384367355475744
1,15	-0.004426582872744389	0.00730217323954654	0.5443984441582752	-0.029690218889687953	0.020837053144199175
1,16	0.08248563571387094	0.007302173239546541	2.2747747265160842e-29	0.05722199969692737	0.1077492717308145
2,3	0.22994276397180485	0.007302173239546541	1.995258509513898e-205	0.2046791279548613	0.25520639998874844
2,5	0.15049305431235083	0.007302173239546541	5.041248571921798e-92	0.12522941829540726	0.1757566903292944
2,6	-0.08103630258483062	0.007302173239546541	2.0646139017557963e-28	-0.10629993860177418	-0.055772666567887055
2,7	-0.1111851868864967	0.007302173239546543	1.2219772793492871e-51	-0.13644882290344026	-0.08592155086955314
2,8	0.007132631784290883	0.007302173239546541	0.32870623247187947	-0.018131004232652684	0.032396267801234446
2,11	0.10442415014668063	0.007302173239546541	7.837138023820071e-46	0.07916051412973707	0.1296877861636242
2,12	0.0857885360154648	0.007302173239546541	1.298717326558311e-31	0.06052489999852123	0.11105217203240836
2,13	0.002493541002697136	0.00730217323954654	0.7327516438886041	-0.022770095014246428	0.0277571770196407
2,14	0.034335385257883086	0.007302173239546541	2.617859512428497e-06	0.009071749240939519	0.05959902127482665
2,15	-0.012320285999438824	0.00730217323954654	0.09160184358633082	-0.03758392201638239	0.01294335001750474
2,16	0.07022548658006639	0.007302173239546542	8.852416824862064e-22	0.044961850563122824	0.09548912259700995
3,5	0.10697707724188385	0.007302173239546541	5.51592857938518e-48	0.08171344122494029	0.1322407132588274
3,6	-0.02709628885652761	0.007302173239546541	0.00020805831265897679	-0.05235992487347117	-0.0018326528395840418
3,7	-0.08775699212421068	0.00730217323954654	5.452647276508017e-33	-0.11302062814115424	-0.06249335610726711
3,8	0.0018735408685659483	0.00730217323954654	0.797514896900984	-0.023390095148377615	0.027137176885509512
3,11	-0.0025498007846501552	0.007302173239546541	0.7269603852016779	-0.027813436801593722	0.022713835232293412
3,12	0.2570807497284154	0.007302173239546541	8.826638307442835e-253	0.23181711371147182	0.282344385745359
3,13	0.0053451442058026	0.007302173239546541	0.46419364112621997	-0.019918491811140967	0.030608780222746167
3,14	0.0028288785732512034	0.007302173239546541	0.6984685935966478	-0.022434757443692364	0.02809251459019477
3,15	-0.00038512972414360414	0.007302173239546541	0.9579389383504663	-0.02564876574108717	0.024878506292799963
3,16	0.10469816652853027	0.007302173239546542	4.6287032523794106e-46	0.0794345305115867	0.12996180254547385
5,6	0.6410495211676097	0.007302173239546541	0.0	0.6157858851506661	0.6663131571845533
5,7	0.1637169148718705	0.007302173239546541	4.604036003147854e-108	0.13845327885492695	0.18898055088881408
5,8	0.008203378023974986	0.007302173239546541	0.26129416539047906	-0.01706025799296858	0.03346701404091855
5,11	-0.042882853601391824	0.007302173239546541	4.45902401397401e-09	-0.06814648961833539	-0.017619217584448257
5,12	0.030898362940327856	0.007302173239546541	2.3480880184014878e-05	0.005634726923384289	0.05616199895727142
5,13	0.011937286982189321	0.007302173239546541	0.10213862219002778	-0.013326349034754246	0.037200922999132885
5,14	0.034581880437255005	0.007302173239546541	2.218646286924198e-06	0.009318244420311438	0.05984551645419857
5,15	-0.021226145112063444	0.007302173239546541	0.0036610671307304916	-0.04648978112900701	0.0040374909048801234
5,16	0.015297523658219514	0.007302173239546541	0.036208416866417494	-0.009966112358724053	0.04056115967516308
6,7	-0.45533475815698926	0.007302173239546541	0.0	-0.48059839417393285	-0.43007112214004567
6,8	0.06558083682235263	0.007302173239546541	3.29159909030293e-19	0.04031720080540907	0.0908444728392962
6,11	0.007360395920532128	0.00730217323954654	0.31349737219829743	-0.017903240096411435	0.03262403193747569
6,12	0.047853169518038634	0.007302173239546541	5.972892340689546e-11	0.022589533501095067	0.0731168055349822
6,13	0.024753072277157423	0.007302173239546542	0.0007027172926188465	-0.0005105637397861441	0.05001670829410099
6,14	0.0009193607162233941	0.007302173239546541	0.8998123530973662	-0.024344275300720173	0.02618299673316696
6,15	-0.01443583498966023	0.007302173239546542	0.0480841815685962	-0.0396994710066038	0.010827801027283337
6,16	-0.02398369695977373	0.007302173239546542	0.0010261178091392554	-0.049247332976717295	0.0012799390571698356
7,8	-0.035599056986506866	0.007302173239546541	1.1080406196684825e-06	-0.06086269300345043	-0.010335420969563299
7,11	-0.012875244672400338	0.007302173239546541	0.07790324395526757	-0.0381388806893439	0.01238839134454323
7,12	-0.04191069497583025	0.007302173239546541	9.838898487561406e-09	-0.06717433099277381	-0.01664705895888668
7,13	-0.014717596615862291	0.007302173239546541	0.043884297598055205	-0.039981232632805855	0.010546039401081276
7,14	-0.022309408546276922	0.007302173239546541	0.002256616202156192	-0.04757304456322049	0.002954227470666645
7,15	0.012466018232125176	0.007302173239546541	0.08782962014994106	-0.012797617784818392	0.03772965424906874
7,16	-0.0881428659011394	0.007302173239546541	2.9054255530477816e-33	-0.11340650191808296	-0.06287922988419584
8,11	-0.005014405992573426	0.007302173239546541	0.492291141417321	-0.030278042009516993	0.02024923002437014
8,12	0.0010659534881758137	0.007302173239546542	0.883942729611878	-0.024197682528767753	0.02632958950511938
8,13	0.0002714637873457715	0.00730217323954654	0.9703457878079627	-0.024992172229597792	0.025535099804289335
8,14	-0.010398277755469143	0.007302173239546541	0.15448566386327006	-0.03566191377241271	0.014865358261474424
8,15	-0.007336333356713888	0.007302173239546541	0.31508190004492254	-0.03259996937365746	0.01792730266022968
8,16	-0.02317305979022749	0.007302173239546541	0.0015120368626438446	-0.048436695807171054	0.0020905762267160767
11,12	-0.0027274808501167452	0.007302173239546542	0.708773978995658	-0.027991116867060312	0.022536155166826822
11,13	0.00790807372788991	0.007302173239546541	0.27885159442228474	-0.017355562289053657	0.03317170974483348
11,14	-0.00518785768954505	0.007302173239546541	0.477443143093506	-0.030451493706488617	0.020075778327398517
11,15	0.0033654900423011405	0.007302173239546541	0.6448907438495419	-0.021898145974642427	0.028629126059244708
11,16	-0.03139486455488594	0.007302173239546541	1.732782810651764e-05	-0.0566585005718295	-0.00613122853794237
12,13	0.004082636967323444	0.007302173239546541	0.5761096879392493	-0.021180999049620123	0.02934627298426701
12,14	-0.028521149721231417	0.007302173239546541	9.466024526994887e-05	-0.05378478573817498	-0.0032575137042878503
12,15	-0.0006453279876159623	0.007302173239546541	0.9295809865293793	-0.02590896400455953	0.024618308029327605
12,16	0.04453176313989021	0.007302173239546541	1.1202875481667789e-09	0.019268127122946645	0.06979539915683378
13,14	0.0124610949962633	0.007302173239546541	0.08795497864652532	-0.012802541020680267	0.037724731013206864
13,15	0.0026752746061863564	0.007302173239546541	0.7141008806858673	-0.02258836141075721	0.027938910623129923
13,16	0.01486855128450286	0.007302173239546541	0.041764581331295715	-0.010395084732440708	0.04013218730144642
14,15	-0.0037953693103712216	0.00730217323954654	0.6032458527726422	-0.029059005327314785	0.021468266706572342
14,16	0.024679963369126645	0.007302173239546541	0.0007287825584805504	-0.000583672647816922	0.04994359938607021
15,16	0.019647328163105382	0.007302173239546541	0.007146703031871263	-0.005616307853838185	0.044910964180048946
