Params: 	92
Performance: 	0.9395417612121162
Term	Coefficient	Standard Error	p-value	95% CI lower	95% CI upper
Intercept	6.814716725308885
1	0.12307919899601003	0.0018255433098866355	0.0	0.11676328999177413	0.12939510800024592
2	0.26799131732973913	0.0018255433098866355	0.0	0.26167540832550323	0.27430722633397503
3	0.22533554598260364	0.0018255433098866355	0.0	0.21901963697836774	0.23165145498683953
5	0.3430079868828904	0.0018255433098866355	0.0	0.3366920778786545	0.3493238958871263
6	0.1934963918754986	0.0018255433098866355	0.0	0.1871804828712627	0.1998123008797345
7	-0.19951511450499415	0.0018255433098866355	0.0	-0.20583102350923005	-0.19319920550075825
8	0.016439255421501917	0.0018255433098866355	2.648364937869838e-19	0.010123346417266026	0.022755164425737807
11	0.05256241195386034	0.0018255433098866355	1.1796482580679055e-173	0.04624650294962445	0.05887832095809623
12	0.06420416516148311	0.0018255433098866352	2.66429875751415e-252	0.05788825615724722	0.07052007416571901
13	0.018292091704800416	0.0018255433098866355	1.7041263112261234e-23	0.011976182700564525	0.024608000709036307
14	0.04726264591973551	0.0018255433098866355	4.641134475890212e-142	0.04094673691549962	0.0535785549239714
15	-0.021583805655102525	0.0018255433098866355	5.421233513335886e-32	-0.027899714659338416	-0.015267896650866634
16	0.0948479623460117	0.0018255433098866355	0.0	0.0885320533417758	0.1011638713502476
1,2	-0.05353878900261693	0.0018255433098866355	8.9498974783182e-180	-0.05985469800685282	-0.04722287999838104
1,3	0.01921195012119175	0.0018255433098866355	9.815598048981935e-26	0.012896041116955859	0.02552785912542764
1,5	0.051805685019508343	0.0018255433098866355	5.648809404246371e-169	0.04548977601527245	0.058121594023744234
1,6	-0.07048772651351595	0.0018255433098866355	1.5458004040193506e-299	-0.07680363551775185	-0.06417181750928005
1,7	-0.007056610016320901	0.0018255433098866355	0.00011173510203141815	-0.013372519020556792	-0.0007407010120850091
1,8	0.010288485268161235	0.0018255433098866355	1.8004112538015697e-08	0.003972576263925343	0.016604394272397127
1,11	-0.016464245840914545	0.0018255433098866355	2.340420943435391e-19	-0.022780154845150436	-0.010148336836678654
1,12	0.01352198259537872	0.0018255433098866355	1.4207474980606311e-13	0.007206073591142829	0.01983789159961461
1,13	-4.609445410478849e-05	0.0018255433098866355	0.9798564021953786	-0.00636200345834068	0.006269814550131103
1,14	0.0010301828346320659	0.0018255433098866355	0.5725548923096971	-0.005285726169603826	0.007346091838867958
1,15	-0.0011066457181850564	0.0018255433098866355	0.5443984441586538	-0.007422554722420948	0.005209263286050835
1,16	0.02062140892846835	0.0018255433098866355	2.2747747265074673e-29	0.01430549992423246	0.026937317932704243
2,3	0.05748569099295351	0.0018255433098866355	1.995258509443618e-205	0.05116978198871762	0.0638015999971894
2,5	0.037623263578087485	0.0018255433098866355	5.041248571934149e-92	0.031307354573851594	0.043939172582323376
2,6	-0.02025907564620638	0.0018255433098866355	2.0646139017716644e-28	-0.026574984650442272	-0.01394316664197049
2,7	-0.027796296721625268	0.0018255433098866355	1.2219772793383865e-51	-0.03411220572586116	-0.021480387717389377
2,8	0.0017831579460708047	0.0018255433098866355	0.3287062324723994	-0.004532751058165087	0.008099066950306696
2,11	0.02610603753666855	0.0018255433098866355	7.837138023917105e-46	0.019790128532432658	0.03242194654090444
2,12	0.021447134003866032	0.0018255433098866355	1.2987173265596866e-31	0.015131224999630141	0.027763043008101923
2,13	0.0006233852506757863	0.0018255433098866355	0.7327516438879849	-0.0056925237535601055	0.006939294254911678
2,14	0.008583846314469883	0.0018255433098866355	2.617859512434718e-06	0.0022679373102339915	0.014899755318705774
2,15	-0.0030800714998586165	0.0018255433098866355	0.09160184358644559	-0.009395980504094507	0.0032358375043772753
2,16	0.017556371645017547	0.0018255433098866355	8.852416824817884e-22	0.011240462640781657	0.02387228064925344
3,5	0.026744269310472215	0.0018255433098866355	5.515928579331078e-48	0.020428360306236324	0.03306017831470811
3,6	-0.00677407221413482	0.0018255433098866355	0.0002080583126576656	-0.013089981218370711	-0.00045816320989892825
3,7	-0.021939248031052364	0.0018255433098866355	5.452647276519095e-33	-0.028255157035288254	-0.015623339026816473
3,8	0.0004683852171415426	0.0018255433098866355	0.7975148969009604	-0.005847523787094349	0.006784294221377434
3,11	-0.0006374501961616333	0.0018255433098866355	0.7269603852020501	-0.006953359200397525	0.0056784588080742585
3,12	0.06427018743210464	0.0018255433098866355	8.826638307328343e-253	0.057954278427868745	0.07058609643634053
3,13	0.0013362860514493438	0.0018255433098866355	0.46419364112665684	-0.004979622952786548	0.007652195055685236
3,14	0.0007072196433146084	0.0018255433098866355	0.6984685935959151	-0.005608689360921283	0.0070231286475505
3,15	-9.628243103628961e-05	0.0018255433098866355	0.9579389383502968	-0.006412191435272181	0.006219626573199602
3,16	0.02617454163213146	0.0018255433098866355	4.628703252419004e-46	0.01985863262789557	0.03249045063636735
5,6	0.16026238029190254	0.0018255433098866355	0.0	0.15394647128766664	0.16657828929613844
5,7	0.040929228717966636	0.0018255433098866355	4.6040360032010905e-108	0.034613319713730745	0.047245137722202526
5,8	0.002050844505993056	0.0018255433098866352	0.26129416539063965	-0.004265064498242836	0.008366753510228947
5,11	-0.010720713400348497	0.0018255433098866355	4.459024013966033e-09	-0.017036622404584388	-0.004404804396112605
5,12	0.007724590735079688	0.0018255433098866357	2.3480880184144884e-05	0.0014086817308437954	0.01404049973931558
5,13	0.0029843217455472124	0.0018255433098866357	0.10213862219004131	-0.0033315872586886803	0.009300230749783105
5,14	0.008645470109312686	0.0018255433098866355	2.2186462869305676e-06	0.0023295611050767944	0.014961379113548577
5,15	-0.0053065362780155695	0.0018255433098866355	0.0036610671307323595	-0.01162244528225146	0.0010093727262203223
5,16	0.00382438091455492	0.0018255433098866355	0.03620841686641556	-0.0024915280896809716	0.010140289918790811
6,7	-0.11383368953924636	0.0018255433098866355	0.0	-0.12014959854348226	-0.10751778053501046
6,8	0.016395209205587763	0.0018255433098866355	3.2915990903094166e-19	0.010079300201351872	0.022711118209823654
6,11	0.0018400989801335456	0.0018255433098866355	0.3134973721981624	-0.004475810024102346	0.008156007984369436
6,12	0.011963292379509702	0.0018255433098866355	5.972892340688636e-11	0.00564738337527381	0.018279201383745593
6,13	0.006188268069287739	0.0018255433098866355	0.0007027172926211141	-0.0001276409349481528	0.01250417707352363
6,14	0.00022984017905728488	0.0018255433098866355	0.8998123530967435	-0.006086068825178607	0.006545749183293177
6,15	-0.0036089587474164107	0.0018255433098866355	0.048084181568512414	-0.009924867751652303	0.002706950256819481
6,16	-0.005995924239944564	0.0018255433098866355	0.0010261178091370028	-0.012311833244180455	0.00031998476429132786
7,8	-0.008899764246626952	0.0018255433098866355	1.1080406196677602e-06	-0.015215673250862843	-0.0025838552423910607
7,11	-0.003218811168102284	0.0018255433098866352	0.07790324395506444	-0.009534720172338175	0.0030970978361336077
7,12	-0.010477673743958707	0.0018255433098866352	9.838898487525086e-09	-0.016793582748194598	-0.004161764739722815
7,13	-0.003679399153965951	0.0018255433098866355	0.04388429759803354	-0.009995308158201842	0.002636509850269941
7,14	-0.005577352136569668	0.0018255433098866355	0.002256616202154398	-0.01189326114080556	0.000738556867666224
7,15	0.00311650455803264	0.0018255433098866355	0.08782962014980406	-0.0031994044462032517	0.009432413562268531
7,16	-0.022035716475285558	0.0018255433098866355	2.9054255530344382e-33	-0.02835162547952145	-0.015719807471049667
8,11	-0.001253601498144935	0.0018255433098866355	0.49229114141677577	-0.007569510502380827	0.005062307506090957
8,12	0.00026648837204342607	0.0018255433098866355	0.8839427296121061	-0.006049420632192466	0.006582397376279318
8,13	6.786594683736574e-05	0.0018255433098866352	0.9703457878075595	-0.006248043057398526	0.0063837749510732575
8,14	-0.0025995694388685625	0.0018255433098866355	0.15448566386306772	-0.008915478443104453	0.0037163395653673293
8,15	-0.0018340833391774277	0.0018255433098866355	0.31508190004519815	-0.00814999234341332	0.004481825665058464
8,16	-0.0057932649475551865	0.0018255433098866355	0.0015120368626486487	-0.012109173951791077	0.0005226440566807053
11,12	-0.0006818702125311188	0.0018255433098866355	0.7087739789948702	-0.006997779216767011	0.005634038791704773
11,13	0.001977018431972701	0.0018255433098866355	0.2788515944222304	-0.004338890572263191	0.008292927436208592
11,14	-0.001296964422387678	0.0018255433098866352	0.47744314309302527	-0.00761287342662357	0.005018944581848214
11,15	0.0008413725105746207	0.0018255433098866355	0.644890743849803	-0.005474536493661271	0.0071572815148105125
11,16	-0.007848716138720797	0.0018255433098866355	1.7327828106547e-05	-0.014164625142956688	-0.0015328071344849056
12,13	0.0010206592418318498	0.0018255433098866355	0.5761096879388801	-0.005295249762404042	0.007336568246067742
12,14	-0.007130287430308874	0.0018255433098866355	9.466024526973064e-05	-0.013446196434544765	-0.0008143784260729826
12,15	-0.0001613319969040218	0.0018255433098866355	0.9295809865293656	-0.006477241001139914	0.00615457700733187
12,16	0.011132940784973254	0.0018255433098866355	1.120287548164109e-09	0.004817031780737362	0.017448849789209145
13,14	0.003115273749066283	0.0018255433098866355	0.08795497864647868	-0.003200635255169609	0.009431182753302174
13,15	0.0006688186515461589	0.0018255433098866355	0.714100880686043	-0.005647090352689733	0.006984727655782051
13,16	0.0037171378211249585	0.0018255433098866355	0.04176458133133728	-0.0025987711831109333	0.01003304682536085
14,15	-0.0009488423275925764	0.0018255433098866355	0.6032458527727298	-0.007264751331828468	0.005367066676643315
14,16	0.006169990842281842	0.0018255433098866355	0.0007287825584802894	-0.0001459181619540501	0.012485899846517733
15,16	0.0049118320407759986	0.0018255433098866355	0.00714670303187534	-0.0014040769634598932	0.01122774104501189
