Params: 	378
Performance: 	0.9659113035758967
Term	Coefficient	Standard Error	p-value	95% CI lower	95% CI upper
Intercept	6.814716725308884
1	0.12307919899600911	0.0013956463942746162	0.0	0.11774211704062569	0.12841628095139254
2	0.2679913173297394	0.0013956463942746212	0.0	0.26265423537435595	0.27332839928512287
3	0.22533554598260433	0.0013956463942746212	0.0	0.2199984640272209	0.23067262793798776
5	0.3430079868828907	0.001395646394274621	0.0	0.33767090492750723	0.34834506883827415
6	0.1934963918754987	0.0013956463942746207	0.0	0.18815930992011526	0.19883347383088212
7	-0.1995151145049939	0.001395646394274621	0.0	-0.20485219646037733	-0.19417803254961047
8	0.016439255421502055	0.0013956463942746207	9.291517258847369e-32	0.011102173466118616	0.021776337376885495
11	0.05256241195386073	0.0013956463942746212	2.1553595898471436e-285	0.04722532999847729	0.05789949390924417
12	0.06420416516148293	0.001395646394274621	0.0	0.05886708320609949	0.06954124711686638
13	0.018292091704800822	0.0013956463942746261	7.743442541220883e-39	0.012955009749417361	0.023629173660184282
14	0.047262645919735995	0.0013956463942746212	1.0971496744886788e-234	0.041925563964352555	0.052599727875119434
15	-0.021583805655102064	0.0013956463942746205	3.642030984443078e-53	-0.026920887610485503	-0.016246723699718624
16	0.09484796234601173	0.0013956463942746207	0.0	0.0895108803906283	0.10018504430139516
1,2	-0.053538789002617236	0.0013956463942746203	3.80371827716132e-295	-0.058875870958000676	-0.0482017070472338
1,3	0.019211950121192114	0.0013956463942746207	1.2861538390686156e-42	0.013874868165808674	0.024549032076575553
1,5	0.051805685019508246	0.0013956463942746207	6.415056326503426e-278	0.04646860306412481	0.057142766974891686
1,6	-0.07048772651351609	0.001395646394274621	0.0	-0.07582480846889954	-0.06515064455813264
1,7	-0.007056610016321484	0.001395646394274621	4.375073348340218e-07	-0.012393691971704923	-0.0017195280609380434
1,8	0.01028848526816205	0.001395646394274621	1.855181288103705e-13	0.0049514033127786095	0.01562556722354549
1,11	-0.016464245840914705	0.001395646394274621	7.540167114199153e-32	-0.021801327796298144	-0.011127163885531265
1,12	0.013521982595377978	0.001395646394274621	4.4817972157253325e-22	0.008184900639994538	0.018859064550761417
1,13	-4.609445410439644e-05	0.0013956463942746207	0.973653648268626	-0.005383176409487836	0.005290987501279043
1,14	0.0010301828346320138	0.001395646394274621	0.4604513695568825	-0.0043068991207514265	0.006367264790015454
1,15	-0.001106645718185445	0.001395646394274621	0.4278444255246172	-0.006443727673568885	0.004230436237197995
1,16	0.02062140892846908	0.0013956463942746212	9.545935915517633e-49	0.015284326973085639	0.02595849088385252
2,3	0.05748569099295264	0.0013956463942746212	0.0	0.0521486090375692	0.06282277294833609
2,5	0.037623263578087256	0.001395646394274621	3.9725201586196335e-153	0.032286181622703816	0.042960345533470695
2,6	-0.020259075646206263	0.001395646394274621	3.930312531513154e-47	-0.025596157601589703	-0.014921993690822824
2,7	-0.0277962967216251	0.0013956463942746207	3.915469276111688e-86	-0.03313337867700854	-0.022459214766241662
2,8	0.0017831579460718472	0.001395646394274621	0.20140820785549998	-0.003553924009311593	0.007120239901455288
2,11	0.02610603753666886	0.0013956463942746194	2.0538390912956003e-76	0.020768955581285428	0.03144311949205229
2,12	0.021447134003866122	0.001395646394274621	1.5859223901890502e-52	0.016110052048482683	0.026784215959249562
2,13	0.00062338525067537	0.0013956463942746212	0.6551299275454592	-0.004713696704708071	0.005960467206058811
2,14	0.008583846314469786	0.0013956463942746198	8.106694362430527e-10	0.00324676435908635	0.013920928269853222
2,15	-0.00308007149985956	0.0013956463942746192	0.027349039345256256	-0.008417153455242993	0.0022570104555238732
2,16	0.017556371645016965	0.001395646394274621	6.104421884054915e-36	0.012219289689633525	0.022893453600400404
3,5	0.026744269310471025	0.001395646394274621	5.095753405886063e-80	0.021407187355087585	0.032081351265854464
3,6	-0.006774072214133536	0.001395646394274621	1.2351803840765767e-06	-0.012111154169516976	-0.001436990258750096
3,7	-0.021939248031052072	0.001395646394274621	7.619912898082565e-55	-0.02727632998643551	-0.016602166075668633
3,8	0.00046838521714152523	0.0013956463942746207	0.7371781363569401	-0.004868696738241914	0.005805467172524965
3,11	-0.000637450196162577	0.0013956463942746207	0.6478692610018513	-0.0059745321515460165	0.0046996317592208625
3,12	0.06427018743210415	0.0013956463942746207	0.0	0.05893310547672071	0.0696072693874876
3,13	0.0013362860514498885	0.001395646394274621	0.338360969230451	-0.004000795903933552	0.006673368006833329
3,14	0.0007072196433132623	0.001395646394274621	0.6123566924738852	-0.004629862312070178	0.006044301598696703
3,15	-9.628243103560787e-05	0.0013956463942746212	0.9450011774960028	-0.005433364386419049	0.005240799524347833
3,16	0.02617454163213198	0.0013956463942746212	8.49912262175009e-77	0.020837459676748542	0.03151162358751542
5,6	0.16026238029190243	0.0013956463942746214	0.0	0.154925298336519	0.16559946224728586
5,7	0.040929228717966934	0.001395646394274621	1.9188884249057926e-179	0.035592146762583494	0.04626631067335037
5,8	0.0020508445059935036	0.001395646394274621	0.14174871899626204	-0.0032862374493899367	0.007387926461376944
5,11	-0.01072071340034867	0.0013956463942746212	1.7626859081549345e-14	-0.01605779535573211	-0.005383631444965229
5,12	0.00772459073508102	0.001395646394274621	3.2171924849742084e-08	0.00238750877969758	0.01306167269046446
5,13	0.0029843217455474275	0.001395646394274621	0.032522683240049914	-0.002352760209836013	0.008321403700930867
5,14	0.008645470109313214	0.0013956463942746212	6.139138480661035e-10	0.0033083881539297724	0.013982552064696655
5,15	-0.0053065362780153474	0.0013956463942746207	0.00014450445046009067	-0.010643618233398787	3.054567736809205e-05
5,16	0.0038243809145547328	0.001395646394274621	0.006153713756498093	-0.0015127010408287076	0.009161462869938172
6,7	-0.11383368953924695	0.001395646394274621	0.0	-0.1191707714946304	-0.10849660758386351
6,8	0.016395209205587805	0.001395646394274621	1.3416476512800038e-31	0.011058127250204365	0.021732291160971244
6,11	0.0018400989801336982	0.0013956463942746207	0.18738953992295415	-0.0034969829752497412	0.007177180935517138
6,12	0.011963292379509393	0.0013956463942746212	1.2145410694597456e-17	0.006626210424125952	0.017300374334892836
6,13	0.0061882680692884814	0.001395646394274621	9.377404943521735e-06	0.0008511861139050411	0.011525350024671921
6,14	0.00022984017905645568	0.001395646394274621	0.8691972256833419	-0.005107241776326985	0.005566922134439896
6,15	-0.0036089587474155607	0.001395646394274621	0.009731311319839118	-0.008946040702799002	0.0017281232079678797
6,16	-0.005995924239943808	0.001395646394274621	1.758847711831197e-05	-0.011333006195327247	-0.0006588422845603672
7,8	-0.008899764246626855	0.001395646394274621	1.910998706444727e-10	-0.014236846202010295	-0.003562682291243415
7,11	-0.0032188111681014306	0.0013956463942746212	0.021118638830413823	-0.008555893123484872	0.0021182707872820106
7,12	-0.010477673743958374	0.001395646394274621	6.697184485114378e-14	-0.015814755699341813	-0.0051405917885749336
7,13	-0.0036793991539651114	0.0013956463942746212	0.008397128781353638	-0.009016481109348553	0.0016576828014183299
7,14	-0.0055773521365694075	0.0013956463942746212	6.494516551977705e-05	-0.010914434091952849	-0.0002402701811859663
7,15	0.003116504558032168	0.0013956463942746207	0.025575914986958062	-0.0022205773973512713	0.008453586513415608
7,16	-0.02203571647528546	0.0013956463942746207	2.6408909076745255e-55	-0.0273727984306689	-0.01669863451990202
8,11	-0.0012536014981437658	0.001395646394274621	0.3690944229005413	-0.006590683453527206	0.0040834804572396745
8,12	0.000266488372043891	0.001395646394274621	0.8485755131005002	-0.005070593583339549	0.005603570327427331
8,13	6.786594683674818e-05	0.0013956463942746207	0.9612178811564027	-0.005269216008546691	0.005404947902220188
8,14	-0.0025995694388671955	0.0013956463942746207	0.0625521833730851	-0.007936651394250635	0.002737512516516244
8,15	-0.0018340833391782925	0.0013956463942746207	0.18883560058698154	-0.007171165294561732	0.003502998616205147
8,16	-0.005793264947556102	0.0013956463942746212	3.346076094244799e-05	-0.011130346902939544	-0.00045618299217266116
11,12	-0.0006818702125300224	0.0013956463942746212	0.62516024577453	-0.006018952167913464	0.004655211742853419
11,13	0.0019770184319726353	0.001395646394274621	0.15665114332903612	-0.003360063523410805	0.007314100387356076
11,14	-0.001296964422387005	0.001395646394274621	0.35276596861190224	-0.006634046377770445	0.004040117532996435
11,15	0.0008413725105747196	0.0013956463942746207	0.5466226004444166	-0.00449570944480872	0.006178454465958159
11,16	-0.007848716138721203	0.001395646394274621	1.9334104691750433e-08	-0.013185798094104643	-0.002511634183337763
12,13	0.001020659241831194	0.0013956463942746207	0.46460778127274005	-0.004316422713552245	0.006357741197214634
12,14	-0.007130287430308368	0.0013956463942746207	3.316213881685449e-07	-0.012467369385691807	-0.0017932054749249283
12,15	-0.00016133199690424038	0.001395646394274621	0.9079752172552745	-0.005498413952287681	0.0051757499584792
12,16	0.011132940784971977	0.0013956463942746212	1.7136787771213088e-15	0.005795858829588536	0.016470022740355417
13,14	0.0031152737490660817	0.0013956463942746203	0.025634151929993996	-0.002221808206317356	0.00845235570444952
13,15	0.0006688186515463011	0.0013956463942746207	0.6317970739821654	-0.004668263303837138	0.006005900606929741
13,16	0.003717137821125392	0.0013956463942746207	0.007751845571716658	-0.0016199441342580473	0.009054219776508832
14,15	-0.0009488423275924446	0.001395646394274621	0.4966140813584452	-0.006285924282975885	0.004388239627790996
14,16	0.006169990842281148	0.0013956463942746207	9.962667773917604e-06	0.0008329088868977083	0.011507072797664587
15,16	0.0049118320407757765	0.001395646394274621	0.00043499300091647225	-0.00042524991460766385	0.010248913996159216
1,2,3	-0.024792749459466933	0.001395646394274621	3.030804514695466e-69	-0.030129831414850372	-0.019455667504083493
1,2,5	-0.023518908557988695	0.001395646394274621	1.290426835606972e-62	-0.028855990513372134	-0.018181826602605256
1,2,6	-0.004434342365987946	0.001395646394274621	0.0014924852843077947	-0.009771424321371385	0.0009027395893954947
1,2,7	0.009187653592285988	0.0013956463942746212	4.905673472691463e-11	0.003850571636902547	0.01452473554766943
1,2,8	-0.0012261935507760502	0.001395646394274621	0.3796535162101409	-0.0065632755061594905	0.00411088840460739
1,2,11	-0.01566062146348958	0.0013956463942746207	5.351564190820752e-29	-0.02099770341887302	-0.01032353950810614
1,2,12	0.0018580191452711933	0.0013956463942746212	0.18313031064352142	-0.003479062810112248	0.0071951011006546346
1,2,13	-0.0009399740200204884	0.001395646394274621	0.5006463553709504	-0.006277055975403929	0.004397107935362952
1,2,14	-0.006299882674808618	0.001395646394274621	6.456211839356298e-06	-0.011636964630192058	-0.000962800719425178
1,2,15	0.0012527445554010724	0.001395646394274621	0.3694217738543508	-0.004084337399982368	0.006589826510784513
1,2,16	-0.011754562030871114	0.0013956463942746212	4.3515110655923226e-17	-0.017091643986254554	-0.006417480075487673
1,3,5	-0.013397616921061721	0.001395646394274621	1.0572365750964967e-21	-0.01873469887644516	-0.008060534965678282
1,3,6	-0.0223120577266805	0.001395646394274621	1.2390340427045824e-56	-0.02764913968206394	-0.01697497577129706
1,3,7	-0.002013483286427413	0.001395646394274621	0.14914826490486685	-0.007350565241810853	0.0033235986689560274
1,3,8	-0.0021115693867517406	0.0013956463942746207	0.13032803785813507	-0.00744865134213518	0.003225512568631699
1,3,11	0.002087025067846991	0.0013956463942746212	0.13485505190811964	-0.00325005688753645	0.0074241070232304324
1,3,12	0.04815460290830994	0.001395646394274621	6.019970690811102e-243	0.0428175209529265	0.05349168486369338
1,3,13	-0.0019359416152486542	0.0013956463942746207	0.1654419872003395	-0.007273023570632094	0.0034011403401347853
1,3,14	-0.0028928686870457535	0.0013956463942746207	0.03822541397407395	-0.008229950642429193	0.002444213268337686
1,3,15	0.0007188371370403113	0.001395646394274621	0.6065279128364185	-0.004618244818343129	0.006055919092423752
1,3,16	0.008845641971762075	0.0013956463942746207	2.456388827276482e-10	0.0035085600163786354	0.014182723927145514
1,5,6	-0.005706268296438825	0.001395646394274621	4.382966632196241e-05	-0.011043350251822265	-0.00036918634105538497
1,5,7	0.028230198584168226	0.0013956463942746212	1.0213775410564452e-88	0.022893116628784786	0.033567280539551665
1,5,8	0.004156836066942518	0.001395646394274621	0.002906185277246973	-0.0011802458884409223	0.009493918022325958
1,5,11	-0.009199208339841766	0.0013956463942746212	4.641136778767706e-11	-0.014536290295225207	-0.003862126384458325
1,5,12	-0.004189169153173439	0.0013956463942746212	0.0026941540837741363	-0.00952625110855688	0.0011479128022100025
1,5,13	-0.000944741815497252	0.001395646394274621	0.4984763616917586	-0.006281823770880692	0.004392340139886188
1,5,14	-0.00019856528756924396	0.0013956463942746212	0.8868666323659689	-0.005535647242952685	0.005138516667814197
1,5,15	0.0005830965258793036	0.001395646394274621	0.6761072079926118	-0.004753985429504137	0.005920178481262744
1,5,16	-0.006731823657111006	0.0013956463942746212	1.4376973529571199e-06	-0.012068905612494447	-0.0013947417017275646
1,6,7	0.032169995178893816	0.001395646394274621	8.562087228378525e-114	0.026832913223510377	0.037507077134277256
1,6,8	0.0028278474423398745	0.001395646394274621	0.04277902667555123	-0.002509234513043566	0.008164929397723314
1,6,11	-0.0026025278060265306	0.0013956463942746207	0.06225429749021854	-0.00793960976140997	0.002734554149356909
1,6,12	-0.0031135865786444256	0.001395646394274621	0.02571416847036669	-0.008450668534027865	0.002223495376739015
1,6,13	-0.0008287373759980204	0.001395646394274621	0.5526618569344891	-0.006165819331381461	0.00450834457938542
1,6,14	-0.008821472234589067	0.001395646394274621	2.7465483206635604e-10	-0.014158554189972507	-0.003484390279205627
1,6,15	0.0011767088311740413	0.0013956463942746207	0.399182556409195	-0.004160373124209398	0.006513790786557481
1,6,16	0.011396537465425467	0.0013956463942746207	3.6945353135529797e-16	0.006059455510042028	0.016733619420808907
1,7,8	-0.002565703966300358	0.0013956463942746212	0.06604694263592797	-0.0079027859216838	0.002771377989083083
1,7,11	0.0020444150644938312	0.001395646394274621	0.14300160045556906	-0.003292666890889609	0.007381497019877272
1,7,12	0.0048390914972083685	0.0013956463942746207	0.000528591893984437	-0.000497990458175071	0.010176173452591808
1,7,13	-0.00044368098559176977	0.001395646394274621	0.7505665716428164	-0.00578076294097521	0.004893400969791671
1,7,14	0.0010546856900099464	0.0013956463942746212	0.44985370642019673	-0.004282396265373495	0.006391767645393388
1,7,15	0.00016026841475418746	0.001395646394274621	0.9085792199592947	-0.005176813540629253	0.005497350370137628
1,7,16	-0.0029831981360158508	0.001395646394274621	0.03258806064278882	-0.00832028009139929	0.0023538838193675896
1,8,11	-0.0007684165005580751	0.001395646394274621	0.5819366201590781	-0.0061054984559415154	0.004568665454825365
1,8,12	-0.0019442982790106866	0.001395646394274621	0.16362413681644267	-0.007281380234394127	0.0033927836763727537
1,8,13	0.0008302729221343411	0.001395646394274621	0.5519261626888045	-0.004506809033249099	0.006167354877517781
1,8,14	0.00040645794414772424	0.001395646394274621	0.7708810430181584	-0.004930624011235716	0.005743539899531165
1,8,15	-0.0013019382086016003	0.0013956463942746207	0.3509227401716418	-0.00663902016398504	0.004035143746781839
1,8,16	-0.0024431799225720433	0.0013956463942746207	0.08005885126578118	-0.007780261877955483	0.0028939020328113962
1,11,12	0.0005546324191436289	0.001395646394274621	0.6910820272256217	-0.0047824495362398115	0.005891714374527069
1,11,13	0.0020423682041920133	0.001395646394274621	0.14340224309154334	-0.003294713751191427	0.007379450159575454
1,11,14	0.0008508261650800632	0.001395646394274621	0.5421254887930078	-0.004486255790303377	0.0061879081204635035
1,11,15	0.0006677097000598944	0.0013956463942746212	0.6323623655530066	-0.004669372255323547	0.006004791655443336
1,11,16	0.001383576655213898	0.001395646394274621	0.32154449227460075	-0.003953505300169542	0.006720658610597338
1,12,13	2.3862397628110488e-05	0.001395646394274621	0.9863590792739747	-0.00531321955775533	0.005360944353011551
1,12,14	-0.000889626406195769	0.001395646394274621	0.523863689908191	-0.006226708361579209	0.004447455549187671
1,12,15	0.0024344210983997163	0.001395646394274621	0.08114672318769714	-0.002902660856983724	0.007771503053783157
1,12,16	0.005308700503667434	0.001395646394274621	0.00014360407125377033	-2.838145171600668e-05	0.010645782459050873
1,13,14	0.0015706650399149574	0.001395646394274621	0.2604527438645453	-0.003766416915468483	0.006907746995298398
1,13,15	-0.0006391569453441798	0.0013956463942746207	0.6469904527990142	-0.005976238900727619	0.00469792501003926
1,13,16	-0.0013225954746415372	0.0013956463942746207	0.3433328926470347	-0.006659677430024977	0.004014486480741902
1,14,15	0.0012654254593039956	0.001395646394274621	0.36459612265758645	-0.004071656496079445	0.006602507414687436
1,14,16	0.0010356548433749953	0.001395646394274621	0.4580726448306027	-0.004301427112008445	0.006372736798758436
1,15,16	0.0010828639316574629	0.001395646394274621	0.43783917499247527	-0.0042542180237259775	0.006419945887040903
2,3,5	-0.0124039629386812	0.001395646394274621	7.651118836574833e-19	-0.01774104489406464	-0.007066880983297759
2,3,6	-0.0014672467980199472	0.0013956463942746207	0.2931521058670442	-0.006804328753403387	0.0038698351573634923
2,3,7	0.01955960015283658	0.001395646394274621	4.318450382752331e-44	0.01422251819745314	0.02489668210822002
2,3,8	0.0004607017955997571	0.001395646394274621	0.7413338365816498	-0.004876380159783683	0.005797783750983197
2,3,11	-0.002372819953121101	0.001395646394274621	0.08914092834929319	-0.0077099019085045415	0.0029642620022623392
2,3,12	0.0011565688635724117	0.001395646394274621	0.4073008367893438	-0.004180513091811029	0.006493650818955852
2,3,13	-0.0013366589121290781	0.0013956463942746207	0.3382262096725047	-0.006673740867512518	0.004000423043254361
2,3,14	0.0007155566128221463	0.001395646394274621	0.6081713177798314	-0.004621525342561294	0.006052638568205587
2,3,15	-0.0008963618145315863	0.0013956463942746212	0.5207260318136929	-0.0062334437699150275	0.004440720140851855
2,3,16	-0.00422147897834927	0.001395646394274621	0.002496488918863105	-0.00955856093373271	0.00111560297703417
2,5,6	0.006482035919981047	0.0013956463942746207	3.4652642263816228e-06	0.0011449539645976073	0.011819117875364486
2,5,7	0.025471440825349453	0.001395646394274621	6.589531294742048e-73	0.020134358869966014	0.030808522780732893
2,5,8	-0.0021303844497099905	0.001395646394274621	0.1269383046324538	-0.007467466405093431	0.00320669750567345
2,5,11	-0.0035198441690705295	0.001395646394274621	0.011688108643961083	-0.008856926124453969	0.0018172377863129108
2,5,12	-0.0027472990299363866	0.001395646394274621	0.04904837487648517	-0.008084380985319828	0.0025897829254470537
2,5,13	-0.0005836448623053568	0.0013956463942746207	0.675819962095953	-0.005920726817688796	0.004753437093078083
2,5,14	-0.0038627512145784047	0.001395646394274621	0.005658371896919803	-0.009199833169961844	0.0014743307408050356
2,5,15	0.0018023988157967463	0.001395646394274621	0.1965880474263877	-0.003534683139586694	0.007139480771180187
2,5,16	-0.010476348838553376	0.001395646394274621	6.745556724348954e-14	-0.015813430793936815	-0.005139266883169936
2,6,7	-0.021553872809268397	0.001395646394274621	5.030406147015815e-53	-0.026890954764651837	-0.016216790853884958
2,6,8	0.005747214581739015	0.001395646394274621	3.861805802340985e-05	0.00041013262635557473	0.011084296537122455
2,6,11	0.0034065185679145182	0.0013956463942746212	0.01467609761585037	-0.001930563387468923	0.00874360052329796
2,6,12	0.011259236313280921	0.001395646394274621	8.251134242211246e-16	0.0059221543578974805	0.01659631826866436
2,6,13	-0.0009424967425526627	0.0013956463942746207	0.49949755080255	-0.006279578697936102	0.004394585212830777
2,6,14	-0.00457217916882704	0.0013956463942746212	0.0010573643768698262	-0.009909261124210481	0.0007649027865564012
2,6,15	0.0006997888459741274	0.001395646394274621	0.6160978442062299	-0.004637293109409313	0.006036870801357568
2,6,16	-0.007132358338422559	0.001395646394274621	3.2903584077164636e-07	-0.012469440293805999	-0.0017952763830391188
2,7,8	-0.0015787128569988707	0.001395646394274621	0.258018404398855	-0.006915794812382311	0.0037583690983845697
2,7,11	0.0043482133357411815	0.001395646394274621	0.0018426405621950045	-0.000988868619642259	0.009685295291124621
2,7,12	-0.004802824509227227	0.0013956463942746207	0.0005819774365271483	-0.010139906464610667	0.0005342574461562125
2,7,13	-3.6588365517752075e-05	0.001395646394274621	0.9790856666142156	-0.005373670320901192	0.005300493589865688
2,7,14	0.004687669962010012	0.001395646394274621	0.0007866161630704953	-0.0006494119933734286	0.010024751917393451
2,7,15	-0.000872129101381458	0.001395646394274621	0.5320597970381593	-0.006209211056764898	0.004464952854001982
2,7,16	0.005546581124622266	0.0013956463942746207	7.125101379699183e-05	0.00020949916923882622	0.010883663080005705
2,8,11	0.0011360488057986923	0.001395646394274621	0.4156727757017742	-0.004201033149584748	0.006473130761182133
2,8,12	0.0014380997795880156	0.001395646394274621	0.3028455132262745	-0.0038989821757954247	0.006775181734971456
2,8,13	-0.002268505449288768	0.001395646394274621	0.10411435762329196	-0.0076055874046722085	0.003068576506094672
2,8,14	-0.0016528264588231284	0.001395646394274621	0.2363410013025111	-0.006989908414206569	0.003684255496560312
2,8,15	-0.0011999505656665257	0.001395646394274621	0.3899360274630146	-0.006537032521049966	0.004137131389716915
2,8,16	-0.0016233480790315558	0.0013956463942746207	0.24480359285308656	-0.006960430034414995	0.0037137338763518837
2,11,12	-0.0026832292790748002	0.001395646394274621	0.05457025911291251	-0.00802031123445824	0.00265385267630864
2,11,13	0.0006926733722131123	0.001395646394274621	0.6196896165368109	-0.004644408583170328	0.006029755327596553
2,11,14	-0.00024659383573755016	0.001395646394274621	0.8597581218966794	-0.0055836757911209905	0.00509048811964589
2,11,15	-0.0022797119657969045	0.001395646394274621	0.1024156755151937	-0.007616793921180345	0.003057369989586536
2,11,16	0.0021583934068961086	0.001395646394274621	0.12201981627992886	-0.0031786885484873318	0.007495475362279549
2,12,13	-0.0006204972353160108	0.001395646394274621	0.656624864587849	-0.005957579190699451	0.0047165847200674295
2,12,14	-0.0034694411427787716	0.0013956463942746207	0.012943069678612463	-0.008806523098162211	0.0018676408126046679
2,12,15	-0.00022931421691715914	0.001395646394274621	0.8694938650523496	-0.0055663961723005995	0.005107767738466281
2,12,16	0.0007690144762769816	0.001395646394274621	0.5816428890011228	-0.004568067479106459	0.006106096431660422
2,13,14	0.00240712072176821	0.001395646394274621	0.08461471524405625	-0.0029299612336152305	0.00774420267715165
2,13,15	-0.0010447671455487972	0.0013956463942746207	0.45412680120753035	-0.006381849100932237	0.004292314809834642
2,13,16	0.00046498534928884894	0.001395646394274621	0.7390160690647121	-0.004872096606094591	0.005802067304672289
2,14,15	-0.0002269117977209134	0.0013956463942746207	0.8708490474857892	-0.005563993753104353	0.005110170157662526
2,14,16	-0.00042548937519763796	0.0013956463942746207	0.7604740165690033	-0.0057625713305810775	0.0049115925801858015
2,15,16	0.0028994230993472474	0.001395646394274621	0.03779014953046388	-0.002437658856036193	0.008236505054730687
3,5,6	0.015656524087130398	0.001395646394274621	5.529287466028014e-29	0.010319442131746959	0.020993606042513838
3,5,7	0.01667808892743542	0.001395646394274621	1.246969692935978e-32	0.011341006972051981	0.02201517088281886
3,5,8	-0.0003838116579583965	0.001395646394274621	0.7833186100755176	-0.005720893613341837	0.004953270297425044
3,5,11	-0.0039725385652361195	0.0013956463942746207	0.00443347214753201	-0.009309620520619559	0.00136454339014732
3,5,12	0.00597688295351638	0.001395646394274621	1.8700000334278717e-05	0.0006398009981329394	0.01131396490889982
3,5,13	-1.890356161909912e-05	0.001395646394274621	0.9891935978476671	-0.0053559855170025395	0.005318178393764341
3,5,14	-0.003473238523326032	0.001395646394274621	0.012844528301698077	-0.008810320478709471	0.0018638434320574085
3,5,15	0.0016681030686361183	0.001395646394274621	0.23203775513584712	-0.003668978886747322	0.007005185024019559
3,5,16	0.0015327400709967721	0.001395646394274621	0.27213811690178347	-0.003804341884386668	0.0068698220263802125
3,6,7	-0.015959880219809472	0.001395646394274621	4.815526162858552e-30	-0.02129696217519291	-0.010622798264426032
3,6,8	0.0031170654336642274	0.0013956463942746207	0.025549414594458895	-0.002220016521719212	0.008454147389047668
3,6,11	0.004161365656512352	0.001395646394274621	0.002875591300165958	-0.0011757162988710887	0.009498447611895791
3,6,12	0.006953656264856115	0.001395646394274621	6.415127685085936e-07	0.0016165743094726749	0.012290738220239555
3,6,13	0.00122872910758208	0.001395646394274621	0.37866894806980167	-0.00410835284780136	0.00656581106296552
3,6,14	0.0007571310940350344	0.001395646394274621	0.587493069788708	-0.004579950861348406	0.006094213049418475
3,6,15	2.593321977990143e-05	0.001395646394274621	0.9851754262428418	-0.005311148735603539	0.005363015175163342
3,6,16	0.0010403488475224446	0.001395646394274621	0.456037631174775	-0.004296733107860996	0.006377430802905885
3,7,8	0.0023340739744293765	0.001395646394274621	0.09448622011482678	-0.003003007980954064	0.007671155929812817
3,7,11	0.0036505524570399003	0.001395646394274621	0.008922339878029243	-0.00168652949834354	0.00898763441242334
3,7,12	-0.0068663236734584805	0.001395646394274621	8.839563007334129e-07	-0.01220340562884192	-0.0015292417180750402
3,7,13	0.0006738312851447426	0.001395646394274621	0.6292445571790236	-0.004663250670238698	0.006010913240528183
3,7,14	0.0007818449143109987	0.001395646394274621	0.5753572275785837	-0.004555237041072442	0.006118926869694439
3,7,15	-0.00030005093413761064	0.001395646394274621	0.8297802140552372	-0.005637132889521051	0.00503703102124583
3,7,16	0.00013058999017117462	0.001395646394274621	0.9254535064592184	-0.005206491965212266	0.005467671945554615
3,8,11	-0.0021800977632108268	0.001395646394274621	0.11831192773251449	-0.007517179718594267	0.0031569841921726136
3,8,12	0.0009255167819507693	0.0013956463942746207	0.5072568622779771	-0.00441156517343267	0.006262598737334209
3,8,13	0.0012539463627476294	0.0013956463942746207	0.3689627360277884	-0.00408313559263581	0.006591028318131069
3,8,14	-0.0017717412016009602	0.001395646394274621	0.2043087433920042	-0.0071088231569844005	0.00356534075378248
3,8,15	0.00133091085805879	0.001395646394274621	0.3403075057945434	-0.00400617109732465	0.00666799281344223
3,8,16	-0.001999589835979129	0.001395646394274621	0.1519739150857227	-0.0073366717913625696	0.003337492119404311
3,11,12	7.36607475735028e-05	0.001395646394274621	0.9579093848521761	-0.0052634212078099376	0.005410742702956943
3,11,13	0.0004993610293706069	0.001395646394274621	0.7205033251280426	-0.0048377209260128335	0.005836442984754047
3,11,14	-0.0003485466912369478	0.001395646394274621	0.8027961173668976	-0.005685628646620388	0.0049885352641464925
3,11,15	-0.001617972957580073	0.0013956463942746207	0.2463693189029636	-0.0069550549129635125	0.0037191089978033665
3,11,16	-0.0019094633658548986	0.001395646394274621	0.17130228101233447	-0.007246545321238339	0.0034276185895285418
3,12,13	-6.27539550686132e-05	0.001395646394274621	0.9641370895477706	-0.0053998359104520536	0.005274328000314827
3,12,14	-0.000716500084395142	0.0013956463942746212	0.6076984747947698	-0.006053582039778583	0.004620581870988299
3,12,15	-0.0005264796329878443	0.001395646394274621	0.7060129619319213	-0.005863561588371285	0.004810602322395596
3,12,16	0.007410247709673343	0.001395646394274621	1.1292279974906713e-07	0.0020731657542899023	0.012747329665056782
3,13,14	-0.0007048808005793855	0.001395646394274621	0.6135331362028404	-0.006041962755962826	0.004632201154804055
3,13,15	0.00022869591789376892	0.001395646394274621	0.8698426053372863	-0.0051083860374896714	0.005565777873277209
3,13,16	0.000587125708437726	0.001395646394274621	0.6739976240032988	-0.004749956246945714	0.005924207663821166
3,14,15	-0.000900222850721482	0.0013956463942746212	0.5189317625565467	-0.006237304806104923	0.004436859104661959
3,14,16	0.001529049511101917	0.001395646394274621	0.27329411448316215	-0.0038080324442815233	0.006866131466485357
3,15,16	-0.0007330000734929731	0.001395646394274621	0.5994557855313111	-0.0060700820288764135	0.004604081881890467
5,6,7	0.021285729704895236	0.001395646394274621	8.911828608349576e-52	0.015948647749511796	0.026622811660278675
5,6,8	0.004131640166932283	0.001395646394274621	0.0030818544984028006	-0.0012054417884511575	0.009468722122315722
5,6,11	-0.003942693655823292	0.001395646394274621	0.00474012476917341	-0.009279775611206732	0.0013943882995601483
5,6,12	0.003019458710081996	0.001395646394274621	0.030534184089008393	-0.0023176232453014445	0.008356540665465435
5,6,13	0.0037677019936953327	0.001395646394274621	0.0069570070057343725	-0.0015693799616881077	0.009104783949078772
5,6,14	0.004197177077201289	0.001395646394274621	0.0026438727241538218	-0.0011399048781821517	0.00953425903258473
5,6,15	-0.004182692473835271	0.001395646394274621	0.0027354584561504933	-0.00951977442921871	0.001154389481548169
5,6,16	0.009680785345417456	0.001395646394274621	4.342744315338825e-12	0.0043437033900340155	0.015017867300800895
5,7,8	0.0033314347473275274	0.0013956463942746207	0.01700924276028732	-0.002005647208055912	0.008668516702710967
5,7,11	0.004424081191331926	0.0013956463942746207	0.0015307190289257132	-0.0009130007640515136	0.009761163146715365
5,7,12	0.002165880512759906	0.001395646394274621	0.1207306165956639	-0.0031712014426235344	0.007502962468143346
5,7,13	0.0012636515497594404	0.001395646394274621	0.365268794344205	-0.004073430405624	0.006600733505142881
5,7,14	0.003477504004644404	0.001395646394274621	0.012734632085024991	-0.0018595779507390364	0.008814585960027845
5,7,15	-0.002157896175395871	0.001395646394274621	0.12210581392101179	-0.007494978130779311	0.0031791857799875695
5,7,16	0.00662615397148501	0.0013956463942746207	2.093723976493664e-06	0.0012890720161015702	0.01196323592686845
5,8,11	0.00041461462549237035	0.001395646394274621	0.7664155206179564	-0.00492246732989107	0.005751696580875811
5,8,12	-0.0016523532358783573	0.001395646394274621	0.23647519820931945	-0.006989435191261798	0.003684728719505083
5,8,13	-0.0005136751372001314	0.001395646394274621	0.7128419244286255	-0.005850757092583572	0.004823406818183309
5,8,14	0.0004945174157558012	0.001395646394274621	0.723102206912738	-0.004842564539627639	0.0058315993711392415
5,8,15	0.0022268100072827257	0.001395646394274621	0.11063191518322094	-0.0031102719481007146	0.007563891962666166
5,8,16	-0.0009407652162743245	0.001395646394274621	0.5002859074389971	-0.006277847171657765	0.004396316739109116
5,11,12	0.0006608136195555003	0.0013956463942746207	0.6358824784595218	-0.004676268335827939	0.00599789557493894
5,11,13	0.0004477357086351552	0.001395646394274621	0.7483638346797202	-0.004889346246748285	0.005784817664018596
5,11,14	-0.0010641773337020316	0.0013956463942746207	0.44578595932987997	-0.006401259289085471	0.004272904621681408
5,11,15	0.0026209254012923427	0.001395646394274621	0.06042803473186548	-0.0027161565540910976	0.007958007356675782
5,11,16	-0.008008258263611245	0.001395646394274621	9.936211647052644e-09	-0.013345340218994684	-0.0026711763082278043
5,12,13	-0.00118513184510214	0.0013956463942746207	0.3958163867726282	-0.0065222138004855795	0.0041519501102812995
5,12,14	0.002044932608660864	0.001395646394274621	0.14290043504062855	-0.0032921493467225763	0.007382014564044304
5,12,15	-0.0003172179765865944	0.0013956463942746207	0.820203354759915	-0.005654299931970034	0.005019863978796845
5,12,16	0.0017215767583046993	0.001395646394274621	0.21741384179843684	-0.003615505197078741	0.00705865871368814
5,13,14	0.0005348305334783067	0.001395646394274621	0.7015718969096407	-0.004802251421905134	0.005871912488861747
5,13,15	0.00216908250955734	0.0013956463942746207	0.1201825323638166	-0.0031679994458260995	0.0075061644649407795
5,13,16	-0.000593849660845365	0.001395646394274621	0.6704828324763413	-0.005930931616228805	0.004743232294538075
5,14,15	0.00263402663666356	0.001395646394274621	0.059154781549918684	-0.0027030553187198806	0.007971108592047
5,14,16	0.0010304852811438697	0.0013956463942746212	0.4603197135488706	-0.0043065966742395715	0.006367567236527311
5,15,16	0.0016483154389901056	0.001395646394274621	0.23762243142270112	-0.003688766516393335	0.006985397394373546
6,7,8	-0.004541710276637238	0.0013956463942746207	0.001141964704344104	-0.009878792232020678	0.0007953716787462012
6,7,11	-0.0070715475418006365	0.001395646394274621	4.1369520764584095e-07	-0.012408629497184076	-0.0017344655864171962
6,7,12	-0.003497970401913242	0.001395646394274621	0.01221883029592149	-0.008835052357296681	0.0018391115534701985
6,7,13	-0.003083389273221507	0.001395646394274621	0.02718329293793235	-0.008420471228604946	0.0022536926821619336
6,7,14	-0.004952154217293996	0.001395646394274621	0.0003900209076593385	-0.010289236172677435	0.0003849277380894448
6,7,15	-0.0008963686010735605	0.0013956463942746207	0.5207228752252951	-0.006233450556457	0.004440713354309879
6,7,16	-0.005541713051663726	0.001395646394274621	7.230020037809789e-05	-0.010878795007047165	-0.00020463109628028522
6,8,11	-0.002267888248514649	0.001395646394274621	0.10420855939114605	-0.007604970203898089	0.0030691937068687914
6,8,12	0.001913756767011103	0.001395646394274621	0.1703416272837741	-0.0034233251883723373	0.007250838722394543
6,8,13	-0.0008616592378262178	0.001395646394274621	0.5369949817682959	-0.006198741193209658	0.004475422717557223
6,8,14	-0.0008060388617448502	0.001395646394274621	0.5635926996133771	-0.0061431208171282906	0.00453104309363859
6,8,15	-0.0004928313230579545	0.001395646394274621	0.7240076460107928	-0.005829913278441395	0.004844250632325486
6,8,16	6.563443055974949e-06	0.001395646394274621	0.9962478439729385	-0.005330518512327465	0.005343645398439415
6,11,12	0.003462805093784188	0.001395646394274621	0.013116880752600125	-0.0018742768615992523	0.008799887049167628
6,11,13	-0.002737688707896181	0.001395646394274621	0.049845463943775474	-0.00807477066327962	0.002599393247487259
6,11,14	0.0007460133375569306	0.001395646394274621	0.5929908653690809	-0.00459106861782651	0.006083095292940371
6,11,15	0.0005413846229517238	0.001395646394274621	0.6980935062144107	-0.0047956973324317165	0.005878466578335164
6,11,16	-0.0010743468065230882	0.001395646394274621	0.44145107118118954	-0.006411428761906529	0.004262735148860352
6,12,13	0.0017425732452545084	0.001395646394274621	0.21185690594228443	-0.003594508710128932	0.007079655200637949
6,12,14	0.0022791151060834423	0.001395646394274621	0.10250558789184291	-0.003057966849299998	0.007616197061466883
6,12,15	-0.0005613382395899466	0.0013956463942746207	0.6875429609656074	-0.005898420194973386	0.004775743715793493
6,12,16	0.0017976999907946198	0.001395646394274621	0.19775730963711483	-0.0035393819645888206	0.00713478194617806
6,13,14	-0.0008303441330202999	0.001395646394274621	0.5518920565759935	-0.00616742608840374	0.0045067378223631405
6,13,15	0.0014257578023571804	0.0013956463942746207	0.30701360667984773	-0.003911324153026259	0.00676283975774062
6,13,16	-0.000948375601869493	0.001395646394274621	0.4968258613074542	-0.006285457557252933	0.004388706353513947
6,14,15	-0.0006128415808887705	0.0013956463942746207	0.6605943423410372	-0.00594992353627221	0.004724240374494669
6,14,16	0.0014383921650593517	0.001395646394274621	0.30274722825502287	-0.0038986897903240886	0.006775474120442792
6,15,16	0.0014706714940991884	0.001395646394274621	0.2920269845855847	-0.003866410461284252	0.006807753449482629
7,8,11	0.0008246243197005329	0.001395646394274621	0.5546348273000519	-0.0045124576356829075	0.006161706275083973
7,8,12	0.0009351985974146333	0.001395646394274621	0.5028248312809402	-0.004401883357968807	0.006272280552798074
7,8,13	-0.003233557498297932	0.001395646394274621	0.020535515176882107	-0.008570639453681372	0.002103524457085508
7,8,14	9.14440032066758e-05	0.001395646394274621	0.9477609450651902	-0.0052456379521767646	0.005428525958590116
7,8,15	0.0007193464792732071	0.001395646394274621	0.6062729319330729	-0.004617735476110233	0.0060564284346566475
7,8,16	0.0016486015036429602	0.001395646394274621	0.23754102452496792	-0.00368848045174048	0.006985683459026401
7,11,12	0.0008439783623608969	0.001395646394274621	0.5453811516797283	-0.004493103593022543	0.006181060317744337
7,11,13	-0.0008654159988319855	0.001395646394274621	0.5352215108484044	-0.006202497954215426	0.004471665956551455
7,11,14	0.0017456941433293752	0.001395646394274621	0.2110397718112597	-0.003591387812054065	0.0070827760987128155
7,11,15	-0.0005231267272979602	0.001395646394274621	0.7077988912258797	-0.0058602086826814006	0.00481395522808548
7,11,16	0.003497630640865737	0.0013956463942746207	0.012227239657381218	-0.0018394513145177024	0.008834712596249177
7,12,13	0.001029139707558309	0.0013956463942746207	0.46090560794208113	-0.004307942247825131	0.006366221662941748
7,12,14	0.004310862959137345	0.001395646394274621	0.0020167661873842376	-0.0010262189962460958	0.009647944914520784
7,12,15	-0.002226131372299843	0.0013956463942746212	0.1107406008890143	-0.007563213327683284	0.0031109505830835982
7,12,16	0.0007118744373548307	0.001395646394274621	0.6100182935606999	-0.00462520751802861	0.006048956392738271
7,13,14	-0.002614444212677352	0.001395646394274621	0.06106626524245939	-0.007951526168060791	0.0027226377427060884
7,13,15	-0.0002315555404342473	0.001395646394274621	0.868229900714382	-0.005568637495817688	0.005105526414949193
7,13,16	-0.003636020585250345	0.001395646394274621	0.009197878877015949	-0.008973102540633784	0.0017010613701330954
7,14,15	0.00043737507141168065	0.001395646394274621	0.7539963114544177	-0.00489970688397176	0.005774457026795121
7,14,16	-0.0013841713715695841	0.001395646394274621	0.32133654780425064	-0.0067212533269530245	0.003952910583813856
7,15,16	-0.0020404290068747957	0.001395646394274621	0.1437826062192817	-0.007377510962258236	0.0032966529485086446
8,11,12	0.002085779457690229	0.001395646394274621	0.1350879962418929	-0.0032513024976932115	0.007422861413073669
8,11,13	0.0009710457793498366	0.001395646394274621	0.4865949684806883	-0.004366036176033604	0.006308127734733277
8,11,14	-0.0005362492626793114	0.001395646394274621	0.7008184143739291	-0.005873331218062752	0.004800832692704129
8,11,15	-5.1483156443600867e-05	0.001395646394274621	0.9705749346343238	-0.005388565111827041	0.0052855987989398395
8,11,16	-0.001051425064840808	0.001395646394274621	0.45125592394173	-0.006388507020224248	0.004285656890542632
8,12,13	0.003144654288150771	0.0013956463942746212	0.02427488538625219	-0.0021924276672326704	0.008481736243534212
8,12,14	0.0028967057057036477	0.001395646394274621	0.037970091373630784	-0.0024403762496797926	0.008233787661087087
8,12,15	0.002797420547416468	0.001395646394274621	0.04506267608257588	-0.002539661407966972	0.008134502502799908
8,12,16	-0.0015901542446718998	0.0013956463942746207	0.2545848007732373	-0.006927236200055339	0.0037469277107115397
8,13,14	0.00042421108440413415	0.001395646394274621	0.7611716957614492	-0.004912870870979306	0.005761293039787575
8,13,15	0.0017006500417085652	0.001395646394274621	0.22305587061177667	-0.003636431913674875	0.0070377319970920055
8,13,16	4.4468410114122114e-05	0.001395646394274621	0.9745827310742499	-0.005292613545269318	0.0053815503654975625
8,14,15	0.00014898365384759943	0.001395646394274621	0.9149909641071873	-0.005188098301535841	0.00548606560923104
8,14,16	0.0011083648165079278	0.001395646394274621	0.4271271275092129	-0.0042287171388755125	0.006445446771891368
8,15,16	0.0004863677685296025	0.0013956463942746207	0.727482172414145	-0.004850714186853837	0.005823449723913042
11,12,13	-0.0029881830744705982	0.001395646394274621	0.0322988670992405	-0.008325265029854038	0.002348898880912842
11,12,14	0.001713240217543266	0.001395646394274621	0.21964902144183315	-0.0036238417378401744	0.007050322172926706
11,12,15	0.0015502796192865213	0.001395646394274621	0.2666899809148734	-0.003786802336096919	0.006887361574669962
11,12,16	0.0005797377034235003	0.001395646394274621	0.6778677541028773	-0.00475734425195994	0.005916819658806941
11,13,14	-0.004003387475678091	0.0013956463942746207	0.004135507430035002	-0.00934046943106153	0.0013336944797053482
11,13,15	-0.0022421075207384126	0.0013956463942746207	0.10820425079634609	-0.007579189476121852	0.003094974434645027
11,13,16	0.00014756237660865437	0.001395646394274621	0.9157989026510137	-0.005189519578774786	0.005484644331992095
11,14,15	0.00042503378372116263	0.001395646394274621	0.7607226518321313	-0.004912048171662278	0.005762115739104603
11,14,16	0.0008781680259972932	0.001395646394274621	0.5292237120387929	-0.004458913929386147	0.006215249981380734
11,15,16	-0.0029676605511379274	0.0013956463942746207	0.03350372329465458	-0.008304742506521367	0.002369421404245512
12,13,14	0.0001257192348033554	0.001395646394274621	0.928226288315976	-0.005211362720580085	0.005462801190186796
12,13,15	-0.002218417648833293	0.001395646394274621	0.11198191529168237	-0.007555499604216733	0.0031186643065501474
12,13,16	0.0009604872876910718	0.001395646394274621	0.4913457216431524	-0.0043765946676923686	0.006297569243074512
12,14,15	0.0008250844473769794	0.001395646394274621	0.554413940036671	-0.004511997508006461	0.00616216640276042
12,14,16	-8.196333740513595e-05	0.001395646394274621	0.9531703638037329	-0.005419045292788576	0.005255118617978304
12,15,16	-0.0042887667964242315	0.001395646394274621	0.0021267615627687552	-0.009625848751807671	0.0010483151589592088
13,14,15	0.001324696208200353	0.001395646394274621	0.34256696490008887	-0.004012385747183087	0.006661778163583793
13,14,16	0.0010573753107849873	0.001395646394274621	0.44869890844186155	-0.004279706644598453	0.006394457266168428
13,15,16	0.0020213387382149416	0.0013956463942746207	0.14756847043414695	-0.003315743217168498	0.007358420693598381
14,15,16	-0.0006494794454483255	0.001395646394274621	0.6416859042797776	-0.005986561400831766	0.004687602509935115
