Params: 	378
Performance: 	0.9659113035758967
Term	Coefficient	Standard Error	p-value	95% CI lower	95% CI upper
Intercept	5.779385907216183
1	0.2891451821622013	0.024809552980276508	3.930567564622046e-31	0.19427113808101207	0.3840192262433906
2	0.2459131608642372	0.024809552980276428	5.0442384951032395e-23	0.15103911678304827	0.34078720494542614
3	0.167375532235655	0.024809552980276598	1.6235203553959373e-11	0.0725014881544654	0.2622495763168446
5	0.15736254437018582	0.02480955298027663	2.3814841530689535e-10	0.06248850028899612	0.25223658845137553
6	0.4804799877981213	0.024809552980276612	1.1822567098516641e-81	0.3856059437169317	0.5753540318793109
7	0.1867973272669154	0.024809552980276598	5.673408023611358e-14	0.0919232831857258	0.281671371348105
8	0.0326424798235756	0.024809552980276615	0.1883058977077046	-0.062231564257614044	0.12751652390476526
11	0.06300302802311675	0.024809552980276633	0.011121383115437082	-0.031871016058072965	0.15787707210430646
12	0.08458814099231232	0.024809552980276643	0.0006541146656977152	-0.010285903088877432	0.1794621850735021
13	-0.020673717664576596	0.024809552980276636	0.4047029084772923	-0.11554776174576632	0.07420032641661313
14	0.06155377825117814	0.024809552980276647	0.013120425748170008	-0.03332026583001163	0.1564278223323679
15	-0.01847402734659309	0.0248095529802766	0.45651562876982055	-0.11334807142778269	0.07640001673459651
16	0.0910865200024169	0.024809552980276598	0.00024280673054400903	-0.0037875240787726833	0.1859605640836065
1,2	0.09116011131135093	0.01933864371427169	2.472472836947057e-06	0.017207334424285195	0.16511288819841669
1,3	0.11544852047566279	0.0193386437142716	2.4786908614430653e-09	0.041495743588597395	0.18940129736272818
1,5	0.33088742348480116	0.01933864371427159	1.843244119847217e-64	0.2569346465977358	0.4048402003718665
1,6	-0.28095929218794063	0.019338643714271526	3.291839458591872e-47	-0.3549120690750057	-0.20700651530087552
1,7	-0.3069474066552026	0.019338643714271672	7.318578263122499e-56	-0.3809001835422683	-0.23299462976813692
1,8	0.05771348282867772	0.01933864371427162	0.0028505110259544786	-0.016239294058387754	0.1316662597157432
1,11	0.00854389997188898	0.019338643714271575	0.6586429020432408	-0.06540887691517631	0.08249667685895427
1,12	-0.1580586678288971	0.019338643714271627	3.475799250814697e-16	-0.2320114447159626	-0.0841058909418316
1,13	0.010166260857470688	0.019338643714271325	0.5991138861874359	-0.06378651602959366	0.08411903774453504
1,14	0.055795531932039566	0.0193386437142715	0.003922561059438448	-0.018157244955025437	0.12974830881910457
1,15	-0.034030504871641276	0.019338643714271565	0.07849523618706027	-0.10798328175870654	0.03992227201542399
1,16	0.06721517111431416	0.01933864371427158	0.0005123050208267831	-0.0067376057727511485	0.14116794800137947
2,3	0.3323381696896772	0.01933864371427153	5.313191861300858e-65	0.2583853928026121	0.40629094657674236
2,5	0.25244212831114204	0.0193386437142716	1.5275010093129424e-38	0.17848935142407665	0.32639490519820746
2,6	-0.03100549460807278	0.01933864371427161	0.10891059737923858	-0.10495827149513821	0.04294728227899265
2,7	-0.2710133122883053	0.019338643714271613	4.356842117013292e-44	-0.34496608917537075	-0.19706053540123983
2,8	0.0187240575745658	0.019338643714271596	0.332964579161133	-0.05522871931249958	0.09267683446163118
2,11	0.16450804285759202	0.019338643714271592	2.1234593729889132e-17	0.09055526597052665	0.23846081974465738
2,12	0.07807520335651019	0.019338643714271526	5.459495305659822e-05	0.0041224264694450785	0.1520279802435753
2,13	0.019326954160336404	0.019338643714271627	0.3176340690527665	-0.0546258227267291	0.0932797310474019
2,14	0.08611829874536736	0.01933864371427157	8.578726306860202e-06	0.01216552185830208	0.16007107563243264
2,15	-0.011941120835258723	0.019338643714271565	0.5369397384039327	-0.08589389772232399	0.062011656051806543
2,16	0.16540623931604614	0.019338643714271554	1.4265642377764823e-17	0.09145346242898092	0.23935901620311137
3,5	0.0755280094825545	0.01933864371427158	9.480386450040512e-05	0.0015752325954891955	0.1494807863696198
3,6	9.743527717503975e-05	0.01933864371427159	0.995980106552068	-0.07385534160989031	0.07405021216424039
3,7	-0.16243236647435266	0.019338643714271547	5.2823177782770096e-17	-0.23638514336141786	-0.08847958958728747
3,8	-0.0020280805752342784	0.01933864371427155	0.9164801373100844	-0.07598085746229949	0.07192469631183093
3,11	0.00516809656693451	0.019338643714271592	0.789289943071377	-0.06878468032013085	0.07912087345399987
3,12	0.007164434194246505	0.01933864371427157	0.7110405620895515	-0.06678834269281878	0.08111721108131179
3,13	0.00369494193966724	0.01933864371427163	0.8484794711562743	-0.07025783494739828	0.07764771882673276
3,14	0.030926545399796557	0.01933864371427161	0.1098144591594893	-0.043026231487268876	0.10487932228686199
3,15	0.003621302524027814	0.01933864371427159	0.8514637493093442	-0.07033147436303754	0.07757407941109316
3,16	0.05584932030457232	0.0193386437142716	0.0038880797191010977	-0.01810345658249307	0.1298020971916377
5,6	0.42349192685065684	0.0193386437142716	3.235579079072564e-103	0.3495391499635915	0.4974447037377222
5,7	-0.2794681565031769	0.01933864371427159	9.821810182882522e-47	-0.3534209333902423	-0.20551537961611155
5,8	-0.02833607530687124	0.0193386437142716	0.14289115685530623	-0.10228885219393663	0.04561670158019415
5,11	0.04167134552251661	0.01933864371427162	0.03120618292881104	-0.03228143136454886	0.11562412240958209
5,12	0.008904867251511517	0.019338643714271596	0.6451916402351274	-0.06504790963555386	0.0828576441385769
5,13	-0.005434934668033561	0.019338643714271592	0.7786870723246937	-0.07938771155509892	0.0685178422190318
5,14	0.011322915643766251	0.019338643714271592	0.5582236174968005	-0.06262986124329911	0.08527569253083161
5,15	-0.05600595222518817	0.019338643714271592	0.003789232723947736	-0.12995872911225353	0.017946824661877192
5,16	0.033341478738449365	0.019338643714271585	0.08473192783900654	-0.04061129814861597	0.1072942556255147
6,7	-0.40076323212141796	0.019338643714271568	6.491156032315403e-93	-0.4747160090084832	-0.3268104552343527
6,8	0.03048499727450696	0.019338643714271613	0.11497937796050116	-0.04346777961255849	0.1044377741615724
6,11	0.036874817871993204	0.01933864371427157	0.05658385313838506	-0.037077959015072076	0.11082759475905848
6,12	-0.05316845556595906	0.01933864371427158	0.0059853135693958654	-0.12712123245302437	0.020784321321106247
6,13	0.03302478797113484	0.019338643714271627	0.0877299576900392	-0.04092798891593066	0.10697756485820034
6,14	0.045628166381936675	0.019338643714271603	0.018327517058870816	-0.02832461050512873	0.11958094326900208
6,15	-0.00881252538122429	0.019338643714271603	0.6486219012628294	-0.0827653022682897	0.06514025150584112
6,16	-0.07252051677135851	0.019338643714271606	0.00017808996726225237	-0.14647329365842393	0.001432260115706907
7,8	-0.027459213093549373	0.019338643714271665	0.15567258128105999	-0.10141198998061501	0.04649356379351627
7,11	-0.06455164166013377	0.019338643714271617	0.0008478994800299343	-0.13850441854719925	0.009401135226931687
7,12	-0.031681799443417674	0.019338643714271582	0.10140694258685841	-0.105634576330483	0.04227097744364765
7,13	0.029994523053577582	0.019338643714271568	0.12093862974716364	-0.0439582538334877	0.10394729994064286
7,14	-0.052854652332357616	0.019338643714271596	0.0062880414730280216	-0.126807429219423	0.02109812455470776
7,15	0.04418880820594995	0.0193386437142716	0.022339478518215838	-0.029763968681115444	0.11814158509301534
7,16	-0.09844646396820922	0.01933864371427165	3.651464942203132e-07	-0.1723992408552748	-0.024493687081143634
8,11	0.0006793820402897222	0.01933864371427154	0.9719763384055622	-0.07327339484677545	0.07463215892735489
8,12	-0.04273535117328342	0.01933864371427162	0.027144997944120088	-0.1166881280603489	0.031217425713782054
8,13	-0.005695942476635518	0.019338643714271582	0.7683555620292931	-0.07964871936370084	0.0682568344104298
8,14	-0.013613593110367306	0.019338643714271575	0.4814799013613873	-0.0875663699974326	0.06033918377669799
8,15	-0.03279347776609959	0.01933864371427156	0.08997333908665016	-0.10674625465316484	0.041159299120965664
8,16	0.002243325895849968	0.019338643714271627	0.9076537512653643	-0.07170945099121553	0.07619610278291547
11,12	-0.026141540397387253	0.0193386437142716	0.17648568153805547	-0.10009431728445264	0.04781123648967814
11,13	0.040052218956872825	0.0193386437142716	0.038382424406682394	-0.03390055793019257	0.11400499584393822
11,14	-0.005827941986324081	0.0193386437142716	0.7631461067017965	-0.07978071887338947	0.06812483490074131
11,15	0.018872409049033867	0.019338643714271585	0.329148674814156	-0.05508036783803147	0.0928251859360992
11,16	-0.00593052358303181	0.019338643714271547	0.759105032067543	-0.07988330047009701	0.06802225330403339
12,13	0.004276827358144608	0.019338643714271537	0.8249779433820761	-0.06967594952892055	0.07822960424520976
12,14	-0.06467366695536814	0.019338643714271585	0.0008288733637583567	-0.13862644384243347	0.0092791099316972
12,15	0.010396512697016691	0.0193386437142716	0.5908664744898886	-0.0635562641900487	0.08434928958408208
12,16	-0.008662054814852882	0.019338643714271592	0.6542274744132883	-0.08261483170191825	0.06529072207221248
13,14	0.01529484895066946	0.019338643714271676	0.4290288978752085	-0.05865792793639622	0.08924762583773514
13,15	-0.007301591061945389	0.01933864371427164	0.7057641755441826	-0.08125436794901095	0.06665118582512017
13,16	0.01973854385036719	0.019338643714271606	0.3074382360134954	-0.05421423303669823	0.09369132073743261
14,15	-0.022480047653353208	0.019338643714271575	0.24509155679094113	-0.0964328245404185	0.051472729233712086
14,16	0.002534417671725381	0.019338643714271582	0.8957355113434982	-0.07141835921533994	0.0764871945587907
15,16	0.023928749773266755	0.019338643714271613	0.21599283854689033	-0.05002402711379869	0.0978815266603322
1,2,3	-0.19834199567573513	0.011165171154196978	3.030804514697886e-69	-0.2410386513188027	-0.15564534003266756
1,2,5	-0.18815126846391184	0.01116517115419697	1.2904268356028495e-62	-0.23084792410697935	-0.14545461282084432
1,2,6	-0.03547473892790501	0.011165171154196962	0.0014924852843071156	-0.07817139457097251	0.0072219167151624936
1,2,7	0.0735012287382879	0.01116517115419699	4.90567347269182e-11	0.0308045730952203	0.1161978843813555
1,2,8	-0.009809548406210178	0.011165171154196973	0.37965351621005505	-0.05250620404927772	0.032887107236857366
1,2,11	-0.12528497170792	0.01116517115419697	5.351564190802932e-29	-0.16798162735098754	-0.08258831606485247
1,2,12	0.01486415316216852	0.011165171154196966	0.18313031064355165	-0.027832502480898996	0.057560808805236036
1,2,13	-0.007519792160165351	0.01116517115419696	0.5006463553708682	-0.050216447803232846	0.035176863482902145
1,2,14	-0.05039906139846789	0.011165171154196964	6.456211839359115e-06	-0.09309571704153541	-0.007702405755400384
1,2,15	0.010021956443207414	0.01116517115419697	0.36942177385440633	-0.032674699199860116	0.052718612086274944
1,2,16	-0.09403649624696875	0.011165171154196962	4.351511065592667e-17	-0.13673315189003626	-0.051339840603901246
1,3,5	-0.10718093536849357	0.01116517115419697	1.0572365750966867e-21	-0.14987759101156112	-0.06448427972542604
1,3,6	-0.17849646181344486	0.011165171154196962	1.239034042702992e-56	-0.22119311745651238	-0.13579980617037735
1,3,7	-0.01610786629141906	0.011165171154196973	0.1491482649048732	-0.058804521934486605	0.026588789351648483
1,3,8	-0.016892555094012746	0.011165171154196966	0.1303280378581619	-0.05958921073708026	0.02580410054905477
1,3,11	0.01669620054277826	0.011165171154196971	0.13485505190806535	-0.026000455100289276	0.0593928561858458
1,3,12	0.38523682326648023	0.011165171154196978	6.019970690803567e-243	0.34254016762341266	0.4279334789095478
1,3,13	-0.0154875329219899	0.01116517115419696	0.16544198720032113	-0.058184188565057395	0.027209122721077596
1,3,14	-0.02314294949636736	0.011165171154196955	0.03822541397406268	-0.06583960513943483	0.019553706146700114
1,3,15	0.005750697096321131	0.011165171154196962	0.6065279128365035	-0.03694595854674637	0.04844735273938863
1,3,16	0.07076513577409782	0.011165171154196967	2.4563888272747666e-10	0.028068480131030298	0.11346179141716534
1,5,6	-0.04565014637151077	0.011165171154196966	4.382966632195919e-05	-0.08834680201457829	-0.0029534907284432532
1,5,7	0.22584158867334636	0.011165171154196973	1.0213775410556304e-88	0.18314493303027882	0.26853824431641393
1,5,8	0.03325468853553898	0.011165171154196974	0.0029061852772479806	-0.009441967107528572	0.07595134417860652
1,5,11	-0.0735936667187338	0.011165171154196966	4.641136778768532e-11	-0.11629032236180131	-0.03089701107566628
1,5,12	-0.03351335322538848	0.011165171154196978	0.0026941540837733848	-0.07621000886845605	0.009183302417679083
1,5,13	-0.007557934523976961	0.011165171154196954	0.4984763616918181	-0.05025459016704443	0.035138721119090506
1,5,14	-0.0015885223005562832	0.01116517115419697	0.8868666323658039	-0.04428517794362381	0.04110813334251125
1,5,15	0.004664772207033763	0.01116517115419697	0.6761072079926556	-0.03803188343603377	0.04736142785010129
1,5,16	-0.053854589256889296	0.011165171154196962	1.4376973529562963e-06	-0.0965512448999568	-0.011157933613821794
1,6,7	0.2573599614311508	0.011165171154196981	8.5620872283795e-114	0.21466330578808324	0.3000566170742184
1,6,8	0.022622779538717497	0.011165171154196981	0.04277902667556527	-0.020073876104350075	0.06531943518178507
1,6,11	-0.020820222448212633	0.011165171154196966	0.06225429749021365	-0.06351687809128015	0.021876433194854883
1,6,12	-0.024908692629156376	0.011165171154196966	0.02571416847036088	-0.06760534827222389	0.01778796301391114
1,6,13	-0.006629899007983553	0.01116517115419695	0.5526618569345251	-0.049326554651051006	0.0360667566350839
1,6,14	-0.0705717778767132	0.011165171154196955	2.7465483206623724e-10	-0.11326843351978068	-0.02787512223364573
1,6,15	0.009413670649392983	0.011165171154196971	0.39918255640916234	-0.033282984993674554	0.05211032629246052
1,6,16	0.09117229972340274	0.011165171154196985	3.694535313556124e-16	0.048475644080335153	0.1338689553664703
1,7,8	-0.020525631730402713	0.011165171154196964	0.06604694263592985	-0.06322228737347022	0.022171023912664796
1,7,11	0.016355320515950955	0.01116517115419697	0.14300160045556168	-0.026341335127116575	0.059051976159018485
1,7,12	0.038712731977666476	0.01116517115419698	0.0005285918939845284	-0.003983923665401089	0.08140938762073405
1,7,13	-0.003549447884734519	0.011165171154196967	0.750566571642792	-0.04624610352780204	0.039147207758333004
1,7,14	0.00843748552008003	0.011165171154196974	0.4498537064201721	-0.03425917012298752	0.05113414116314758
1,7,15	0.0012821473180339993	0.01116517115419697	0.9085792199592593	-0.04141450832503353	0.04397880296110153
1,7,16	-0.02386558508812664	0.011165171154196957	0.03258806064278987	-0.06656224073119413	0.01883107055494084
1,8,11	-0.006147332004463879	0.011165171154196973	0.5819366201591227	-0.04884398764753142	0.036549323638603665
1,8,12	-0.015554386232085049	0.011165171154196973	0.1636241368164549	-0.05825104187515259	0.027142269410982495
1,8,13	0.006642183377073729	0.011165171154196964	0.5519261626888642	-0.03605447226599378	0.04933883902014124
1,8,14	0.0032516635531804616	0.011165171154196978	0.7708810430182498	-0.0394449920898871	0.045948319196248026
1,8,15	-0.010415505668813163	0.011165171154196964	0.35092274017162506	-0.05311216131188067	0.032281149974254346
1,8,16	-0.019545439380577068	0.011165171154196978	0.08005885126577036	-0.06224209502364463	0.023151216262490497
1,11,12	0.004437059353151529	0.01116517115419697	0.6910820272254568	-0.038259596289916	0.04713371499621906
1,11,13	0.0163389456335348	0.011165171154196938	0.14340224309157418	-0.02635771000953261	0.05903560127660221
1,11,14	0.006806609320641463	0.011165171154196966	0.5421254887929509	-0.03589004632242605	0.04950326496370898
1,11,15	0.0053416776004791	0.011165171154196966	0.6323623655530104	-0.037354978042588416	0.048038333243546616
1,11,16	0.011068613241710698	0.011165171154196966	0.321544492274622	-0.03162804240135682	0.053765268884778214
1,12,13	0.00019089918102460635	0.011165171154196945	0.9863590792739945	-0.042505756462042826	0.04288755482409204
1,12,14	-0.007117011249564653	0.011165171154196971	0.5238636899082785	-0.04981366689263219	0.035579644393502884
1,12,15	0.019475368787196606	0.011165171154196966	0.08114672318771461	-0.02322128685587091	0.06217202443026412
1,12,16	0.042469604029340635	0.011165171154196962	0.00014360407125370926	-0.00022705161372686689	0.08516625967240814
1,13,14	0.01256532031931934	0.011165171154196941	0.2604527438645562	-0.03013133532374808	0.05526197596238676
1,13,15	-0.005113255562754548	0.011165171154196964	0.6469904527989427	-0.04780991120582206	0.03758340008031296
1,13,16	-0.010580763797133685	0.01116517115419696	0.3433328926469713	-0.05327741944020118	0.03211589184593381
1,14,15	0.010123403674433047	0.011165171154196957	0.36459612265753494	-0.032573251968634434	0.05282005931750053
1,14,16	0.00828523874699974	0.011165171154196954	0.4580726448306144	-0.03441141689606773	0.05098189439006721
1,15,16	0.008662911453257316	0.011165171154196981	0.43783917499260194	-0.034033744189810256	0.05135956709632489
2,3,5	-0.09923170350945254	0.01116517115419696	7.651118836556397e-19	-0.14192835915252003	-0.056535047866385045
2,3,6	-0.011737974384158911	0.011165171154196964	0.2931521058670714	-0.05443463002722642	0.030958681258908598
2,3,7	0.15647680122269236	0.01116517115419697	4.318450382753873e-44	0.11378014557962483	0.19917345686575988
2,3,8	0.0036856143647973905	0.011165171154196954	0.7413338365816944	-0.03901104127827008	0.04638227000786486
2,3,11	-0.01898255962496906	0.01116517115419697	0.08914092834928904	-0.06167921526803659	0.02371409601809847
2,3,12	0.009252550908580237	0.011165171154196957	0.4073008367892955	-0.033444104734487244	0.05194920655164772
2,3,13	-0.010693271297032236	0.01116517115419697	0.33822620967252226	-0.053389926940099766	0.032003384346035293
2,3,14	0.005724452902578225	0.011165171154196962	0.6081713177797651	-0.03697220274048928	0.04842110854564573
2,3,15	-0.007170894516250914	0.011165171154196966	0.5207260318137963	-0.04986755015931843	0.0355257611268166
2,3,16	-0.033771831826794996	0.011165171154196966	0.002496488918862481	-0.07646848746986251	0.00892482381627252
2,5,6	0.05185628735984671	0.011165171154196971	3.4652642263841393e-06	0.009159631716779172	0.09455294300291425
2,5,7	0.20377152660279685	0.01116517115419697	6.58953129472946e-73	0.16107487095972933	0.24646818224586436
2,5,8	-0.01704307559767948	0.011165171154196966	0.12693830463246367	-0.059739731240746996	0.025653580045388036
2,5,11	-0.02815875335256729	0.011165171154196971	0.011688108643952033	-0.07085540899563483	0.014537902290500247
2,5,12	-0.021978392239492384	0.011165171154196966	0.04904837487647186	-0.0646750478825599	0.020718263403575132
2,5,13	-0.004669158898445658	0.011165171154196973	0.6758199620957697	-0.0473658145415132	0.038027496744621886
2,5,14	-0.030902009716628792	0.011165171154196962	0.005658371896917364	-0.0735986653596963	0.01179464592643871
2,5,15	0.014419190526374415	0.011165171154196964	0.19658804742637373	-0.028277465116693094	0.057115846169441924
2,5,16	-0.08381079070842751	0.011165171154196976	6.745556724347029e-14	-0.12650744635149508	-0.04111413506535995
2,6,7	-0.17243098247414573	0.011165171154196978	5.030406147026871e-53	-0.2151276381172133	-0.12973432683107816
2,6,8	0.04597771665391251	0.011165171154196962	3.8618058023403704e-05	0.0032810610108450072	0.08867437229698001
2,6,11	0.02725214854331487	0.011165171154196966	0.014676097615854974	-0.015444507099752647	0.06994880418638239
2,6,12	0.09007389050624673	0.011165171154196967	8.251134242215171e-16	0.047377234863179206	0.13277054614931424
2,6,13	-0.007539973940421829	0.011165171154196973	0.49949755080252023	-0.05023662958348937	0.035156681702645715
2,6,14	-0.03657743335061667	0.011165171154196967	0.0010573643768697094	-0.07927408899368418	0.006119222292450856
2,6,15	0.0055983107677902155	0.011165171154196973	0.6160978442064067	-0.03709834487527733	0.04829496641085776
2,6,16	-0.05705886670737967	0.011165171154196966	3.290358407717706e-07	-0.09975552235044718	-0.014362211064312153
2,7,8	-0.012629702855990521	0.011165171154196959	0.2580184043988715	-0.05532635849905801	0.030066952787076967
2,7,11	0.03478570668592679	0.01116517115419696	0.0018426405621964836	-0.007910948957140708	0.07748236232899428
2,7,12	-0.03842259607381804	0.011165171154196971	0.0005819774365271081	-0.08111925171688558	0.004274059569249498
2,7,13	-0.0002927069241456248	0.01116517115419697	0.9790856666139578	-0.042989362567213155	0.042403948718921905
2,7,14	0.03750135969608043	0.01116517115419697	0.0007866161630704113	-0.005195295946987102	0.08019801533914796
2,7,15	-0.006977032811053385	0.011165171154196967	0.5320597970380583	-0.04967368845412091	0.03571962283201414
2,7,16	0.044372648996976335	0.01116517115419696	7.125101379703899e-05	0.0016759933539088404	0.08706930464004384
2,8,11	0.009088390446387595	0.01116517115419697	0.415672775701874	-0.033608265196679935	0.051785046089455125
2,8,12	0.011504798236702904	0.011165171154196973	0.3028455132263261	-0.03119185740636464	0.05420145387977045
2,8,13	-0.01814804359430878	0.011165171154196966	0.10411435762331792	-0.060844699237376294	0.024548612048758738
2,8,14	-0.01322261167058597	0.011165171154196966	0.23634100130247762	-0.05591926731365349	0.029474043972481545
2,8,15	-0.009599604525333233	0.011165171154196959	0.38993602746296374	-0.05229626016840072	0.033097051117734255
2,8,16	-0.012986784632251502	0.011165171154196964	0.24480359285312064	-0.05568344027531901	0.029709871010816007
2,11,12	-0.02146583423259954	0.011165171154196959	0.05457025911289955	-0.06416248987566703	0.021230821410467948
2,11,13	0.005541386977707119	0.011165171154196971	0.6196896165366708	-0.03715526866536042	0.048238042620774656
2,11,14	-0.0019727506858995963	0.011165171154196962	0.8597581218967361	-0.0446694063289671	0.040723904957167906
2,11,15	-0.018237695726376332	0.011165171154196966	0.102415675515173	-0.06093435136944385	0.024458959916691184
2,11,16	0.01726714725516798	0.01116517115419696	0.1220198162799478	-0.025429508387899515	0.059963802898235476
2,12,13	-0.0049639778825281144	0.011165171154196962	0.6566248645878469	-0.047660633525595616	0.03773267776053939
2,12,14	-0.027755529142231894	0.011165171154196962	0.012943069678606854	-0.0704521847852994	0.014941126500835608
2,12,15	-0.001834513735336607	0.011165171154196962	0.8694938650523965	-0.04453116937840411	0.040862141907730895
2,12,16	0.006152115810213743	0.011165171154196967	0.5816428890012524	-0.03654453983285378	0.048848771453281266
2,13,14	0.01925696577414615	0.011165171154196974	0.08461471524404879	-0.0234396898689214	0.0619536214172137
2,13,15	-0.0083581371643916	0.011165171154196973	0.4541268012074645	-0.05105479280745914	0.034338518478675945
2,13,16	0.0037198827943089874	0.011165171154196974	0.7390160690648342	-0.03897677284875856	0.04641653843737654
2,14,15	-0.00181529438176542	0.01116517115419696	0.8708490474859223	-0.044511950024832915	0.040881361261302075
2,14,16	-0.00340391500158288	0.011165171154196967	0.7604740165688822	-0.0461005706446504	0.03929274064148464
2,15,16	0.023195384794777396	0.011165171154196988	0.03779014953046901	-0.019501270848290203	0.065892040437845
3,5,6	0.12525219269704205	0.011165171154196964	5.529287466034033e-29	0.08255553705397453	0.16794884834010956
3,5,7	0.13342471141948314	0.01116517115419697	1.246969692936353e-32	0.09072805577641561	0.17612136706255066
3,5,8	-0.0030704932636670054	0.011165171154196959	0.7833186100755288	-0.045767148906734494	0.03962616237940048
3,5,11	-0.0317803085218889	0.011165171154196962	0.004433472147532069	-0.0744769641649564	0.010916347121178602
3,5,12	0.047815063628131205	0.011165171154196973	1.8700000334277748e-05	0.005118407985063661	0.09051171927119875
3,5,13	-0.00015122849295079455	0.011165171154196964	0.9891935978478099	-0.042847884136018304	0.042545427150116714
3,5,14	-0.027785908186609504	0.011165171154196976	0.012844528301694105	-0.07048256382967706	0.014910747456458054
3,5,15	0.013344824549089362	0.011165171154196966	0.23203775513583258	-0.029351831093978153	0.05604148019215688
3,5,16	0.0122619205679734	0.01116517115419697	0.27213811690181394	-0.03043473507509413	0.05495857621104093
3,6,7	-0.12767904175847583	0.011165171154196966	4.815526162858138e-30	-0.17037569740154335	-0.08498238611540831
3,6,8	0.02493652346931511	0.011165171154196962	0.02554941459445122	-0.017760132173752392	0.06763317911238262
3,6,11	0.03329092525209715	0.011165171154196976	0.002875591300167379	-0.00940573039097041	0.0759875808951647
3,6,12	0.055629250118849644	0.011165171154196966	6.415127685083761e-07	0.012932594475782128	0.09832590576191716
3,6,13	0.009829832860656917	0.01116517115419697	0.378668948069788	-0.03286682278241061	0.05252648850372445
3,6,14	0.00605704875228158	0.011165171154196966	0.5874930697886274	-0.036639606890785936	0.048753704395349096
3,6,15	0.00020746575823621383	0.01116517115419697	0.9851754262430561	-0.042489189884831316	0.042904121401303744
3,6,16	0.008322790780178092	0.011165171154196966	0.4560376311748542	-0.034373864862889424	0.05101944642324561
3,7,8	0.01867259179543654	0.011165171154196967	0.09448622011479986	-0.024024063847630985	0.06136924743850406
3,7,11	0.029204419656318203	0.01116517115419696	0.008922339878031545	-0.013492235986749292	0.07190107529938569
3,7,12	-0.05493058938766823	0.011165171154196967	8.839563007332564e-07	-0.09762724503073575	-0.01223393374460071
3,7,13	0.005390650281160522	0.011165171154196964	0.6292445571788592	-0.03730600536190699	0.04808730592422803
3,7,14	0.0062547593144890445	0.011165171154196959	0.5753572275785193	-0.036441896328578444	0.04895141495755653
3,7,15	-0.002400407473100108	0.011165171154196966	0.8297802140552915	-0.045097063116167624	0.04029624816996741
3,7,16	0.0010447199213703962	0.011165171154196976	0.9254535064591474	-0.04165193572169716	0.043741375564437954
3,8,11	-0.017440782105685115	0.011165171154196957	0.11831192773254572	-0.0601374377487526	0.025255873537382366
3,8,12	0.0074041342556060985	0.01116517115419697	0.5072568622779801	-0.03529252138746143	0.05010078989867363
3,8,13	0.010031570901981923	0.011165171154196966	0.3689627360277459	-0.03266508474108559	0.05272822654504944
3,8,14	-0.014173929612808125	0.011165171154196962	0.20430874339198973	-0.05687058525587563	0.028522726030259377
3,8,15	0.010647286864470196	0.011165171154196966	0.34030750579454905	-0.03204936877859732	0.05334394250753771
3,8,16	-0.01599671868783248	0.011165171154196955	0.15197391508573643	-0.05869337433089995	0.026699936955234996
3,11,12	0.0005892859805891049	0.01116517115419697	0.9579093848520989	-0.042107369662478425	0.043285941623656635
3,11,13	0.003994888234965521	0.01116517115419697	0.7205033251279982	-0.03870176740810201	0.04669154387803305
3,11,14	-0.0027883735298959156	0.011165171154196962	0.8027961173668745	-0.04548502917296342	0.039908282113171586
3,11,15	-0.012943783660641348	0.01116517115419697	0.24636931890293587	-0.05564043930370888	0.029752871982426182
3,11,16	-0.015275706926838661	0.011165171154196964	0.171302281012349	-0.05797236256990617	0.027420948716228848
3,12,13	-0.0005020316405477399	0.011165171154196966	0.9641370895478537	-0.043198687283615256	0.042194624002519776
3,12,14	-0.005732000675161664	0.01116517115419697	0.6076984747947366	-0.048428656318229193	0.036964654967905866
3,12,15	-0.004211837063903656	0.01116517115419697	0.7060129619318612	-0.046908492706971186	0.038484818579163874
3,12,16	0.059281981677385326	0.011165171154196974	1.1292279974914718e-07	0.016585326034317775	0.10197863732045287
3,13,14	-0.00563904640463464	0.011165171154196974	0.6135331362028685	-0.04833570204770219	0.03705760923843291
3,13,15	0.0018295673431476533	0.011165171154196973	0.8698426053374625	-0.04086708829991989	0.0445262229862152
3,13,16	0.004697005667504084	0.01116517115419697	0.67399762400315	-0.037999649975563446	0.047393661310571614
3,14,15	-0.007201782805772411	0.011165171154196967	0.5189317625565144	-0.049898438448839934	0.03549487283729511
3,14,16	0.012232396088814976	0.011165171154196964	0.2732941144831762	-0.030464259554252533	0.054929051731882485
3,15,16	-0.00586400058794323	0.011165171154196966	0.5994557855313457	-0.048560656231010746	0.036832655055124286
5,6,7	0.17028583763916155	0.011165171154196959	8.91182860835161e-52	0.12758918199609406	0.21298249328222904
5,6,8	0.033053121335457236	0.011165171154196973	0.003081854498403721	-0.009643534307610307	0.07574977697852478
5,6,11	-0.031541549246586226	0.011165171154196974	0.004740124769173582	-0.07423820488965377	0.011155106396481325
5,6,12	0.024155669680655745	0.011165171154196971	0.03053418408900994	-0.018540985962411792	0.06685232532372329
5,6,13	0.03014161594956144	0.01116517115419697	0.006957007005736672	-0.01255503969350609	0.07283827159262897
5,6,14	0.03357741661760881	0.01116517115419697	0.002643872724154991	-0.00911923902545872	0.07627407226067634
5,6,15	-0.03346153979068131	0.01116517115419697	0.002735458456151188	-0.07615819543374884	0.00923511585238622
5,6,16	0.07744628276333909	0.01116517115419697	4.342744315340415e-12	0.03474962712027156	0.12014293840640662
5,7,8	0.02665147797862044	0.01116517115419697	0.01700924276028643	-0.01604517766444709	0.06934813362168797
5,7,11	0.03539264953065513	0.01116517115419697	0.0015307190289258494	-0.007304006112412401	0.07808930517372266
5,7,12	0.017327044102078804	0.011165171154196973	0.12073061659567354	-0.02536961154098874	0.06002369974514635
5,7,13	0.010109212398075967	0.01116517115419697	0.36526879434418413	-0.03258744324499156	0.0528058680411435
5,7,14	0.02782003203715537	0.011165171154196967	0.01273463208502454	-0.014876623605912152	0.0705166876802229
5,7,15	-0.017263169403167133	0.011165171154196964	0.12210581392100815	-0.05995982504623464	0.025433486239900376
5,7,16	0.05300923177187854	0.011165171154196966	2.0937239764950883e-06	0.010312576128811021	0.09570588741494605
5,8,11	0.003316917003936555	0.011165171154196971	0.766415520618121	-0.03937973863913098	0.04601357264700409
5,8,12	-0.013218825887024721	0.011165171154196966	0.23647519820939525	-0.05591548153009224	0.029477829756042795
5,8,13	-0.004109401097602994	0.01116517115419697	0.7128419244284958	-0.046806056740670524	0.038587254545464536
5,8,14	0.003956139326043717	0.011165171154196967	0.7231022069129186	-0.038740516317023806	0.04665279496911124
5,8,15	0.017814480058260362	0.011165171154196967	0.11063191518324983	-0.02488217558480716	0.060511135701327885
5,8,16	-0.007526121730195692	0.011165171154196967	0.5002859074389346	-0.050222777373263215	0.03517053391287183
5,11,12	0.005286508956444891	0.01116517115419697	0.6358824784594652	-0.03741014668662264	0.04798316459951242
5,11,13	0.0035818856690814915	0.011165171154196966	0.7483638346797031	-0.039114769973986024	0.04627854131214901
5,11,14	-0.00851341866961669	0.011165171154196964	0.44578595932985654	-0.0512100743126842	0.03418323697345082
5,11,15	0.020967403210339353	0.011165171154196962	0.06042803473185791	-0.02172925243272815	0.06366405885340685
5,11,16	-0.0640660661088907	0.01116517115419697	9.936211647048756e-09	-0.10676272175195824	-0.021369410465823177
5,12,13	-0.009481054760818675	0.011165171154196966	0.3958163867725506	-0.05217771040388619	0.03321560088224884
5,12,14	0.016359460869286108	0.011165171154196978	0.1429004350406486	-0.026337194773781457	0.05905611651235367
5,12,15	-0.002537743812691881	0.011165171154196974	0.8202033547599761	-0.04523439945575943	0.04015891183037567
5,12,16	0.013772614066436928	0.01116517115419697	0.2174138417984591	-0.028924041576630602	0.05646926970950446
5,13,14	0.004278644267824677	0.01116517115419697	0.7015718969097586	-0.03841801137524285	0.04697529991089221
5,13,15	0.01735266007645664	0.011165171154196974	0.1201825323638613	-0.025343995566610912	0.06004931571952419
5,13,16	-0.004750797286763753	0.011165171154196967	0.6704828324762868	-0.047447452929831276	0.03794585835630377
5,14,15	0.021072213093307368	0.011165171154196971	0.05915478154993215	-0.02162444254976017	0.06376886873637491
5,14,16	0.00824388224915057	0.011165171154196967	0.4603197135488917	-0.034452773393916954	0.05094053789221809
5,15,16	0.013186523511919235	0.011165171154196974	0.23762243142275882	-0.029510132131148316	0.055883179154986785
6,7,8	-0.03633368221309856	0.01116517115419697	0.0011419647043438743	-0.07903033785616609	0.006362973429968971
6,7,11	-0.05657238033440726	0.011165171154196967	4.136952076454212e-07	-0.09926903597747477	-0.013875724691339734
6,7,12	-0.027983763215304214	0.011165171154196971	0.012218830295926835	-0.07068041885837176	0.014712892427763323
6,7,13	-0.024667114185771916	0.01116517115419697	0.027183292937933198	-0.06736376982883945	0.018029541457295614
6,7,14	-0.03961723373835441	0.011165171154196966	0.000390020907659014	-0.08231388938142192	0.003079421904713109
6,7,15	-0.0071709488085874296	0.011165171154196964	0.5207228752253563	-0.04986760445165494	0.03552570683448008
6,7,16	-0.0443337044133113	0.011165171154196971	7.230020037805749e-05	-0.08703036005637885	-0.0016370487702437667
6,8,11	-0.018143105988116748	0.011165171154196967	0.10420855939115457	-0.06083976163118427	0.024553549654950775
6,8,12	0.015310054136086049	0.011165171154196971	0.1703416272838517	-0.027386601506981488	0.058006709779153585
6,8,13	-0.006893273902612518	0.011165171154196962	0.5369949817681317	-0.04958992954568002	0.035803381740454984
6,8,14	-0.006448310893960328	0.011165171154196966	0.5635926996132845	-0.049144966537027844	0.03624834474910719
6,8,15	-0.003942650584464483	0.011165171154196971	0.7240076460107359	-0.04663930622753202	0.038754005058603054
6,8,16	5.25075444473555e-05	0.011165171154196974	0.9962478439729703	-0.042644148098620195	0.042749163187514906
6,11,12	0.027702440750271506	0.011165171154196966	0.013116880752606688	-0.01499421489279601	0.07039909639333902
6,11,13	-0.02190150966316745	0.011165171154196976	0.04984546394379653	-0.06459816530623501	0.020795145979900106
6,11,14	0.005968106700456777	0.011165171154196966	0.5929908653689981	-0.03672854894261074	0.04866476234352429
6,11,15	0.004331076983612014	0.011165171154196973	0.6980935062145285	-0.03836557865945553	0.04702773262667956
6,11,16	-0.008594774452184484	0.011165171154196974	0.44145107118120175	-0.051291430095252034	0.03410188119088307
6,12,13	0.013940585962034735	0.011165171154196973	0.2118569059423283	-0.02875606968103281	0.05663724160510228
6,12,14	0.018232920848666956	0.011165171154196966	0.10250558789185378	-0.02446373479440056	0.06092957649173447
6,12,15	-0.004490705916718685	0.01116517115419697	0.687542960965666	-0.047187361559786214	0.038205949726348845
6,12,16	0.014381599926356625	0.011165171154196966	0.1977573096371251	-0.02831505571671089	0.05707825556942414
6,13,14	-0.0066427530641614	0.011165171154196974	0.5518920565760534	-0.04933940870722895	0.03605390257890615
6,13,15	0.011406062418856916	0.011165171154196966	0.30701360667987015	-0.0312905932242106	0.05410271806192443
6,13,16	-0.007587004814956444	0.011165171154196964	0.49682586130742556	-0.05028366045802395	0.035109650828111065
6,14,15	-0.004902732647110775	0.011165171154196967	0.6605943423409977	-0.0475993882901783	0.03779392299595675
6,14,16	0.011507137320476202	0.011165171154196964	0.3027472282549646	-0.031189518322591307	0.05420379296354371
6,15,16	0.01176537195279359	0.011165171154196966	0.29202698458558135	-0.030931283690273925	0.05446202759586111
7,8,11	0.006596994557604485	0.011165171154196974	0.5546348273000384	-0.036099661085463065	0.049293650200672036
7,8,12	0.007481588779318676	0.011165171154196973	0.5028248312808483	-0.03521506686374887	0.05017824442238622
7,8,13	-0.025868459986384096	0.011165171154196957	0.020535515176878905	-0.06856511562945158	0.016828195656683385
7,8,14	0.0007315520256523517	0.011165171154196967	0.9477609450652653	-0.04196510361741517	0.043428207668719875
7,8,15	0.005754771834184935	0.011165171154196973	0.6062729319331182	-0.03694188380888261	0.04845142747725248
7,8,16	0.013188812029144015	0.011165171154196985	0.23754102452495693	-0.02950784361392357	0.0558854676722116
7,11,12	0.0067518268988867175	0.01116517115419697	0.5453811516797559	-0.03594482874418081	0.04944848254195425
7,11,13	-0.0069233279906548845	0.011165171154196966	0.535221510848463	-0.0496199836337224	0.03577332765241263
7,11,14	0.013965553146633974	0.01116517115419697	0.21103977181129333	-0.028731102496433555	0.056662208789701504
7,11,15	-0.004185013818384958	0.011165171154196971	0.7077988912257949	-0.046881669461452495	0.03851164182468258
7,11,16	0.027981045126923898	0.011165171154196967	0.012227239657387414	-0.014715610516143625	0.07067770076999141
7,12,13	0.008233117660464306	0.011165171154196962	0.4609056079421986	-0.034463537982603196	0.05092977330353181
7,12,14	0.03448690367309909	0.011165171154196967	0.0020167661873840372	-0.008209751969968433	0.0771835593161666
7,12,15	-0.017809050978399632	0.011165171154196971	0.11074060088899665	-0.06050570662146717	0.024887604664667905
7,12,16	0.005694995498838673	0.011165171154196967	0.6100182935606984	-0.03700166014422885	0.048391651141906196
7,13,14	-0.020915553701421397	0.01116517115419697	0.06106626524242747	-0.06361220934448893	0.021781101941646133
7,13,15	-0.0018524443234697596	0.01116517115419697	0.8682299007146793	-0.04454909996653729	0.04084421131959777
7,13,16	-0.029088164682003148	0.011165171154196973	0.009197878877015049	-0.07178482032507069	0.013608490961064396
7,14,15	0.0034990005712951383	0.01116517115419697	0.7539963114543025	-0.03919765507177239	0.04619565621436267
7,14,16	-0.011073370972556673	0.011165171154196974	0.3213365478042512	-0.053770026615624224	0.03162328467051088
7,15,16	-0.016323432054998782	0.011165171154196974	0.1437826062192717	-0.05902008769806633	0.02637322358806877
8,11,12	0.016686235661521748	0.011165171154196966	0.13508799624189474	-0.026010419981545768	0.059382891304589264
8,11,13	0.007768366234797347	0.011165171154196955	0.48659496848076356	-0.03492828940827013	0.05046502187786482
8,11,14	-0.004289994101435768	0.011165171154196964	0.7008184143738442	-0.04698664974450328	0.03840666154163174
8,11,15	-0.0004118652515499033	0.011165171154196962	0.9705749346342454	-0.043108520894617405	0.0422847903915176
8,11,16	-0.008411400518726214	0.011165171154196954	0.45125592394174285	-0.05110805616179368	0.03428525512434125
8,12,13	0.025157234305204557	0.011165171154196973	0.024274885386261328	-0.017539421337862987	0.0678538899482721
8,12,14	0.023173645645627294	0.011165171154196973	0.037970091373646486	-0.01952300999744025	0.06587030128869484
8,12,15	0.0223793643793333	0.011165171154196967	0.04506267608256101	-0.020317291263734223	0.06507602002240082
8,12,16	-0.012721233957373693	0.011165171154196964	0.2545848007732934	-0.0554178896004412	0.029975421685693816
8,13,14	0.0033936886752320983	0.011165171154196974	0.7611716957615158	-0.03930296696783545	0.04609034431829965
8,13,15	0.013605200333666856	0.01116517115419696	0.22305587061183296	-0.02909145530940064	0.05630185597673435
8,13,16	0.00035574728091319896	0.011165171154196974	0.9745827310742341	-0.04234090836215435	0.04305240292398075
8,14,15	0.0011918692307818501	0.011165171154196962	0.9149909641071123	-0.04150478641228565	0.04388852487384935
8,14,16	0.008866918532063311	0.01116517115419697	0.42712712750921866	-0.03382973711100422	0.05156357417513084
8,15,16	0.0038909421482371254	0.011165171154196974	0.7274821724141246	-0.038805713494830425	0.046587597791304676
11,12,13	-0.023905464595764675	0.01116517115419697	0.03229886709924131	-0.0666021202388322	0.018791191047302855
11,12,14	0.013705921740346794	0.01116517115419697	0.2196490214418109	-0.028990733902720736	0.056402577383414323
11,12,15	0.012402236954293933	0.011165171154196966	0.2666899809148054	-0.030294418688773583	0.05509889259736145
11,12,16	0.004637901627387142	0.011165171154196964	0.6778677541029334	-0.03805875401568037	0.04733455727045465
11,13,14	-0.03202709980542506	0.01116517115419697	0.004135507430034614	-0.0747237554484926	0.010669555837642467
11,13,15	-0.017936860165906718	0.01116517115419698	0.108204250796358	-0.06063351580897428	0.024759795477160847
11,13,16	0.0011804990128690684	0.011165171154196966	0.9157989026510256	-0.04151615663019845	0.043877154655936584
11,14,15	0.003400270269767025	0.011165171154196962	0.7607226518322865	-0.03929638537330048	0.04609692591283453
11,14,16	0.0070253442079773465	0.01116517115419696	0.5292237120388514	-0.03567131143509015	0.04972199985104484
11,15,16	-0.023741284409106	0.011165171154196966	0.03350372329463532	-0.06643794005217352	0.018955371233961515
12,13,14	0.0010057538784258996	0.011165171154196967	0.928226288316043	-0.04169090176464162	0.04370240952149342
12,13,15	-0.017747341190665886	0.01116517115419697	0.11198191529169162	-0.060443996833733415	0.024949314452401644
12,13,16	0.007683898301526049	0.01116517115419697	0.4913457216432948	-0.03501275734154148	0.05038055394459358
12,14,15	0.00660067557901578	0.011165171154196966	0.5544139400366741	-0.036095980064051736	0.049297331222083296
12,14,16	-0.0006557066992423644	0.011165171154196966	0.9531703638036418	-0.04335236234230988	0.04204094894382515
12,15,16	-0.03431013437139438	0.011165171154196967	0.00212676156276842	-0.0770067900144619	0.008386521271673143
13,14,15	0.010597569665600992	0.011165171154196974	0.34256696490017235	-0.03209908597746656	0.05329422530866854
13,14,16	0.008459002486280676	0.011165171154196971	0.44869890844182003	-0.03423765315678686	0.05115565812934821
13,15,16	0.016170709905718283	0.011165171154196962	0.14756847043417806	-0.02652594573734922	0.058867365548785786
14,15,16	-0.005195835563587298	0.01116517115419697	0.6416859042797332	-0.04789249120665483	0.03750082007948023
