10101110010		1115
10110011100		703
10011011001		536
01001111101		535
11000000000		531
10001001000		489
10001111110		476
00010101011		438
00101111101		434
10010001101		432
11110101101		421
00110100111		419
10000011001		418
10101010101		398
01011111101		396
00001111111		387
01000011001		375
11111111011		371
10101111111		370
01110010111		368
01011011011		368
11011101011		363
10001100110		363
11100010110		356
11100100100		355
10011100101		355
01011101101		355
00110000100		351
11000100011		340
10011010111		339
11110000011		338
01010010101		328
10001111111		326
10001111101		326
01010011101		326
11100100001		319
11111100001		317
00001111110		313
11011101101		309
01000011101		309
01101100000		299
10010010100		292
01101000001		287
00110000011		284
11111110011		283
00110111100		281
10011010110		274
00111101100		271
10101111100		270
01111110000		267
00100100110		255
10001001111		248
10100011011		245
10010101101		245
11000000100		244
00101110010		244
00100111000		244
01101011001		242
00001000001		239
10100010101		236
11010111010		235
01100101111		235
11110111101		233
11000101110		232
10011100100		232
01001000101		228
11110100110		227
01101111011		227
10010101110		225
00110101101		224
01110111110		215
01011000000		209
10111001111		202
00101100010		202
00000111100		201
11001001000		199
00010101111		199
01011001101		196
01001001000		195
01110100010		194
11100000111		193
01011001001		192
11011011111		190
01101000010		181
01000100010		177
11011100010		175
11010011010		174
10011001011		173
00001100101		171
00101010110		168
01011001110		167
01000110001		165
11100111100		163
00001100100		162
11100000101		160
01000100111		159
00011101010		158
11111010101		152
11101001111		146
10111100110		145
10101110011		145
11011111011		144
10000001101		144
00000101100		144
10011101100		143
01010000000		142
10101101010		141
10000011101		138
00011101101		137
11111100000		132
01111011100		131
10110110011		130
00000010101		130
11100101100		128
10000000101		127
10110011111		126
00011111101		125
10010011101		124
10000100101		124
10011000010		123
00001101011		123
10001011000		122
10110001111		119
10000111001		117
10010110010		116
01011000110		114
11000010110		111
10110011101		110
00101111111		105
00000011111		101
11001011011		99
00001011101		99
11001101001		98
11001101101		97
01111111100		97
10111011111		90
00010101000		90
11001000100		89
00111101111		88
00011100111		88
00000001111		88
11100110001		87
11101100101		86
10111110010		86
10101011010		86
01111101110		86
10000101011		85
10110001100		84
10011110001		84
01101100010		81
10110110010		79
01101110010		79
10011101001		78
01110001101		78
10011111011		77
10011101101		77
00011001100		76
11111000111		74
10100111010		73
00001000100		73
10000111000		72
01010110011		70
00010001111		70
01100000111		69
10101111101		66
11111110000		65
11101110010		65
11101011101		65
00011001101		65
01110011101		64
11000000001		62
10010010101		62
01100100011		62
11110101000		60
10001001001		59
11111101010		58
01100010100		57
10110000011		56
00101111100		56
00001101101		56
00001000011		56
00000011001		54
01011011101		53
00110100110		53
00000011000		53
10001101111		52
11110100111		51
10011011000		51
01100011111		50
00001001000		50
11110111100		49
10001100111		49
01001111100		49
00111100111		49
11111110010		48
10011100010		48
11010111110		47
01011111100		47
00100011011		47
11101001011		46
11100010111		46
01110010110		46
01001111110		46
11001111101		45
10101000101		45
01110000110		45
01101111101		45
01001111111		45
00011010100		45
11011101010		44
11000100010		44
10101111110		44
00110000101		44
00010000011		44
10101100101		43
10000011000		43
11110101100		42
11000110011		42
10010101111		42
01100110000		42
00110111101		42
00001111101		42
11100100101		41
11001111111		41
11000010101		41
11000000101		41
10101111001		41
01010010100		40
00111001111		40
00011101011		40
11110011100		39
10110000100		39
10011111101		39
01110000011		39
01000011100		39
00001111000		39
11011101100		38
10000000000		38
00111000011		38
11000011001		37
10110101101		37
10101101111		37
10011101011		37
01011101100		37
01000011000		37
00110011100		37
11110000010		36
01110101101		36
01011011001		36
01000100011		36
00010101010		36
10100100101		35
10010100101		35
01101100001		35
11011111101		34
10110100111		34
10101010100		34
01111110001		34
01110011100		34
00111101101		34
00110000010		34
00011010110		34
10110010101		33
10010001100		33
10001110011		33
01101111111		33
01001001001		33
00010101101		33
11111111010		32
11100100000		32
11011011001		32
11010000101		32
11000101111		32
10111110011		32
10111001000		32
10100100100		32
10100010110		32
01011010110		32
00011011001		32
00010101110		32
11111000001		31
10110010111		31
10011001001		31
01110100011		31
01011011010		31
01011001000		31
01000000000		31
00000000000		31
10011011111		30
10001111100		30
01101010101		30
00101100011		30
00100100111		30
00000111101		30
11101010101		29
11001111110		29
10110111101		29
10110100110		29
10100100110		29
10011011011		29
01101111010		29
01101000011		29
01010011100		29
01001000100		29
11100101101		28
10010101011		28
00110101100		28
00101110011		28
11101111101		27
10111110000		27
10111100000		27
10100000111		27
10000010101		27
01111100001		27
01101100111		27
01101011000		27
01101000000		27
01010101011		27
01000010101		27
11100000100		26
11010011011		26
11000011101		26
10100100001		26
10001000101		26
01111101100		26
01100100001		26
00100111001		26
00100010101		26
00000011101		26
11110010111		25
11010001101		25
10111100001		25
10101101011		25
10010101100		25
01111111101		25
01111011101		25
01101110011		25
01011100101		25
00110011101		25
00101010101		25
00011100101		25
11101111100		24
11100111101		24
11010101110		24
10101010110		24
10100010100		24
10011001101		24
10000000100		24
01110111101		24
01100101110		24
01011001111		24
01000000011		24
11011010111		23
11010111011		23
01111010110		23
01110100111		23
01110000100		23
01100100100		23
01011100100		23
01011100000		23
00101010111		23
00100010110		23
11011011110		22
11010010100		22
10101100000		22
10101011001		22
10001101101		22
01011001100		22
01001100110		22
01001000001		22
11101111111		21
11100010101		21
11001000101		21
10111111011		21
10111100111		21
10010011100		21
10001011011		21
10001011001		21
10001000011		21
10000100011		21
01110111111		21
01100010101		21
01000110000		21
01000000100		21
11111101100		20
11100101111		20
11011100101		20
11011011011		20
11011000000		20
11001001001		20
11000111100		20
10100011010		20
10011101010		20
10011000011		20
01110100110		20
01011101011		20
01011010111		20
00111111011		20
00111100110		20
00001000101		20
11111010100		19
11001100110		19
10110100010		19
10110011110		19
10101100010		19
10101001111		19
10011001000		19
10011000000		19
10001011101		19
01000111100		19
00010010100		19
00001100110		19
00001000000		19
11110011101		18
11110000100		18
11101100010		18
11101000001		18
11100011011		18
11010011101		18
10111000000		18
10110001101		18
10001100101		18
10001100001		18
10001000001		18
10000101110		18
01111111011		18
01101111100		18
01011000001		18
01010001101		18
00111100001		18
00101000001		18
00011011111		18
00011000000		18
00010001101		18
11101111011		17
11100100110		17
11011100011		17
11000100111		17
10101011101		17
10100101100		17
10011100111		17
10011001010		17
10001001110		17
10000100010		17
01101101101		17
01100010110		17
01011101010		17
01000100110		17
00100100001		17
11111100010		16
11111001111		16
11110010101		16
11101001110		16
11100000110		16
11011010110		16
10110111100		16
10101000010		16
10101000001		16
10010011010		16
10001101011		16
10000001111		16
01111100110		16
01100101101		16
01100011011		16
01100000110		16
01011011000		16
01011000010		16
01001001111		16
00101111110		16
00011101100		16
00011010111		16
00010011101		16
00010010101		16
11111101111		15
11010101111		15
11010101011		15
10101011011		15
10011110010		15
10001000100		15
10000111100		15
01111110011		15
01111101111		15
01111001111		15
01110111100		15
01101100101		15
01101011101		15
01101001111		15
01100111100		15
01100111000		15
01011111110		15
01011100111		15
01011000111		15
01010101111		15
01010101101		15
01000000101		15
00111110011		15
00110010111		15
00101100000		15
00100000111		15
00011100100		15
00010101001		15
00000101101		15
00000000101		15
00000000100		15
11100111000		14
11011011101		14
11001000001		14
10111011110		14
10111010101		14
10110111110		14
10110011001		14
10110001110		14
10110000101		14
10101010111		14
10100111000		14
10100101111		14
10011011101		14
10011001110		14
10010110011		14
10000100111		14
10000100100		14
10000011111		14
01111110010		14
01111101101		14
01110110010		14
01101100110		14
01011111011		14
01001101011		14
00110111110		14
00101000110		14
00100101111		14
00010100110		14
00001110010		14
00000100011		14
11110011111		13
11101110011		13
11101100000		13
11101011001		13
11101010110		13
11010101101		13
11000010100		13
10111101101		13
10111101100		13
10101111011		13
10011111100		13
10011100110		13
10011010101		13
10001001101		13
10000111101		13
10000011100		13
01110011111		13
01101100011		13
01100110001		13
01100100110		13
01011011111		13
01010000001		13
01000101110		13
00111100000		13
00110110010		13
00110000000		13
00011111011		13
00011001001		13
00011000010		13
00001111100		13
00001101010		13
00000010100		13
11101011100		12
11011001001		12
11011000010		12
11010010101		12
11001001111		12
10111001110		12
10110010110		12
10100111100		12
10011100011		12
10001110010		12
01111010101		12
01101111110		12
01101010110		12
01011111111		12
01011110010		12
01010111010		12
01010011010		12
01001101101		12
00110011111		12
00101111011		12
00010111010		12
00010110010		12
00000100101		12
11111011111		11
11110111110		11
11011111010		11
11011101001		11
11011100111		11
11011100100		11
11011000011		11
10101101110		11
10101000000		11
10100000101		11
10011110000		11
10011001100		11
10000101101		11
01111100000		11
01110110011		11
01100101100		11
01011010101		11
01011000011		11
01010101110		11
01001100101		11
01001011000		11
01000101100		11
00110101110		11
00100100100		11
00010000000		11
00001101100		11
00001011100		11
00000101110		11
11111111111		10
11111111101		10
11111110001		10
11111101011		10
11111011001		10
11110001100		10
11101000010		10
11001111100		10
11000101100		10
11000001101		10
10111011100		10
10101101101		10
10101000100		10
10011011100		10
10010111010		10
10001011100		10
10000101010		10
10000001100		10
10000000001		10
01110000010		10
01100000101		10
01011100010		10
01011000100		10
01001110010		10
01001000000		10
01000011111		10
01000001101		10
00111110000		10
00111101110		10
00110110011		10
00110100011		10
00110100010		10
00110010101		10
00101011001		10
00100111100		10
00011100110		10
00011011101		10
00010011010		10
00000001101		10
11111101101		9
11111100111		9
11111100110		9
11111010110		9
11111000000		9
11110100010		9
11110010110		9
11101111110		9
11100111001		9
11100110010		9
11100110000		9
11100010100		9
11011111100		9
11011100001		9
11011011000		9
11011001101		9
11010110010		9
11010000000		9
11001101100		9
11001100010		9
11000110001		9
11000011111		9
11000011000		9
11000001111		9
10111101111		9
10111101010		9
10110111111		9
10011111110		9
10011111010		9
10011001111		9
10010000101		9
10010000000		9
10001101001		9
01100011001		9
01011110011		9
01011010100		9
01001101111		9
01001100111		9
01000111000		9
01000010100		9
00110010110		9
00101000000		9
00100100011		9
00011111100		9
00011110010		9
00011011011		9
00011010101		9
00011001011		9
00001011011		9
00001001001		9
00000101111		9
11111111100		8
11110111111		8
11110110010		8
11110101001		8
11101101101		8
11100011001		8
11011001110		8
11011001100		8
11001100111		8
11001000011		8
11000111101		8
11000111001		8
11000000011		8
10111111010		8
10111011001		8
10111000011		8
10110111011		8
10110011011		8
10110010100		8
10101111010		8
10101100111		8
10011111111		8
10011000110		8
10010101010		8
10010011011		8
10010010110		8
10001101100		8
01111011000		8
01110010101		8
01101011010		8
01100000100		8
01011100110		8
01011011100		8
01011001011		8
01011000101		8
01010111101		8
01010110010		8
01010000101		8
01001011101		8
01001000011		8
01000011011		8
01000000010		8
01000000001		8
00110101011		8
00110001101		8
00101101010		8
00101000010		8
00011110001		8
00011101111		8
00001110011		8
00001001111		8
00001000010		8
00000101011		8
00000011110		8
11111101110		7
11110110011		7
11110101011		7
11101100011		7
11101011010		7
11100101011		7
11100011111		7
11100011101		7
11100001101		7
11100000000		7
11011010101		7
11011001011		7
11010110011		7
11010011100		7
11010001111		7
11001100100		7
11001011101		7
11001011100		7
11001011010		7
11000101011		7
11000100101		7
11000011100		7
11000000010		7
10111100011		7
10111000111		7
10110101100		7
10101100110		7
10101100100		7
10101011100		7
10100111101		7
10100110001		7
10100100000		7
10100010111		7
10011101000		7
10011100001		7
10011000101		7
10011000100		7
10001111011		7
10000101100		7
10000010110		7
10000010100		7
10000000011		7
01111100111		7
01110101000		7
01101011011		7
01101010111		7
01100010111		7
01100000011		7
01011111010		7
01011110001		7
01011100011		7
01010101000		7
01010001111		7
01001100100		7
01001010101		7
01000111101		7
01000100101		7
01000100100		7
01000010110		7
01000001111		7
00111110010		7
00111011100		7
00111010101		7
00110101111		7
00110011001		7
00110001100		7
00101111010		7
00101110000		7
00101101101		7
00101100110		7
00101100001		7
00101001111		7
00100101100		7
00011100010		7
00011000110		7
00010110011		7
00010011001		7
00010001110		7
00010001100		7
00010000100		7
00001100111		7
00000110010		7
00000011100		7
00000000001		7
11111001110		6
11111000100		6
11110101110		6
11110011001		6
11110001111		6
11110001110		6
11110001001		6
11110000000		6
11100011010		6
11100011000		6
11011111111		6
11011111110		6
11011110001		6
11011101111		6
11011011100		6
11011001000		6
11011000110		6
11010100101		6
11010000011		6
11001101000		6
11001011001		6
11001000000		6
11000100100		6
11000010111		6
11000001001		6
10111111100		6
10111101110		6
10111100010		6
10111011101		6
10111000001		6
10110000010		6
10110000001		6
10101011111		6
10101001011		6
10101000011		6
10100011111		6
10011010100		6
10010111101		6
10010111011		6
10010001111		6
10001101110		6
10001000000		6
10000110011		6
10000110001		6
01111011001		6
01111010100		6
01110101100		6
01110011001		6
01110001111		6
01110000111		6
01101111000		6
01101101011		6
01101101010		6
01101001000		6
01100100010		6
01011101111		6
01011101001		6
01011001010		6
01010100101		6
01010001100		6
01001110011		6
01001101001		6
01001100010		6
01001010110		6
01001000010		6
01000111001		6
01000110011		6
01000101101		6
00111111101		6
00111111100		6
00111011101		6
00111011001		6
00101100101		6
00101100100		6
00100111101		6
00011111010		6
00011101001		6
00010111110		6
00010011100		6
00000100110		6
00000100010		6
00000011011		6
00000010110		6
11111100101		5
11111000101		5
11110111010		5
11110000101		5
11110000001		5
11101101010		5
11101001010		5
11101000100		5
11100111110		5
11100100111		5
11100100011		5
11010111101		5
11010101010		5
11010101000		5
11001100101		5
11000111111		5
11000110010		5
11000101101		5
11000100110		5
11000000111		5
10111110001		5
10111001101		5
10111001001		5
10110101001		5
10110100101		5
10110100100		5
10110001000		5
10101110001		5
10101110000		5
10101100011		5
10101011000		5
10101001000		5
10100100111		5
10100100011		5
10100011100		5
10100000100		5
10011101111		5
10010100110		5
10010100100		5
10010100010		5
10010100001		5
10010011001		5
10010001000		5
10010000100		5
10001111010		5
10001100000		5
10001011010		5
10001010110		5
10001010101		5
10001010100		5
10001000111		5
10000111111		5
10000100110		5
01111111111		5
01111111010		5
01111100100		5
01111011111		5
01110101111		5
01110100001		5
01110011110		5
01110010100		5
01110001100		5
01110000101		5
01101100100		5
01101011100		5
01101010100		5
01101000100		5
01100100101		5
01010111110		5
01010000011		5
01001111010		5
01001101110		5
01001101100		5
01001011111		5
01001011011		5
01001001101		5
01000111011		5
01000110010		5
00111101011		5
00111100101		5
00111011111		5
00111010100		5
00110111011		5
00110101000		5
00110100101		5
00110011011		5
00101101111		5
00101101011		5
00101011101		5
00101000101		5
00101000011		5
00100111011		5
00100011100		5
00100011010		5
00100010111		5
00100000011		5
00011111111		5
00011110011		5
00011011000		5
00010111111		5
00010111101		5
00010100111		5
00010100100		5
00010011000		5
00001111011		5
00001001101		5
00000111000		5
00000110001		5
11111011100		4
11111001000		4
11111000110		4
11111000011		4
11110100100		4
11110100011		4
11110011000		4
11101100001		4
11101001101		4
11100111011		4
11100110011		4
11100101010		4
11100011100		4
11100001111		4
11100001000		4
11100000011		4
11011110010		4
11011101110		4
11011101000		4
11011100110		4
11011010100		4
11011000001		4
11010111111		4
11010111000		4
11010011001		4
11010010111		4
11010001100		4
11001111011		4
11001110011		4
11001110010		4
11001101111		4
11001101110		4
11001011000		4
11000110000		4
11000101010		4
11000100001		4
11000001011		4
10111111111		4
10111100101		4
10111011011		4
10111000010		4
10110111000		4
10110101110		4
10110101010		4
10110101000		4
10110100011		4
10110100001		4
10110100000		4
10110000000		4
10101111000		4
10101101100		4
10101100001		4
10101001100		4
10101001010		4
10101000111		4
10101000110		4
10100111011		4
10100110000		4
10100101101		4
10100011101		4
10100000110		4
10011100000		4
10010111110		4
10010110000		4
10010011111		4
10010000011		4
10010000001		4
10001100100		4
10001011111		4
10001010111		4
10000111011		4
10000101111		4
10000001000		4
10000000111		4
10000000010		4
01111111110		4
01111101010		4
01111010111		4
01111000000		4
01110111011		4
01110101110		4
01110000001		4
01110000000		4
01101001101		4
01101000110		4
01100111111		4
01100111011		4
01100111010		4
01100100111		4
01010111011		4
01010100111		4
01010010111		4
01010010110		4
01010001110		4
01001100000		4
01001011100		4
01001011001		4
01001010111		4
01000111111		4
01000101011		4
01000001000		4
00111101010		4
00111100100		4
00111010110		4
00110100100		4
00110010100		4
00110000001		4
00101110001		4
00101100111		4
00101011010		4
00100111010		4
00100110001		4
00100110000		4
00100101110		4
00100100101		4
00100100000		4
00100011001		4
00100001111		4
00100000101		4
00100000100		4
00100000000		4
00011111000		4
00011001111		4
00011001110		4
00011000100		4
00010111100		4
00010101100		4
00010100101		4
00010100001		4
00010011011		4
00010000010		4
00001101111		4
00001101001		4
00001100001		4
00001010110		4
00001010101		4
00000111010		4
00000100111		4
00000001110		4
11111111110		3
11111100011		3
11111011101		3
11111010111		3
11110100101		3
11110100001		3
11110001101		3
11110001000		3
11110000111		3
11110000110		3
11101110000		3
11101100111		3
11101100110		3
11101100100		3
11101011111		3
11101011000		3
11101001000		3
11101000101		3
11101000011		3
11101000000		3
11100111111		3
11100100010		3
11100001100		3
11100001001		3
11100000010		3
11011111001		3
11011001111		3
11011000100		3
11010100110		3
11010100010		3
11010000001		3
11001101011		3
11001010101		3
11001001110		3
11001001100		3
11000111011		3
11000111000		3
11000100000		3
11000011110		3
11000011011		3
10111111110		3
10111010110		3
10111000101		3
10110000110		3
10101001110		3
10100111001		3
10100110010		3
10100101010		3
10100011001		3
10100000001		3
10011110011		3
10011101110		3
10011011110		3
10011011010		3
10011000001		3
10010111111		3
10010111100		3
10010100111		3
10010011000		3
10010001110		3
10010001001		3
10001110000		3
10001101010		3
10001001100		3
10001000010		3
10000111010		3
10000110000		3
10000100000		3
10000011011		3
10000011010		3
10000010111		3
01111100010		3
01111011011		3
01111000111		3
01111000011		3
01110100101		3
01110011011		3
01110011010		3
01110011000		3
01110001110		3
01110001001		3
01101001011		3
01100111101		3
01100011110		3
01100011100		3
01011110000		3
01011101110		3
01011100001		3
01010110001		3
01010110000		3
01010100110		3
01010011001		3
01010001000		3
01010000100		3
01001111011		3
01001101010		3
01001100011		3
01001001010		3
01001000111		3
01000111110		3
01000111010		3
01000101111		3
01000011010		3
00111010111		3
00111001110		3
00111000111		3
00110111111		3
00110101010		3
00110100001		3
00110001111		3
00110000110		3
00101111001		3
00101101110		3
00101011111		3
00101010100		3
00101001000		3
00100101011		3
00100100010		3
00100010100		3
00011100011		3
00011100001		3
00011011100		3
00011001000		3
00011000101		3
00011000011		3
00011000001		3
00010111011		3
00010111000		3
00010100011		3
00010100010		3
00010000101		3
00001111010		3
00001110000		3
00001100010		3
00001011010		3
00001011001		3
00001011000		3
00001010100		3
00001001110		3
00000111110		3
00000111001		3
00000110011		3
00000010111		3
00000000111		3
11111011110		2
11111011010		2
11111011000		2
11111001101		2
11111000010		2
11110111000		2
11110110001		2
11110110000		2
11110100000		2
11110011110		2
11110011011		2
11101111001		2
11101110001		2
11101101110		2
11101101100		2
11101101011		2
11101011011		2
11101010100		2
11100111010		2
11100101000		2
11100000001		2
11011111000		2
11011110011		2
11011100000		2
11011000101		2
11010111001		2
11010101100		2
11010101001		2
11010011111		2
11010001011		2
11010001000		2
11010000100		2
11001111010		2
11001100011		2
11001100001		2
11001100000		2
11001011111		2
11001001011		2
11000111110		2
11000111010		2
11000001100		2
11000001000		2
11000000110		2
10111111101		2
10111111000		2
10111101011		2
10111010111		2
10111000100		2
10110101011		2
10110011010		2
10110001001		2
10101101001		2
10101001101		2
10101001001		2
10100110011		2
10100101110		2
10100101011		2
10100011000		2
10100001000		2
10100000011		2
10100000000		2
10011111000		2
10011000111		2
10010111001		2
10010010111		2
10010000111		2
10010000010		2
10001111000		2
10001110001		2
10001100011		2
10000110010		2
10000101001		2
10000100001		2
01111111001		2
01111101011		2
01111011010		2
01111001110		2
01111001000		2
01111000010		2
01111000001		2
01110111010		2
01110110000		2
01110100100		2
01110100000		2
01110001000		2
01101111001		2
01101110000		2
01101101111		2
01101101001		2
01101011111		2
01101011110		2
01100111001		2
01100110010		2
01100101011		2
01100100000		2
01100001110		2
01100001000		2
01100000001		2
01100000000		2
01010111100		2
01010101010		2
01010100010		2
01010100000		2
01010011111		2
01010011110		2
01010011011		2
01010011000		2
01001110001		2
01001101000		2
01001100001		2
01001011010		2
01001001100		2
01001001011		2
01000100000		2
01000011110		2
01000010111		2
01000001100		2
01000001001		2
00111111110		2
00111111010		2
00111110001		2
00111100010		2
00111011110		2
00111011011		2
00111011000		2
00111001000		2
00111000010		2
00110111001		2
00110011110		2
00110001001		2
00110001000		2
00110000111		2
00101111000		2
00101101100		2
00101011011		2
00101001110		2
00101001101		2
00101001011		2
00101000100		2
00100111111		2
00100110011		2
00100011111		2
00100001100		2
00100001000		2
00100000110		2
00100000010		2
00011111110		2
00011101000		2
00011100000		2
00011011010		2
00010010111		2
00010010110		2
00010000111		2
00010000001		2
00001111001		2
00001101110		2
00001100000		2
00001000111		2
00000110000		2
00000101010		2
00000100001		2
00000011010		2
00000001100		2
00000001000		2
11111111001		1
11111111000		1
11111110101		1
11111100100		1
11111010001		1
11111001100		1
11111001011		1
11111001001		1
11110111011		1
11110101010		1
11110011010		1
11110010100		1
11101111010		1
11101111000		1
11101101111		1
11101011110		1
11101001100		1
11101000110		1
11100101110		1
11100101001		1
11100011110		1
11100010011		1
11100001010		1
11011110000		1
11011011010		1
11011000111		1
11010111100		1
11010100111		1
11010100100		1
11010100001		1
11010100000		1
11010010110		1
11010001001		1
11010000111		1
11010000110		1
11001110001		1
11001101010		1
11001010111		1
11001010110		1
11001010100		1
11001000111		1
11001000110		1
11001000010		1
11000101001		1
11000011010		1
11000010011		1
11000001110		1
10111110110		1
10111101001		1
10111100100		1
10111011000		1
10111001100		1
10111000110		1
10110111010		1
10110111001		1
10110110111		1
10110110001		1
10110110000		1
10110101111		1
10110011000		1
10110000111		1
10101110110		1
10101110101		1
10101011110		1
10100111111		1
10100111110		1
10100100010		1
10100001001		1
10100000010		1
10011111001		1
10010101000		1
10010100011		1
10010100000		1
10010011110		1
10010010010		1
10010010000		1
10010000110		1
10001111001		1
10001101000		1
10001011110		1
10001000110		1
10000011110		1
10000001110		1
10000001011		1
10000001001		1
10000000110		1
01111111000		1
01111100101		1
01111100011		1
01111001101		1
01111001011		1
01111000110		1
01110111001		1
01110111000		1
01110110001		1
01110101011		1
01110101010		1
01110101001		1
01110010000		1
01110001011		1
01110001010		1
01101101100		1
01101001110		1
01101001100		1
01101000111		1
01101000101		1
01100111110		1
01100110011		1
01100101000		1
01100011101		1
01100011010		1
01100001101		1
01100001011		1
01100000010		1
01011111001		1
01011111000		1
01011101000		1
01011011110		1
01010111111		1
01010111000		1
01010101001		1
01010100100		1
01010100001		1
01010010011		1
01001111001		1
01001111000		1
01001001110		1
01000101010		1
01000101001		1
01000101000		1
01000001110		1
01000000111		1
00111111111		1
00111111001		1
00111111000		1
00111101001		1
00111011010		1
00111001101		1
00111000100		1
00111000001		1
00111000000		1
00110111010		1
00110110000		1
00110101001		1
00110011010		1
00110011000		1
00110001011		1
00101110111		1
00101101001		1
00101101000		1
00101011110		1
00101011000		1
00101001001		1
00101000111		1
00100111110		1
00100101101		1
00100101010		1
00100101001		1
00100011000		1
00011110000		1
00011101110		1
00011000111		1
00010111001		1
00010110000		1
00010100000		1
00010011111		1
00010011110		1
00010001001		1
00010001000		1
00001101000		1
00001100011		1
00001011111		1
00001011110		1
00001010111		1
00001001011		1
00000111111		1
00000101001		1
00000001001		1
00000000011		1
00000000010		1
