01011110011		1851
01010100111		1823
10000100110		1796
10000111101		1656
01011111101		1654
10011110010		1606
01010100011		1602
01010100101		1573
10000111100		1569
10000001100		1546
10010000111		1496
10010111111		1495
01011111100		1491
01010111101		1489
01010100110		1478
10001111100		1464
00011001100		1461
01011011111		1450
10010100111		1449
01000100110		1449
01010101101		1434
01000100111		1428
01001100011		1420
10000100100		1417
01011100010		1415
10001100111		1394
11011111101		1392
01011000000		1391
10000111111		1381
01010001111		1381
01100100111		1379
01011100011		1378
00100100111		1375
10000100101		1369
10001110011		1360
01010111111		1360
00011011101		1357
01000000111		1346
01000100101		1345
01001111101		1341
00100100110		1336
10001001101		1330
01010011100		1329
10100100111		1321
01010110011		1318
11010100101		1317
10010111100		1311
10011111100		1310
01001100010		1307
01010011111		1302
10001001111		1297
01001100111		1295
01001011000		1288
10010100101		1284
01011001100		1283
10101100011		1282
10001011000		1281
10001100011		1278
10111111111		1275
01010111100		1275
10000001110		1270
10000011111		1269
00101100011		1269
10000001101		1264
01000001101		1264
01000011111		1262
01111101111		1261
00001100001		1261
10010111101		1258
10000000111		1252
10010011101		1250
10001001100		1250
01010011101		1243
01011001111		1241
11001011101		1240
11010111111		1238
01110100101		1238
00010100100		1237
10001111111		1236
10000111110		1235
11010101111		1234
00110100111		1234
10011001101		1231
01000101101		1225
01001100100		1222
11000100110		1221
10000100111		1221
01000001111		1218
01000001011		1216
10001011011		1215
01111100101		1214
10001011100		1212
10001100010		1210
00100111111		1210
00010011101		1208
11000100100		1207
01000100100		1206
01011001101		1202
01010000111		1202
00111111100		1202
10101011100		1201
01011000001		1200
01010001101		1200
11011011111		1199
10000101100		1196
01111001111		1195
00101100110		1194
01000111111		1193
10010100110		1189
10001101011		1188
10011011100		1186
01011100101		1185
11010100111		1183
01001011101		1183
10001000011		1181
01010010111		1181
10011001111		1178
01011001110		1178
00011110011		1178
00110001111		1176
10100011111		1175
10101100111		1174
11001100111		1173
00000111100		1173
10111011101		1168
01001001111		1168
10010101101		1167
10000011101		1167
11110100110		1163
11110001100		1160
10001011111		1160
01100111111		1160
10001001110		1159
10101110011		1158
10010001110		1154
01001001100		1154
00111111101		1154
01001111111		1147
00000100100		1147
10101100101		1146
01111001101		1146
00001011101		1146
11001111111		1144
10111001100		1143
00001100011		1143
00100011100		1142
10000001011		1139
10011110000		1137
10000100010		1137
00010001111		1137
10111100111		1136
00010001101		1136
11110111111		1134
11110100111		1133
10011110011		1133
11010111101		1132
11010100100		1132
01000000101		1132
01001111100		1131
10010100001		1127
10110111111		1125
01110100100		1124
01110111110		1121
01010101100		1120
00010100111		1120
10001110001		1119
01011100000		1116
01101100111		1115
01001011111		1115
10001101001		1114
00001001100		1114
10011101101		1113
00000111011		1113
01011010111		1112
10110011101		1111
10100100110		1110
10010100100		1110
10001100001		1109
01000001100		1109
00100001101		1109
01000111101		1108
10000001111		1105
10011011101		1104
10010110011		1104
01011000111		1103
01000111100		1103
10101111111		1102
00111111110		1102
00000011111		1102
10111001101		1100
10100111111		1099
00101100111		1099
10010111110		1098
10011010110		1096
01010100100		1096
00111110000		1096
10000010111		1095
10010001011		1093
01100000111		1093
00011111111		1093
10011101011		1091
10001100110		1091
01011011110		1091
01001110011		1091
00100111101		1091
10010001101		1090
10110001100		1089
01110100111		1089
10100100011		1088
11011011011		1087
10110100111		1087
00010100101		1087
10111111000		1086
11010111100		1085
01000100010		1085
10010001111		1084
01000001110		1084
01011011001		1082
01011110001		1081
00001111111		1081
10101110000		1080
11100100100		1079
10110011111		1079
10101100100		1078
01011100110		1078
10011100011		1076
00010101100		1075
01001100101		1074
01111111100		1073
01110001100		1072
10101110010		1071
00000001101		1071
11000001001		1069
10011001011		1069
10111111100		1067
01011011100		1067
00011011100		1067
00010100011		1067
01110111101		1066
00111001100		1066
00111001101		1065
10111100011		1062
01010001110		1059
00101011100		1058
00000100111		1057
10000101101		1055
00011111101		1054
11000111001		1053
01100010111		1052
01001011110		1052
00100000111		1052
11001101011		1050
10010101111		1049
10001111101		1049
00110111100		1049
01011001011		1047
10001101100		1046
10011100010		1045
01011100001		1045
00011100001		1045
00011011011		1043
11000111101		1042
01110100011		1042
01001001101		1042
10111110001		1041
10011011001		1041
10010011111		1041
10001101101		1041
01001011001		1040
11001101001		1038
01000101100		1038
10111011011		1036
11000001011		1035
00010111110		1035
10110100100		1034
00101011101		1034
10011111110		1032
00011100010		1031
00000111110		1031
10111110010		1030
10101110001		1030
00110111111		1029
00001111100		1029
00000011101		1029
11010100001		1028
11000001111		1028
10000011100		1028
01011110010		1028
00101100010		1027
00100001111		1027
10110001111		1024
10010111011		1024
01110111111		1024
11110011101		1023
10000010110		1023
00011100011		1023
10110100110		1022
10100010111		1022
00001011100		1022
00000000111		1022
10001000001		1021
01011011101		1021
11010011101		1019
10010010101		1019
01001010111		1018
00100101100		1018
01011100111		1017
10001100000		1016
01110101101		1016
10010100011		1015
10001000000		1015
11001001100		1014
10011011010		1012
00110101101		1012
10011011110		1011
10011100111		1010
00000100010		1010
10110100011		1009
10011000010		1009
00000100110		1008
11101110001		1007
10100101101		1007
01011000101		1006
01010100001		1006
00010111100		1005
00000111111		1005
01111111101		1003
00100101111		1002
00011001011		1002
10001110010		1001
10000011011		1001
01001000011		1001
11101100111		1000
10100111101		1000
10110000111		999
00010000111		999
11100101101		997
11010100011		997
10101011111		997
00101111101		997
11001111110		995
10010101110		995
11111001101		993
11000011100		993
10101100010		993
01001101111		993
11110111101		992
00011100000		992
11010011111		991
01111011011		991
01101100000		990
01000101111		990
11000100101		989
10011011011		989
10000011001		989
00111011011		989
11110010111		988
01111010110		987
01001111011		987
01001011100		987
11101001010		986
00111111111		985
00100111110		983
00010100110		983
10100100101		982
01011001010		982
01010001100		982
10000001010		981
01010000110		981
01111100110		980
10001011001		979
10011001100		978
01001011011		977
00111100100		977
00001010111		977
11010001011		976
10011101010		976
01011101011		975
10100001111		974
10011001000		974
01111100001		974
00101001111		974
10110001000		973
10011000111		973
00101100001		973
10001000111		972
01110101111		972
01111010111		971
01101111110		971
01011111011		971
10110111110		970
01000011100		969
00100011110		969
11111111111		968
10110111011		968
10010101100		968
01010100010		968
00001111110		968
00111010111		967
11011011101		966
10010110010		966
10110101100		965
10111010111		964
11010001111		963
10001011110		963
01101110011		963
11100111111		962
01101000011		962
00101001101		962
01111001100		961
00010010101		961
01100100100		960
01010110010		960
00011011010		959
11111100011		958
10101011101		958
11000010101		957
01001101101		956
11110000110		955
11011001101		955
10101100000		955
10011101100		955
10000110011		955
01011011010		954
01001100000		954
00101111111		954
00011010111		954
10111111010		953
10100111011		953
10001001011		953
10001001010		953
01100001110		953
01011010110		953
00010111010		953
11001000111		952
11000001101		952
10110100101		952
00001101011		952
11100111011		950
10111111101		950
10110011100		950
10010011100		950
11001001101		949
10001010111		949
01011101000		949
01000011110		949
00101100100		949
01100001111		948
00111100011		948
00101000011		948
10101111101		947
00011101000		947
11000111100		946
10001100100		946
10001001000		946
10110111000		945
01111111110		945
01010101110		944
01001000010		944
11111100010		943
10100001110		943
01000100011		943
11011111100		942
10010011001		942
11010100110		941
11001110011		940
11010011100		938
10110001101		937
10010010111		937
01001111110		937
00011110000		937
11110001110		936
10011111111		936
11000100111		935
10101100110		935
10101100001		935
01100111101		935
01011001000		935
00101110011		935
01111100111		934
11111111100		933
10000101110		933
01001110010		933
01000000110		933
00111011100		933
00011001101		933
11001100010		932
10101111110		932
01011011011		931
10001011101		930
11100001100		929
10101010111		928
01100111011		927
01011000011		927
00010001100		927
10010000110		926
10001100101		926
01011111010		926
01010010101		925
00010111101		925
00010000110		925
00000001111		925
10011011111		922
01011101100		920
00011001111		920
01011000100		919
01010001010		919
01010000101		919
11001000001		918
00110001110		918
11110011100		917
11010001100		916
10111100001		916
11110001111		915
10000000110		915
01001001000		915
00001110011		914
01100100101		913
00100001110		913
11101100000		912
11011001011		912
00001100111		912
11111011110		911
11000011111		911
00010111111		911
11011100111		910
10001110000		910
10001010101		910
01000011101		910
00110101111		910
10100111100		909
10100100000		909
00011100111		909
00011100110		909
00001011000		909
11011100110		908
10001010110		908
10001000101		908
01010010100		908
11101111101		907
10011010111		907
00010001110		907
10011111101		906
01010001011		906
10001001001		905
00011111100		905
10111001111		904
10100101100		904
10100001100		904
10000001001		904
01111001110		904
00001001111		903
01111011111		902
01001011010		902
00101100000		902
11101001100		901
11011001100		901
10100011110		901
01101100011		901
00001001101		901
11110100100		900
00010010111		900
10111111001		899
10100000111		899
10000010101		899
00110100110		899
00001111101		899
10001101110		898
01000111001		898
00011111001		898
11111100101		897
10110111100		897
10101001100		897
10000100011		897
01110001101		897
01011111111		897
10010011010		896
11111111101		895
11011100100		895
01110100110		895
10001000010		894
01010111011		894
00110100101		894
00001000100		894
11100101110		893
01111101001		893
11011100101		892
11010101101		892
10100100001		892
10011000101		892
01001000001		892
11000011110		890
01011011000		890
10110111101		889
01101101111		889
01011110000		889
10111000111		888
00111101011		888
00100101110		888
10010001100		887
10000000101		887
00110000111		887
11010100000		883
11010001001		883
11001110010		883
10011100000		883
00101101101		883
11001101000		882
10100100100		882
10000101111		882
00011011111		882
00001011111		882
11000011101		881
11001011111		880
10101000011		880
01011000010		879
10011101001		878
00010100000		878
11101000000		877
10001011010		877
00000011100		877
11111110001		876
01101000010		876
01000111110		876
00110000100		876
00000101101		876
00000010101		876
11100001011		875
10111000000		875
01110001110		875
01010011110		875
00101000111		875
10011001110		874
10011000001		873
01101111111		873
01011101010		873
00111001111		873
00101010111		873
00011000111		873
11001001111		872
11001001000		872
10110100000		872
10011000100		872
10100001101		871
01100001100		871
10100101111		870
00101111100		870
00100111100		870
00010001011		869
11101110000		868
01001101000		868
00011000010		868
11111100111		867
10010111010		867
01110000100		867
01011001001		867
11000111111		866
10111011110		865
01101101011		865
00000100011		865
10010011011		864
00000000110		864
10010010100		863
00001101101		863
10000010100		862
11000110011		861
01010111000		861
00101011011		861
11110101111		860
11000101011		858
01101100100		857
11000111000		856
00011000000		856
10111000001		855
10101001101		855
10010000101		855
00110101100		855
01110010111		854
00000101001		854
00000010100		853
11011110010		852
00011011001		852
00001011110		852
10101001111		851
11010000101		850
01111011101		850
01101010111		850
01111101011		849
01000111011		849
11001110001		848
10000111010		848
01100111100		848
11100011100		847
10111111011		847
10001101010		847
01010000100		847
00111011001		847
00000101100		847
11110111011		845
01111100011		845
10001000100		844
01111000111		844
11111001111		843
01110111100		843
01101011011		843
00101001110		843
11100001101		842
11011100011		842
10100011100		842
01010111001		842
00111000111		842
00010010110		842
10111100110		841
10110101101		841
01110001111		841
10010010110		840
11111001100		839
10111011111		839
01111011100		839
10001101111		838
01110000111		838
01101001011		838
10111101001		837
01101111101		837
00100100101		837
00010011100		837
11100011111		836
11001100011		836
11000100011		836
10111111110		836
10010000100		836
01111101110		836
01101100010		836
10000111000		835
01101001111		835
00110010111		835
11001100001		834
01101100110		834
00100010111		834
10111101101		833
01011101001		833
00101110010		833
00001110010		833
11101010100		832
10110100010		832
01110011110		831
00011111110		831
11001101010		830
10011001010		830
10001111110		830
00001001000		830
01111110011		829
11000000111		828
00001100000		828
10001010100		827
10100111001		826
10100010100		826
10111000101		825
10000011110		825
01010101111		825
01001000000		825
00010101011		825
11111000101		824
11010101011		824
11010001101		824
00100111011		824
00001011001		824
11011101000		823
10001111011		823
00111000000		823
00011101100		823
00011101010		823
11010010111		822
10000111011		822
01101011001		822
00011101101		822
11111000000		821
00111001011		821
10111001110		820
01100011100		820
00111011111		820
11110111001		819
01111110001		819
00111100110		819
11011110011		818
01010001000		818
00100100100		818
00000111101		818
00000100101		818
11000101101		817
01000001010		817
10111011001		816
01111111111		816
00000011110		816
00101001001		815
00010011111		815
10111100100		814
10110010111		814
10101101111		814
01001100110		814
00011110010		814
11000111110		813
00101000010		813
11001011110		812
01110111010		812
11010111011		811
10011011000		811
00111100111		811
00001001011		810
00000001110		810
10111110000		809
10101111100		809
01100100110		809
10101011110		808
01011010100		808
01010111110		808
00011000011		808
11100010110		807
01101001100		807
01010011011		807
00110111101		806
00101101011		805
10111011100		804
11101100001		802
10100001011		802
00110011100		802
11001000100		801
10000000000		801
11100001111		800
11011011100		800
01101111100		800
01010101011		799
00000011001		799
11010000100		798
10100010110		798
01101000001		798
01010011001		798
10111101011		797
10110000011		797
01101001101		797
00010011110		797
11101100011		796
10100010101		796
11000101110		795
01011010101		795
00100100001		795
11011000111		794
10111000010		794
01010010110		794
00000010111		794
10101010101		793
10011100110		793
00000000101		793
11001111001		792
10111100010		792
11111011100		791
11101010111		791
10011000110		791
00100100011		791
00011010110		791
11000000110		790
01000100001		790
00010010100		790
11100100101		789
11000101111		789
11111101011		788
11110011110		788
11001101100		787
00010101111		787
01101110000		786
01100010110		786
00000001001		786
01110011101		785
01100100001		785
01100001101		785
01011101101		785
01000010101		785
00110000110		785
00000111010		785
11000010111		784
01100101100		784
00010110000		784
00010000100		784
11111100110		783
10101011001		782
10011010100		782
10010101010		782
01000010111		782
00111101101		782
00111011101		782
01001110001		781
11011111111		780
00000110011		780
10011100100		779
01100001011		779
00101000101		778
10100111110		777
01011101110		777
00001111000		777
10111100000		775
01010101000		775
00011000100		775
11101110011		774
00011101011		774
00010100001		774
10101101011		773
01100010100		772
11111011000		771
11000000100		771
10110101011		771
10000111001		771
01010111010		771
01001001110		771
00111011000		771
00001011011		771
11001111101		770
10010110000		770
10001111010		770
00110001011		770
11111011101		769
01011000110		769
11110101101		768
11110010110		768
10111101110		768
01111000010		768
00010000101		768
01111110000		767
00000101011		767
01111011000		766
00111110011		766
00101011111		766
11010101100		765
10011001001		765
01111000110		765
00001001001		765
00001000011		765
11101101101		764
11100100111		764
11100000111		764
11010111110		764
10011111010		764
11111111010		763
11101100101		763
11001110000		763
10100100010		763
00001010101		763
11110000101		762
10011101000		762
01100101111		762
11011101100		761
01000101110		761
00111110001		761
00000001100		761
11110101110		760
11111101010		759
11100111000		759
11010100010		759
01110010101		759
00011010100		759
01101001110		758
00100011111		758
00010000011		758
11111010111		757
10101111011		756
01101011100		756
01010100000		756
11001000010		755
01001110000		755
00001101100		755
00001000111		755
10111011010		754
10101011011		754
01111111001		754
00110101011		754
11001011011		753
11000001110		753
01111011001		753
01101101000		753
01100111110		753
01001101100		753
01000110011		753
00110011101		753
00110011011		753
11101111111		752
01101011101		752
00001000010		752
01011111001		751
01001010100		751
00001101111		751
00000011000		751
11000001000		750
00101111110		750
00001100110		750
00001100010		750
11101110010		749
11100001001		749
11010110001		749
11010101110		749
01101001000		749
00111001001		749
11110101011		748
11100000101		748
01111011110		748
01100100000		748
01010110000		748
00101100101		747
00010111011		747
10100111000		746
01110101110		746
00111000101		746
11101001101		745
11001010111		745
10101011000		745
01000110001		745
00100010101		745
00011001001		745
11100111100		744
10110000100		744
01111010101		744
11110100101		743
10101001011		743
00100111010		743
00001100100		743
10110011110		742
10000101001		742
00111000011		742
11100011110		741
10011100001		741
01100010101		741
00011011000		741
10010001001		740
10000110000		740
01110011100		740
01010000000		740
10000001000		739
01001101110		739
11110000111		738
11100100110		738
11001111100		738
00111001110		738
00110001101		738
00010001001		738
11111011001		737
11100100011		737
11000010110		737
01101101001		737
01011111110		737
00010101010		737
11101100100		736
11001001110		736
01110111001		736
11011000010		735
01100101101		735
00000001011		734
11011000000		733
01110001010		733
00000101111		733
11011101011		732
11001011100		732
10101001110		732
01111100100		732
01001100001		732
01001001001		732
00101101111		732
00000110001		732
11111101111		731
11000100001		731
10101010100		731
01101110010		731
00101110001		731
00010101101		731
10110010101		729
10010100010		729
00111011110		729
00100010100		729
10111101111		728
10110101111		728
01000001000		728
00001010110		728
11101101111		726
01011111000		726
00111010100		726
00001111001		726
11000010100		725
01010110001		725
01000101001		725
10000000010		724
01111010100		724
10111010110		723
10010000010		723
01111110010		723
01011101111		723
01010101010		723
00101110000		723
00100001100		723
11110111110		722
00110100001		722
11001101101		721
10101101101		721
11101000001		720
10101101001		720
01100101011		720
11111001110		719
10101000100		719
10000110010		718
11111010100		717
11001000110		717
10011111011		717
00110010110		717
11100011000		716
00000110000		716
11111100100		715
10001111000		715
10000101000		715
01111000001		715
01101001001		715
00111010110		715
00100011011		715
00001000110		715
11110001010		714
10110110011		714
00011111011		714
11110010101		713
11100001110		713
01001001011		713
00001001010		713
11010000111		712
11001001010		712
11001001001		712
10110001110		712
10100011101		712
00101010101		712
11111011010		711
11110100010		711
11001000011		711
10011000000		711
01111100000		711
01001000100		711
00100001010		711
11101000101		710
11010110011		710
11011001111		709
10110001011		709
11111111110		708
11111101100		708
11011111110		708
11001000000		708
10111010101		708
00100111000		708
11000100000		707
10010011110		707
11010001110		706
10110000010		706
10000100000		706
01011100100		706
00111101111		706
00111000010		706
11111100000		705
11111000001		705
11000011011		705
00101011110		704
11101011011		703
11010010100		703
10100000110		703
01000000011		703
00101000100		703
11100111110		702
11001011000		702
01100011111		702
11011100001		700
10000100001		700
10000000100		700
00011100101		700
10110000110		699
11011100010		698
11011100000		698
11010111000		698
00001100101		698
10110110000		697
10100001010		697
10010000011		697
01110101011		697
00110100100		697
11110101100		696
11011011010		696
11000101001		696
11111111011		695
00100001011		695
00011011110		695
11111011011		694
10111001011		694
10111000100		694
01111001011		694
01111001010		694
01111000100		694
11011101111		693
11011011001		693
01110011111		693
00011000101		693
10101001010		692
01001101010		692
00100101000		692
00010110011		692
00010110010		692
10111100101		691
10000011010		690
01001010101		690
11011000101		689
01111000101		689
00001001110		689
11100010101		688
10100110000		688
10011100101		688
01110000110		688
00101101000		687
00010101001		687
11011000011		686
00011111010		685
10100111010		684
01101000100		684
11101100010		683
10001101000		683
01111101101		683
11110111000		681
10001111001		681
01100111001		681
01010000011		681
00110101110		681
00101011001		681
00100101101		681
10111101100		680
10111000011		680
10110000101		680
10100011011		680
00010101110		680
11101001111		679
11000110010		679
01110000001		679
00011001010		679
11100010111		678
10111010100		678
01110111011		678
00011111000		678
00011000110		678
10101000101		677
10101000010		677
10011010101		677
00111010101		677
11110100001		676
01101100001		676
01101011111		676
01100000110		676
01010101001		676
01010001001		675
00001000001		675
10011101110		674
01110100010		674
00111000110		674
10101101110		673
01000010110		673
11100110000		672
11001111000		672
01101111010		671
01000010100		671
00100010110		671
00100000101		671
11110110001		670
10101101000		670
10100001001		670
00101001100		670
11101100110		669
11001100000		669
10100000100		669
01001000110		669
00101011000		669
00001110000		669
11100111101		668
10010101011		668
01110010110		668
00110011110		668
11101111100		667
10110010110		667
10010110001		667
00110100011		667
00011001000		667
11111110010		666
11101011000		666
11101001011		666
11011111010		666
01101011110		666
11000101010		665
10101010110		665
01001101011		665
01110010100		664
00100000100		664
11010010110		663
10111101000		663
01111011010		663
01110100001		663
00111100101		663
01111100010		662
10110111010		661
11111000010		660
00000100001		659
10000110001		658
11111110000		657
10011101111		657
01000000100		656
11110100000		655
11000001100		655
10110101000		655
00001111011		655
00100111001		654
11000001010		653
10010001010		653
01100101110		653
00100000110		653
11110111010		652
11010010101		652
00111000001		652
11101001000		651
11011110000		651
11011001000		651
10110101110		651
10100101110		651
01100000101		651
00011101111		651
11010011001		650
00111100001		650
00101101010		650
11100101111		649
01000101011		649
00110001100		649
11101101010		648
00000001000		648
11100110001		647
10111101010		647
10100000101		647
01101110001		647
00110100010		647
11101011111		646
10100101010		646
00001101001		646
00000101110		646
10100110011		645
01110001011		645
11011110001		644
11010011110		644
11010001000		644
01000111000		644
00111110010		644
00100101011		644
00000101010		644
11110111100		643
01101111011		643
00011001110		643
11001010110		642
10101011010		642
11010011010		641
11000110001		641
11111001010		640
00010000000		640
00000100000		640
11100011101		639
11011011110		639
10110001010		639
10011000011		639
01110101100		639
01000111010		639
11111001011		638
10100101001		638
10010011000		638
01000011001		638
00010100010		638
00001011010		638
01101101110		637
01010000010		637
01000101000		636
11101001110		635
10000101010		635
01111001001		635
01000001001		635
00001000000		635
10101001001		634
00010001010		634
10101101010		633
10010100000		633
11001101111		632
11000110000		632
10100001000		632
01100100011		632
11010011011		631
10010101001		631
00100100000		631
11011000001		630
01101011010		630
00101001011		630
00011101110		630
00110111011		629
00010111001		629
11100111001		628
11100001010		628
00110001001		628
11001100100		627
00100011101		627
00010110001		627
11111100001		626
10111000110		626
11000100010		625
01101101100		625
00000011010		625
11110110011		624
11100101100		624
11100100001		624
01111000011		624
00000001010		624
11101111110		623
10010101000		623
01001000111		623
00111011010		623
00101000001		623
11011101101		622
01101111000		622
00110001000		622
00101111001		622
00101111000		622
11111110011		621
11101011110		620
11100000001		620
11000101100		620
10111110011		620
10111001010		620
00111111011		620
00101111011		620
00101011010		620
10101000000		619
01101010110		619
11110100011		618
00000000011		618
00010011010		617
01010011000		616
00111101100		616
00110000101		616
00111101010		615
00110101010		615
10110110010		613
01110101010		613
01001101001		613
00011010101		613
11101010101		612
11010001010		611
01101000000		611
11101000010		610
10011110001		610
11011001001		609
01101100101		609
11000000101		608
11010101010		607
01100011101		607
11111000100		606
11011010111		606
10010001000		606
11110011011		604
11000011000		604
11111101000		603
01110110010		603
01110000101		603
01101010100		603
00110111010		603
11010110010		602
11010000110		602
01100011110		602
00100001000		602
00000010110		602
00110110011		601
11110001101		600
11111000011		598
01101010101		598
10110001001		597
10100110010		597
00011101001		597
00001000101		597
11001010100		596
00111100010		596
00010111000		596
00001111010		596
01001010110		595
10101000111		594
01000110010		594
11101011101		593
11001111010		593
00101001010		593
00010011001		593
00000111000		593
00000101000		593
11111010101		592
11000000011		592
10111001001		592
10101000001		592
10110100001		591
01110100000		591
11001101110		590
01100011011		590
11101101011		589
01100110011		589
01001000101		588
10110011011		587
11110001000		586
10100101000		586
01110110011		586
01001111010		586
00010101000		586
11101101110		585
00001101110		585
10000101011		584
11101000111		583
10101001000		583
01101011000		583
01100101001		583
00111101000		583
11101111010		582
01000011010		582
00101101110		582
10101000110		581
10100101011		581
11100000110		580
11011101001		580
00110010101		580
00011000001		579
11011010110		577
11010101001		577
11001100101		577
00011100100		577
01110000011		576
01101000101		576
00011110001		576
00000000100		576
11011011000		574
10111001000		574
00101001000		574
00000011011		574
11111111000		573
11001011001		573
01000011000		573
11001010101		572
01111101000		572
01000100000		572
00110011111		572
00001110001		572
10111011000		571
01100001001		571
00100000011		571
00001010100		571
01100001010		570
00100110000		570
11010110000		569
10110110001		569
11111000111		568
10100110001		568
11101011100		567
10110101010		565
00001101010		565
11101111011		564
10100000001		564
01110110000		563
00010001000		563
11001001011		562
10000011000		562
01101101010		562
00010011000		562
01111101100		561
01100100010		561
11101010110		560
11010000001		560
10001000110		560
00100110011		560
01001001010		559
11111001001		558
01111001000		558
11100101000		557
11100100010		557
00101101100		556
00101000000		556
11011000100		555
11110001001		554
11111000110		553
11000111011		553
01000110000		552
11000011001		551
01110001001		550
01100110010		550
00100110001		550
11101101000		548
11100111010		548
10101111000		548
10010111000		548
01110101000		548
10110010100		547
01000000010		547
00111111000		547
00101000110		547
01111111010		546
10011111000		544
01101000111		544
01010011010		544
00110001010		544
11011101110		543
10100000010		543
00001101000		543
11011001110		542
11000111010		542
10110011000		542
10011111001		542
11110110010		539
10110011010		539
10101111010		539
11001100110		538
01111101010		538
11101111001		537
11000101000		537
11000000010		537
10101111001		537
01100110000		537
00000110010		537
10010111001		536
01101101101		535
11111011111		534
10000000011		534
10110111001		533
00111001010		533
11100100000		532
11001011010		532
01100000000		532
01110111000		530
00101111010		530
11001000101		529
10110000001		529
10110101001		528
00100001001		528
11100001000		527
00000000000		526
11101011001		525
01111111011		524
11111101110		523
11011111000		523
01111000000		522
11101000011		521
00110111110		518
11010111001		517
11110101010		516
01100000100		516
00010000010		516
11010000011		515
01110001000		515
01110110001		514
11100000100		512
01010000001		512
00101101001		512
00110110000		508
01101001010		505
01100111010		503
01100011000		503
10100000011		502
10010000000		502
01100000011		501
11010011000		500
11110000100		499
10101101100		498
11010101000		496
11111010110		495
11110000011		495
11100110011		495
11011001010		495
11101000110		494
11000000001		494
00110111000		493
00000000001		493
11110001011		492
11110000001		492
01100111000		492
11111001000		491
11110000010		489
10000000001		487
11011111001		486
00111100000		485
00111111010		483
01000011011		481
00111001000		481
11111101101		478
11000000000		478
01001111001		478
11100010100		477
11011101010		477
11011010101		476
00110011000		476
00101010110		475
11000011010		473
10010000001		473
00000000010		473
01000000000		471
00111111001		471
00100100010		470
11110010100		469
10100011001		469
00110010100		468
00100011010		468
11110110000		467
11001111011		467
01101111001		467
00100101010		466
11011111011		465
00010011011		464
10110011001		463
11010000000		462
11100011001		460
00100101001		460
11100011011		459
00100110010		459
01100011001		458
11011010100		457
01110101001		456
11010000010		455
10110000000		455
11110101000		454
11100101011		454
01100101000		454
11010111010		453
01111111000		453
01100000001		453
00101010100		452
01100001000		450
11111101001		446
01100110001		446
01000101010		446
11011000110		444
00110011010		443
00111101110		438
11110011010		437
00110100000		437
01110011001		435
11110011111		434
00110110001		434
00110000010		433
00110000000		432
01100101010		428
00110000011		427
11111111001		426
11110000000		426
00110011001		426
11101000100		425
00000111001		424
00111000100		423
11101101100		421
00110111001		421
00100000001		415
00110101000		413
00100011001		413
01100011010		412
01001111000		412
11100000011		411
10100011000		411
10100000000		410
11110101001		407
00110110010		407
11100000010		406
01101000110		405
01100000010		405
00111101001		402
11101111000		397
11100110010		397
11101001001		396
10100011010		395
01000000001		395
11101011010		392
00110000001		392
01110011000		383
11100101010		380
00110101001		380
11110011000		370
00100011000		365
01110000010		361
11100000000		359
01110011011		358
00010000001		356
11101101001		351
00100000000		343
00100000010		339
11100011010		337
11110011001		336
01110011010		330
11100101001		321
01110000000		305
11011010001		124
01001110111		75
11111010000		66
11111010011		58
01110110100		58
01111010010		57
11110010000		55
10110010001		51
11000010001		48
10100110100		47
10000110101		46
10001010011		45
11001010011		44
10010010001		43
00010010011		43
11001010010		41
00010010001		41
00110010001		39
01001010011		37
10001110101		36
10001010000		36
10000110100		35
01000010010		35
00111110100		35
10001010010		34
01101010011		34
11101010011		32
11100110101		31
11100010001		28
00011010000		28
00000110100		27
11011010010		26
01111010011		26
00011010010		26
10100010000		25
11110110110		24
10011110110		24
01100110101		24
01000110111		24
11101110100		23
10110110111		23
00010010000		23
01001010010		22
11110110101		21
01100010010		20
00101010000		20
10101010010		19
01101010010		19
00110110111		19
00101110100		19
11101010010		18
10000010011		18
00111010011		18
00101110110		18
00000110110		18
10010110100		17
01011110111		17
00011010001		17
01100010011		16
00010010010		16
01010110101		15
00100010011		14
11100110111		13
10111010000		13
00010110101		13
00001010011		13
11110010001		12
11011010011		12
10110010000		12
10101010000		12
01101010000		12
01010010001		12
00101010011		12
00000010011		12
11111010010		11
11011010000		11
10111010011		11
10011110111		11
10011010011		11
10011010010		11
00100010010		11
00000010010		11
11100110100		10
11011110101		10
10101110111		10
01011010001		10
01011010000		10
01010010010		10
01001010000		10
01000110110		10
00111010010		10
00011110101		10
00001010000		10
00000010001		10
10100110111		9
10100110101		9
10010010011		9
01100010001		9
01011010010		9
01001110110		9
00111110101		9
00100010000		9
00001010010		9
00000110101		9
11111010001		8
11110010011		8
11010010011		8
10110110100		8
10011010001		8
01110010000		8
01010110100		8
00101010010		8
00100110100		8
00010110100		8
11111110100		7
11100010000		7
11010110110		7
11000110100		7
11000010011		7
10110110101		7
10100010011		7
10011010000		7
10001110100		7
01110110101		7
01110010011		7
01100110100		7
01011110110		7
01000010000		7
00110010011		7
00110010000		7
00101110101		7
00011010011		7
11110110111		6
11110110100		6
11010110100		6
11010010001		6
11001110101		6
11000010000		6
10111010010		6
10111010001		6
10100010001		6
10000010001		6
01110110110		6
01010010011		6
01010010000		6
00110110110		6
00001110111		6
00000010000		6
11011110111		5
11010010010		5
11000010010		5
10111110100		5
10101010011		5
10001110111		5
01111110100		5
01110010001		5
01000010001		5
00110110100		5
00101110111		5
00100010001		5
00011110100		5
00001110101		5
11001110111		4
11000110110		4
10110110110		4
10101110101		4
10101110100		4
10101010001		4
10011110101		4
10010010010		4
10000010010		4
10000010000		4
01111110111		4
01110110111		4
01110010010		4
01011010011		4
01001110101		4
01000110101		4
01000110100		4
01000010011		4
00111010001		4
00111010000		4
00100110111		4
11110010010		3
11101110101		3
11101010001		3
11100110110		3
11100010010		3
11010110101		3
10011110100		3
10010010000		3
10001110110		3
10001010001		3
10000110110		3
01111010001		3
01111010000		3
01101110101		3
01101110100		3
01011110101		3
01011110100		3
01001010001		3
00110110101		3
00101010001		3
11111110110		2
11101110111		2
11101110110		2
11100010011		2
11011110110		2
11010110111		2
11001010000		2
11000110111		2
10111110101		2
10110010010		2
10101110110		2
10100010010		2
10000110111		2
01111110110		2
01111110101		2
01101010001		2
01100010000		2
01010110110		2
00111110110		2
00011110111		2
00011110110		2
00001110110		2
00000110111		2
11111110111		1
11111110101		1
11101010000		1
11011110100		1
11010010000		1
11001110110		1
11001110100		1
11000110101		1
10111110111		1
10110010011		1
10100110110		1
10010110111		1
10010110110		1
10010110101		1
01101110111		1
01101110110		1
01100110111		1
01001110100		1
00111110111		1
00110010010		1
00100110101		1
00010110110		1
00001110100		1
00001010001		1
