10001001110		1226
01010001111		1188
10001011100		1152
10001001111		1139
01001011000		1116
01011011111		1054
00001100001		1051
01011001111		1029
01000011111		1026
01010011100		1024
10010011101		1005
10000001110		983
01000011110		980
10010000111		975
10001011000		973
01010011101		945
01010011111		943
10010001111		937
00101100011		930
01000001011		923
10000011101		918
10011001111		913
01011001011		910
00000100100		909
01010001110		903
01011011110		895
01000001111		894
01001011101		889
00110101101		885
10001100010		883
01001011100		883
01011001110		882
10000001111		878
01011011010		874
10001100000		873
00111110000		871
10110011100		862
10000011111		862
01011011100		859
00101100010		859
10011011100		854
01001011001		851
10110011101		848
01010010100		843
01001011111		842
01100001110		841
10101011100		840
01001011011		838
00001100011		836
01001011110		829
01000001110		825
10000100010		824
01011100000		822
01111011011		819
01111001110		817
01000011100		816
10010001110		814
01010001101		814
01011011001		813
00100100100		810
01000001101		808
01101101000		807
00001110010		807
01001001100		805
10000001100		803
10000011100		795
00010100100		794
00100100110		792
10011000010		791
00111100100		791
00011100001		787
01010010101		785
10101100000		784
01111001111		784
01000000101		776
00001011101		776
10011100010		772
10011011101		771
01100001111		768
10011110010		767
10010011100		767
10000000110		761
10001000011		760
00001101011		759
00110101111		756
10000011001		751
01011000000		750
00010111010		750
10000000111		749
01001011010		747
10001011001		746
01011011101		745
10000011110		744
00011100010		744
10001001101		741
00100000111		741
01011001100		739
00101101101		739
10011011010		736
01011000100		733
00010101100		733
01001001111		732
00000011101		730
10001100001		729
10001011010		729
01001101000		728
00100010111		728
00000000111		727
00011100011		726
10010100001		724
01111101001		722
10111011101		721
10010011111		718
10000010100		717
10001011101		716
10110100000		715
10100100000		715
00010100110		715
10100001110		712
01011011000		710
10110011111		709
10011100000		709
10001001100		709
00000101101		709
00111000111		707
10110001111		706
01110011100		706
00110001111		705
10001010101		704
00011110011		704
01010011110		701
00101011100		697
01110001110		695
10000001101		692
01011101001		692
00100101110		691
00010110000		691
10001011111		689
00000101001		689
00101000111		688
01100100000		686
01101011001		685
01000010100		683
10010011110		682
11110001100		680
10111001110		680
01110001111		680
00001100010		680
10011011001		677
01101001111		677
01111011100		676
00101011101		676
10000001011		675
01010101100		675
00001011100		675
01001100000		674
10011001110		672
00000010111		672
01000101000		671
00100101100		671
00010000111		671
01011011011		669
01001000011		669
00010001111		669
10100001111		668
10001011011		668
01000001100		668
01101011101		667
00100011100		667
10010011001		664
01011101010		664
01010001100		664
10010000110		662
00001000111		662
00000101100		659
10111011001		658
01001001110		658
00110010111		657
00011001100		657
10101011000		656
01011000001		656
10101010100		655
10100011100		655
10010001011		655
01111001101		654
00100101101		654
10111001101		653
01111011111		653
10111001111		652
00000100110		652
10100010101		651
10000010110		649
10100011111		648
00101110010		648
10100011110		647
00101010111		647
01110011110		646
01011001010		646
00110100111		644
00110100110		644
01111011101		643
00100011110		643
00011011100		642
00000000110		642
01011010100		641
10101001100		639
10011101000		639
01001001101		638
01000010101		638
01000011001		637
01010101010		635
10111001100		633
01100011100		633
01011101000		633
00110101100		633
00001101100		633
10001011110		632
00111110011		631
00010100111		631
01011000010		630
00010000110		630
01111011001		628
01010100001		627
01010011011		627
10110100010		626
10001001011		625
00100010110		625
10100010100		624
00101101011		624
00101100001		624
00111000110		623
00110000111		623
00111001111		622
10001010100		620
01101001110		620
00011110000		620
10000010101		619
00100100001		617
00011100110		615
10011001011		614
00000101110		614
10101001111		612
10001001010		612
00101100000		612
10011011111		610
01111011110		610
01110011111		610
00101100100		610
01000011101		609
00010100011		609
10010010101		608
01111001100		608
01010100000		607
00010010111		607
00001110011		607
10011011110		606
10010110010		606
10000010111		606
00100101111		604
00100101000		603
10010100011		601
00111010111		601
00011101111		601
10101001101		598
10000101000		597
01111011000		597
10011001101		596
10010010100		596
10010001101		596
00111100001		596
10000100001		595
01011000011		595
10011010110		593
01101011011		593
10001101001		592
01010001011		592
00011100000		591
01010000101		590
01111100000		588
00011011101		588
00011101100		587
10111100001		586
10011011011		585
10010100010		585
10010000101		585
10000011010		585
01001000001		585
00001001111		585
10111000000		584
00101001110		584
00011011010		584
01011100001		583
00111100110		583
01010101001		582
01000001010		582
00011110010		582
00100100101		581
00101011011		580
10000100000		579
01011001101		579
00111101100		579
10111100000		578
01010001010		578
01000000100		577
10101011101		576
00101101000		576
10010000010		575
10001101000		575
00101011001		575
00000100001		575
10110100011		574
10001000010		574
10001000101		573
01001010101		573
00000011111		573
00000001101		572
10001000001		571
00110001110		571
00001100000		570
10100001100		569
01110010101		569
01001001011		569
10110011110		568
00100001111		568
01101011100		567
00110010110		567
01110001100		566
10001100011		564
01111000010		564
01100010100		564
01100001100		564
00000100010		564
00010100000		563
00100100011		562
00010010110		561
01111101011		559
00110100101		559
10111011011		558
10011100001		558
00001101101		558
10110001101		556
01100010101		556
01011000101		556
00011000010		556
00010011101		556
01101100000		555
00111001101		555
10111000010		554
00111001100		554
00011010111		554
00011001111		554
00101011111		553
00010001101		553
00000100011		553
00011001101		552
10101011111		551
10011101001		551
10000011011		551
01011001001		551
01110000100		550
10110001100		549
00000001110		549
00001011111		548
00000100101		548
00011010110		547
00001101001		547
10101000011		546
00010110010		546
10111101000		545
10111000101		545
01100001101		545
01110010100		544
00100100000		543
10101100010		542
01011001000		541
00110000110		541
10110000100		539
01110001101		539
10011000111		537
10010011011		537
10001001000		537
01010000100		537
00111100011		536
10101010101		535
01101011010		535
00000101011		535
01000100000		534
10101000100		533
10011011000		533
00101001111		533
01101000010		532
10101011110		531
10011010111		531
01111010100		531
01010101011		531
01010101000		530
00000110000		530
10010010111		529
10000000101		529
10101011001		528
10011101010		527
00011000111		527
10100001101		526
10001000000		526
01101001100		526
00101100110		526
10100100001		525
10100011101		525
00010100001		525
01001010100		524
00001011000		524
10110010101		523
00100001101		523
10111011111		522
10110000010		522
01010111010		522
10110001110		521
10000001010		521
00111101101		521
00011100111		521
10010000100		520
10011100011		519
01001000000		519
10111100011		518
00111011100		518
10100001011		517
10011110000		517
01111010101		516
00101100101		516
00100001110		515
00000001111		515
10101001110		514
10101000010		513
01100001011		513
00101110000		512
10101001010		510
01000101100		510
00011101000		510
01010011001		509
10100100010		508
10100010110		508
10001000100		508
01110011101		508
00100110000		508
01111100001		506
01110101000		506
01101000011		506
01001001010		506
00100000110		506
00001011110		506
00000101000		506
10010011010		505
10010010110		505
01110100000		505
00111011011		505
00010100101		504
10111010101		503
10001000111		503
00111101111		502
00110110000		502
10101101000		501
00110100001		501
10111011100		500
10111011010		500
01100100001		500
10110101000		499
10101000101		498
01101011110		498
00011011001		497
01100011110		495
00001110000		495
01000100001		494
10111100010		493
01110101010		493
00011111010		493
00001101000		493
10011101011		492
01101001011		492
01000101001		490
10111101001		489
01010101101		489
01001000010		489
10111011110		486
01101101011		486
00111010110		486
00100101011		486
01100101001		485
10111010100		484
01110111010		484
00101101111		484
00011101110		484
00010101111		484
00101011110		483
00100100111		483
01000000011		481
10010100000		480
01100000010		480
00001010111		480
00000100000		480
01011101011		479
00001100101		479
10011000101		478
00011101101		478
11100001100		477
01010000011		477
00110101110		477
00001011001		477
00110011100		476
00000100111		476
10100001010		475
00111011110		475
00101000110		475
00010001110		475
00000010100		475
10101011010		474
10011000011		474
00010110011		474
10011001010		473
10000101001		473
01010011010		473
00110011110		473
00001010110		473
00000110010		473
10100100011		472
01111001011		472
00111110010		471
10111110000		470
01010000111		470
01001101001		470
00101001101		469
00001001101		469
11111001100		468
10111000001		468
10011000001		466
10010101010		466
10010101001		466
10001010110		466
10100101000		465
01001000100		465
10110001000		464
01111000101		464
01100011101		464
10011001000		462
00110100011		462
00000111011		462
00111001011		461
10010110000		460
00011101001		460
01111001010		458
01100101000		458
00100111010		458
00010101101		458
11111000000		457
01001001000		457
01000011010		457
00001001110		457
10010101000		456
00111011001		455
10100000110		454
10011001001		454
10011000100		454
00100110010		454
00010011100		454
00011011111		453
00000111010		453
00000110011		453
10011001100		452
00010101001		452
01100000101		451
01010100011		451
00010011110		451
01111011010		450
01000000111		450
00011100101		450
11101000000		449
00011001011		449
10010110011		448
01011100010		448
00110100100		448
00100011111		448
00001100100		448
10111000111		447
10010001100		446
01111101000		446
01001100001		446
00111000000		446
10110000101		445
10100010111		445
01010001000		445
00101001001		445
00001101111		445
01111000001		444
00110111111		444
00010111110		444
00010101110		444
01011111010		443
10111001010		442
00010001100		442
00111001110		441
00011000011		441
10110000011		440
00011011011		440
10100000100		438
10000001001		438
01001000101		438
11001001100		437
01101011111		437
01100011011		437
00101101100		437
00010011111		437
11001001000		436
01001101010		436
10111011000		435
10100000101		435
10001010111		435
01101000001		435
10110000111		432
10000100100		432
01101010100		431
00111100111		431
00001000100		431
10110011010		430
00111111011		430
01110000011		429
00010011001		427
00111110001		426
00101000010		426
01110000001		425
01001100010		425
00011000110		425
00110100010		424
10110100001		423
00111010101		423
10101100001		422
00101101001		422
01100101011		421
00111100101		421
10110110010		420
00001011011		420
00000010101		420
11011001100		419
10001001001		419
00010101011		419
00001000010		419
10111110010		418
01011101100		418
10110000110		417
01101010101		417
00111011000		417
00101000011		417
00010010101		417
10110110000		416
00101010110		416
10100000011		415
00111011111		415
00110000100		415
00000110001		415
00000010110		415
11010001100		414
10011000110		414
01101101001		414
00011101011		414
00010010100		414
10100011011		413
00011011110		413
10001110000		412
01111000100		412
00111000011		412
00010111011		411
00010001011		411
00011010100		410
00000011001		410
10101001011		409
10111000011		407
10110011000		407
00000011110		407
00000011100		407
10110011001		406
10110010111		406
10011010100		406
10110010110		405
10100000111		405
11101001100		404
10101110000		404
01110101011		404
01101000100		404
01010000000		404
01100000100		403
01001001001		403
00011100100		403
10001101010		402
01111101010		402
01101001000		402
00011001110		402
01110000101		401
10101100011		400
01000100010		400
00101110011		400
10101011011		399
00001001000		399
00001000011		399
10111001011		398
01011010101		398
10111000100		396
01110001011		396
00001001100		396
10000000010		395
01111000011		395
00100010101		395
00001000110		395
10000110000		394
01101001101		394
00111101011		394
00000001001		394
10110010100		393
01101000000		393
01110001010		391
00110011101		391
10001110010		390
10000110011		390
01010100101		389
00011011000		389
00111011101		388
00111000010		388
00011000100		388
10110101011		387
01010000010		387
00001100110		385
01010011000		384
01000101010		384
00110111010		384
00101101110		383
00100011101		383
00010000011		383
10101000000		382
10100011001		382
10000011000		382
01100011111		382
01010111000		382
10011010101		381
10010100100		381
10001101011		381
00101100111		381
00101000100		381
00110011111		380
00001011010		380
00011101010		379
01110101100		378
00111000001		378
00110110011		378
00000101111		378
01010001001		377
00011111011		377
00000000101		377
00111100000		376
00100011011		376
00101011000		375
11010001000		374
10111010111		374
10011110011		374
01101000101		374
11101001000		373
01010110011		373
01010000110		373
10010000011		372
01010100010		371
00101001100		371
10000000100		370
00010000100		370
10101110010		369
01110101101		369
00010110001		369
10100101010		368
10010001010		368
00110100000		367
00000001100		367
10100000010		366
10010011000		366
01110100001		366
01011110011		366
00111001001		366
10111101011		364
10101101010		364
10101010111		364
00001101110		363
00010000101		362
01010010111		361
00111010100		361
10110001011		360
01101011000		360
11011001000		359
00100001100		359
00001010101		359
11001000000		358
10100101001		358
00100001011		358
00001000000		358
10000101010		357
01110101001		357
01000000010		357
00001001011		357
01000000110		355
00101101010		355
10000110010		354
01101001010		354
01100000011		353
00110001100		353
00101011010		352
01011110010		351
00001001001		351
00000011011		350
11111001000		349
10101101001		349
00011001000		349
00010111111		349
10001000110		348
01100010110		348
01000101101		348
10110001010		347
01101101010		347
01000001000		347
00100101001		347
01010110010		346
00111000101		346
00110001011		346
00010101000		346
00111101110		345
00101000101		345
00111111010		344
11011000000		343
01111000000		343
10000100011		342
01000001001		342
00010011010		342
01010101110		341
00000111110		341
11110001000		340
10110100100		340
00111100010		340
00110001101		338
00010100010		338
01010100100		337
01000010111		337
01010010110		336
00110101011		336
10000000000		335
00100001000		335
10011000000		334
01000011011		334
00110110001		334
00001111010		334
00001100111		334
00100100010		333
00110000101		331
00011001010		331
01110110010		329
10010101011		328
01110011001		327
00110101001		327
01000100100		326
10101010110		325
01010111011		325
00011000000		325
00000001011		325
10110001001		324
10100110010		324
10100110000		324
00110111011		324
00001101010		324
11000001001		323
01000101011		323
00111111110		323
00111011010		323
00000011000		323
00000000011		323
01011100011		322
00110110010		322
00100000100		322
01011010111		321
01110001001		320
00100111011		320
00010111000		319
00110011011		318
00100110011		318
10111101010		317
10101001000		317
01000110010		317
10101000001		316
01001101011		316
00101010101		315
00101000001		315
00010101010		315
00010001010		315
00000011010		315
01100000001		313
00111101000		313
01111010110		311
01111001000		310
00110010100		310
01100101100		309
01100001010		309
00000001000		309
01110100101		307
00011010101		307
00001000001		307
01110000111		306
00101001010		306
10100100100		305
01110100011		305
11011001101		304
01111110010		304
01110100100		304
11101001010		303
01111001001		303
01100101010		303
01100010111		303
10111001001		302
10110110011		302
10111001000		301
10100001000		301
01100011001		301
01000011000		301
00000101010		301
10010001001		300
10010001000		300
10111110001		299
10110011011		299
01111100010		298
00010001001		297
11111001101		296
00101010100		296
00011001001		296
00001001010		295
10101000110		294
10100011010		294
10010100111		294
01101001001		294
00011000101		294
10000001000		293
00110010101		293
10011101100		291
11000001000		290
10111000110		289
10101000111		289
10100000001		289
10001110001		289
01010000001		289
00100000101		289
00010001000		289
00000000010		289
11100001101		288
11010000000		288
11000001100		288
10110101001		288
00101000000		288
00100111110		288
00001010100		288
10101001001		287
10100011000		287
01110000010		287
01100001001		287
01001101100		287
01001100011		287
10100001001		286
01111111010		286
01111000110		286
00111101010		286
00101001000		286
11010000100		285
10110101010		285
10110000000		285
10101101011		285
01110101110		285
10001110011		284
01000100101		284
01000000000		283
00111001000		283
00110101000		283
11000000100		282
01100011010		282
11101000001		281
00110001000		281
01110000110		280
00001000101		279
01011000111		278
00100111000		278
01000111010		277
01000000001		277
11010001001		276
01111101100		276
01110111011		276
01011010110		276
00100110001		276
10010100101		275
10000100101		275
00100010100		275
00000111111		275
10101100101		274
01100111010		274
01001101101		273
11111000001		271
01011101101		271
01110100010		269
01000010110		269
00011000001		269
10000000011		268
01011111011		267
10000000001		266
00011111111		266
11011000001		265
01111110000		265
00110001001		265
11001001101		264
10110000001		264
00110011001		264
00100001010		263
11010001011		261
01110010110		261
01101101100		261
01100011000		261
01011100100		261
01001100100		261
00111001010		261
00101111010		261
00010011000		261
00010000000		261
10000100110		259
00001111110		259
01100000111		257
11110001010		256
00011110001		256
00010000010		256
11100011100		255
00101110001		255
11100001000		254
10001101100		254
00111101001		254
01111000111		253
01100100100		253
01000100011		253
01111100101		252
00110101010		252
00100001001		252
11111000100		251
11000000000		251
00010111001		251
10100101011		250
01101100010		250
00100101010		250
11000001101		249
00110011010		249
00101001011		249
00100011010		249
10101100100		248
01110011011		247
01011110000		247
00000000001		247
11010001101		246
01101111010		246
01100101101		246
01100000000		246
10010000000		245
01011000110		245
10000101011		244
00011111000		244
10010100110		243
00110000010		242
10011100100		241
01011100101		241
01000111011		241
10110101100		240
01101100001		240
00100000011		240
10111100100		239
00110000001		239
11110011100		238
01100001000		238
01010110000		238
11001001001		237
10010110001		237
01111010111		237
10110100110		236
01011111000		236
01000101110		236
11101010100		235
11010001111		235
11000000001		233
00100000001		232
01110101111		231
01110001000		231
00001110001		230
00110111100		229
10000101100		228
01111100100		228
00110011000		228
01101100011		227
00100011001		227
11111010100		225
11110001001		225
11001000001		225
01000110000		225
00000001010		225
00111111111		224
01100100101		223
01001010111		222
11110001110		221
01111101101		221
11101001101		220
10111010110		219
01100000110		219
00110000000		218
10011100101		217
01001101111		217
00111000100		217
00110000011		217
00100111111		217
00000000100		217
10100100110		216
01110011000		216
01011101110		216
00100000010		214
00011111110		214
00000000000		214
11000010100		212
00010011011		212
11001000100		211
10010101100		211
10001100100		211
11110000100		210
11100001011		210
01111101110		209
00000111000		209
11100001001		208
01110111110		208
00100011000		208
11111001001		207
11010000101		207
11000001011		207
01110010111		207
10010111010		206
11010010100		205
01100100011		205
01010101111		205
00110111110		205
00001111011		205
11011011100		203
10111110011		203
11100001010		201
10010101101		200
00110001010		199
11010011100		198
11010001010		198
01011110001		198
10000110001		197
01110011010		197
01000111000		197
11000001110		196
01100101110		196
00111111000		196
01010111001		195
01001101110		195
00110111000		195
10101110011		192
00010111100		192
10110100101		191
01111100011		191
01100111011		191
10100000000		190
01001010110		190
11001001010		189
01110110000		189
01001110010		189
11011001001		188
11010000001		188
11000001111		188
01001111011		188
01101101101		187
11110001101		186
10011101101		186
01001110011		186
00111111100		186
11001010100		185
01111110011		185
00011111101		185
11110000000		184
01101010111		184
10110101101		183
01111111011		183
11111011100		182
11111000101		182
10110100111		182
10101110001		182
01110000000		182
11010001110		180
10100101100		180
10100100101		180
10011100110		180
01010100110		180
11000011100		179
01000110011		179
01111101111		178
01110110011		178
00011111001		178
10000100111		177
01001000110		177
00101111000		176
01101010110		175
10111101100		174
10001100101		174
11100000101		173
11001000101		173
11010011110		172
11000001010		172
00000111100		172
11010011101		171
10111111000		171
10100110011		171
10001100111		171
10101100110		170
11100000001		169
10011110001		169
01011101111		169
01010110001		169
00101111011		169
11100000100		167
10001101101		167
01100101111		167
01001100101		167
11101001001		166
01100100010		166
01001111010		166
10111100101		165
10001100110		165
01101100100		163
01100110010		163
01001000111		163
11100010100		162
11100000000		162
11110001111		161
01111110001		161
01100110011		161
11011001011		160
10100100111		160
01101000111		160
01100110000		160
00001111000		160
11011010100		159
01010111110		158
00001111111		158
11110010101		157
11110010100		157
10110110001		157
11111001010		156
10111100111		156
10011111010		156
10000101101		156
11000010101		155
10100101101		155
01101110010		155
11001011101		153
10111111010		152
11111001110		151
11000100000		151
10010000001		151
00100000000		151
11011000010		150
11111001111		149
11110001011		148
11100001110		147
11001001110		146
11001001011		146
01101101110		146
11110000101		144
11110000001		144
11101000101		144
11010100000		144
01101100101		144
01110111000		143
01011111001		143
11011101000		142
11001101000		142
10101101100		142
01110100110		142
01000111001		142
11011001010		141
11001001111		141
10000111010		141
01010111111		141
01001110000		140
11011000100		139
10110101111		139
01101111011		138
01101111000		138
01101110000		138
11101100000		137
11010100001		137
10111100110		137
00100111001		137
11010011111		136
11000011101		136
11111011000		135
11111001011		135
10100111010		135
10010111011		135
01000100110		135
11110011110		134
10111101101		134
10110111010		134
10010101110		134
10000101110		134
11001011100		133
11000000101		133
10010111000		133
11111101000		132
01100100110		131
01100100111		130
00010000001		130
11001011000		129
01010100111		128
11011000101		127
01111100110		127
11100010101		126
01100111000		126
11001000010		125
01111111000		125
01101110011		125
01000101111		125
11101101000		124
11101001011		124
11011011111		124
11011011001		124
10100101110		124
10011100111		124
01011100110		124
11000011111		123
11011100000		122
11011011101		122
10100111011		122
01100111001		122
00000111001		122
10101100111		121
10011111000		121
00101111110		121
01101101111		120
01000110001		120
11011001110		119
11001010101		119
10000111000		119
01101000110		119
11111011110		118
11000100001		118
10100110001		118
00110111101		117
11100011110		116
11000011110		116
10011101110		116
11100101000		114
11011001111		114
11010000010		114
00111111101		114
11111011101		113
11101001111		113
11001011110		113
11001000011		113
10011101111		113
11110000010		112
11011011000		112
11011000011		112
01000100111		112
11001101001		111
01110110001		111
11101001110		110
10110111000		110
10000111011		110
00001111101		110
11111100000		109
00010111101		109
11010010101		108
01110111111		108
11110100010		107
11110011101		107
11010011001		107
10100111100		107
01110100111		107
11111000010		106
11101011100		106
11101010101		106
11011010101		106
11101000100		105
11100001111		105
11001011111		105
10000101111		105
01111111001		105
01000111110		105
00101111111		105
10111101111		104
10101101101		104
10100111000		104
10001101110		104
11110100000		103
00011111100		103
00001111100		103
11001100000		102
01000111100		102
11010110001		101
00111111001		101
11000101010		100
11101000010		99
10111101110		99
00001111001		99
11111010101		98
11000000011		98
10110101110		98
10001101111		98
01001100110		98
01011111101		97
11110000011		96
11101100001		96
11100011000		96
10111111001		96
11000000010		95
10111111011		95
11100000010		94
11001101010		94
11000101000		94
01110111001		94
01010111100		93
11111100010		92
11000011001		92
10100101111		92
01011111110		92
00000111101		92
11011100001		91
10101101110		91
01001111000		91
00110111001		91
11100011101		90
11000101001		90
10110111011		90
11010011010		89
10001111000		89
01100110001		89
01010111101		89
01001110001		89
11110010111		88
11110010110		88
11101000011		88
10010101111		88
10001111011		88
11111011001		87
11001100001		86
10001111010		86
00101111100		86
11100100000		84
11111100001		83
11101011000		83
11011011110		83
11000010110		83
00100111100		83
11010011000		82
11001011001		82
11100000110		81
01001100111		80
11110100001		79
11101011001		79
00100111101		79
11110101000		78
11010101000		78
11000000110		78
10101111010		78
10101111000		78
01001111001		78
11111011011		77
11001100011		77
01100111100		77
01011100111		77
11101011101		76
11110000110		75
11000000111		75
01001111110		75
01000111111		75
11110000111		74
11001011011		74
10101101111		74
10011111100		73
01111100111		73
11111101010		72
11110011011		72
11011011010		72
11111011111		71
11111000011		71
11010110000		71
11010010110		71
10010111001		71
11110011010		70
11010100100		70
11010000110		70
11010000011		70
11000011011		70
01111111110		70
01101100110		70
11001000110		69
10011111011		69
01101100111		69
11011100010		68
11010100101		68
11010010111		68
11001000111		68
11100000111		67
11010011011		67
01111111111		67
01100111110		67
00101111101		67
11111101011		66
11100011111		66
10110111001		66
01110111100		66
01101110001		66
01011111100		66
11011011011		65
11010101010		65
11010101001		65
11111011010		64
11100101001		64
11001100010		64
11000100011		64
01001111100		64
11110011111		63
11010100010		63
11000011000		63
11011101011		62
11011100011		62
11010000111		62
11000100010		62
00101111001		62
11110111011		61
11110101010		61
11101100010		61
11100000011		61
11011100100		61
10001111001		61
10000111001		61
01000111101		61
11111000110		60
11011000110		60
11000011010		60
11111100011		59
11110011000		59
11101011111		59
11010101011		59
11011010110		58
10110111111		58
10011111001		58
01110111101		58
01001010011		58
11101011010		57
11010110010		57
11010101111		57
11111000111		56
11100100001		56
11011110010		56
11011101010		56
10001111100		56
01011111111		56
11110101001		55
11101011011		55
11001101011		55
11000101011		55
10111111101		55
10101111011		55
11101000110		54
01111111100		54
01101111110		54
01001111111		54
11111101001		53
11100011001		53
11010101100		53
11010100011		53
10010111110		53
11100011010		52
11011111100		52
11011000111		52
11001011010		52
10100111001		52
10000111110		52
11011010111		51
11000100100		51
10011111111		51
11110101011		50
11101010111		50
11011101100		50
11010100110		50
11001010110		50
01100111111		50
11101011110		49
10000111111		49
11111010111		48
11110011001		48
11100010110		48
11000110011		48
10011111110		48
10010111100		48
11110110000		47
11110100100		47
11110100011		47
11000110000		47
10000111100		47
11101100011		46
11100010111		46
11011101001		46
11111010110		45
11101101010		45
11100100010		45
11001010111		45
10101111001		45
10001010011		45
01101111001		45
11010100111		44
01111010010		44
11011100101		43
10110111100		43
00010010001		43
11100101010		42
11001110011		42
11000010111		42
10111111100		42
11111100100		41
11010101101		41
11000111000		41
11000101110		41
11000101100		41
10010111111		41
01101010011		41
01100111101		41
11101110000		40
11100100011		40
11100011011		40
11001100100		40
11111110000		39
11011010001		39
11001110000		39
11110100101		38
11101101001		38
11011110011		38
11001110010		38
11000110010		38
11000100110		38
10100111101		38
01001111101		38
11101000111		37
11100100100		37
11011101101		37
11010111011		37
01111111101		37
11111110001		36
11101110011		36
11101101011		36
10001010000		36
10111111110		35
11110100110		34
11101110010		34
10100111110		34
10011111101		34
10001111110		34
01001010010		34
11110111010		33
11110110001		33
11110101111		33
11110101101		33
11001101110		33
10001111101		33
11111110011		32
11111101100		32
11100110000		32
11100101100		32
11100101011		32
10000111101		32
11011110000		31
11001110001		31
10101111110		31
01100010010		31
11101111000		30
11011110001		30
11010111111		30
10111111111		30
10010010001		30
11111111011		29
11000111010		29
11000101101		29
01101111101		29
11111101111		28
11110100111		28
11101010110		28
11010101110		28
10100111111		28
11101101100		27
11100101111		27
11011100110		27
11010110011		27
10010111101		27
11110010000		26
11101100100		26
11100101101		26
11001100101		26
11000101111		26
10101111111		26
01101111111		26
11110101100		25
00111010011		25
11111111001		24
11111101101		24
11101101101		24
11100100110		24
11100100101		24
11010111010		24
11000111110		24
11000100101		24
10101111100		24
10001111111		24
11001101100		23
11001100110		23
10110111110		23
11111111100		22
11111110010		22
11111100110		22
11110110010		22
11101101110		22
11100101110		22
11011101111		22
11011100111		22
10001010010		22
01111010011		22
11110101110		21
11101100111		21
11011111010		21
01101111100		21
11101100110		20
11100111010		20
11100110011		20
11100110010		20
11001100111		20
11110110011		19
11101111010		19
11101110001		19
11001111011		19
11001101101		19
11000111011		19
11111100101		18
11110111001		18
11001111110		18
10110111101		18
10100010000		18
01010010001		18
00100010011		18
11111111000		17
11101101111		17
11011111011		17
01011010001		17
00010010000		17
00000010010		17
11101100101		16
11001101111		16
11000111001		16
11000110001		16
11000100111		16
10101010011		16
10011010010		16
01100010011		16
11111101110		15
11110111111		15
11100100111		15
11011111000		15
11010111001		15
10110010001		15
00111110100		15
00101110101		15
00010110101		15
11111111110		14
11111100111		14
11110111000		14
11100110001		14
11011111101		14
11010111110		14
11000010001		14
10101111101		14
10101010010		14
11111010000		13
11000111111		13
11111111010		12
11011101110		12
11010111000		12
10111010000		12
11111010011		11
11110111100		11
11100111011		11
11001111010		11
11001111001		11
00101110100		11
00001010010		11
11010111100		10
11001111000		10
01010010010		10
11111111101		9
11101111001		9
11100111110		9
11011111110		9
11011111001		9
10100110100		9
01110010001		9
00101110110		9
11101111101		8
11100111111		8
11100111000		8
11001111111		8
01000010010		8
00111010000		8
00010010011		8
00000010001		8
11111111111		7
11110111101		7
11101111100		7
11101111011		7
10110010011		7
10000110100		7
10000010011		7
01000010001		7
00110010001		7
00000010000		7
11110111110		6
11101111110		6
11100111100		6
11011111111		6
11001111100		6
11000111101		6
11000111100		6
10111010011		6
10101010000		6
10010010000		6
01101010010		6
01010010011		6
00111010010		6
00001010011		6
11011010000		5
11010111101		5
11000010011		5
10011010011		5
01110110100		5
01100010001		5
01100010000		5
01011010011		5
01010110101		5
00001010000		5
11101111111		4
11100111001		4
11001111101		4
10111010010		4
10110010000		4
10101110100		4
10100010011		4
10100010001		4
10011010001		4
10010110100		4
10010010011		4
01110010000		4
01011010010		4
01011010000		4
01000010011		4
00011110101		4
00011010001		4
00010110100		4
00000010011		4
11111010001		3
11100111101		3
11001010011		3
11000010000		3
10111010001		3
10011110111		3
10000010001		3
10000010000		3
01111110100		3
01101010000		3
01010010000		3
01001010001		3
01001010000		3
00111110101		3
00101110111		3
00101010011		3
00100010010		3
00011010010		3
11101010010		2
11100010011		2
11010010010		2
10111110100		2
10100110110		2
10011110110		2
10011110101		2
10011010000		2
10010010010		2
01111010000		2
01110110111		2
01110010011		2
01000010000		2
00111110111		2
00111110110		2
00110010000		2
00101010010		2
00101010000		2
00100110111		2
00100110101		2
00011010000		2
00010110110		2
00001110110		2
00000110110		2
11111110100		1
11111010010		1
11110010011		1
11110010001		1
11101110111		1
11101010000		1
11100010010		1
11100010001		1
11100010000		1
11010010011		1
11010010000		1
11001010010		1
11001010000		1
10110010010		1
10101110110		1
10101110101		1
10101010001		1
10100110101		1
10100010010		1
10011110100		1
10010110110		1
10010110101		1
10001110100		1
10001010001		1
10000110111		1
10000110110		1
10000010010		1
01111110110		1
01111110101		1
01111010001		1
01110110101		1
01110010010		1
01101110110		1
01101110101		1
01101110100		1
01100110100		1
01011110101		1
01011110100		1
01001110110		1
00110010010		1
00100110100		1
00100010000		1
00011110111		1
00011010011		1
00010010010		1
00001110100		1
00001010001		1
00000110101		1
00000110100		1
