11011111101		1711
11010101111		1427
01100100111		1426
10000111101		1410
10001111111		1408
10000111100		1398
11110111111		1357
11000100110		1355
01010100111		1319
11010111111		1317
10100100111		1304
11001111111		1300
11000111101		1298
10001100111		1294
11110100111		1283
10001111100		1281
11001100111		1280
10010111111		1267
01000100111		1267
10010111100		1257
10000111111		1252
11010100101		1247
10101111111		1244
11110111101		1243
11010111101		1237
11111111101		1236
01011111101		1226
11010111100		1223
11000100111		1217
11000111100		1214
10011111100		1212
11111111100		1201
11101111101		1191
10100111101		1188
11010100111		1182
11110100110		1179
01101100111		1179
10110111111		1154
11001111110		1153
10100111111		1152
10000100110		1151
01001100111		1138
11001111101		1137
11111111111		1136
10011111110		1129
01000100110		1110
11010100100		1106
11101100111		1104
11100111111		1104
10000111110		1103
11100100100		1094
11011100111		1081
11000100100		1079
10010111101		1059
11111110001		1057
10111111101		1054
10001111101		1051
10111111111		1050
11000100101		1039
10010100111		1039
01011111100		1036
11111100111		1032
10010111110		1027
11001110011		1026
10111100111		1024
11100100111		1013
10101100111		1013
01001111101		1006
10000100111		1005
11110111001		994
11000111111		994
11010100110		993
11011111100		990
11101110001		975
10101111101		968
10000101110		962
11001100010		961
11101111100		960
11100111100		958
10100111100		953
11110100100		952
10110111110		952
11111100011		949
11011100101		944
11001110001		943
11101111111		937
01010100110		936
11100101101		927
10010101111		927
10001111110		927
11000111001		920
10011111111		919
11111100110		918
10111111100		916
11000101111		913
01110100111		912
11001111100		899
01001111111		895
11011100110		894
11000111000		889
11101100101		888
11010111110		886
11001101001		883
10101111110		879
11100100011		878
11000111110		875
11001000111		872
10000100101		871
01011100111		871
01111111101		870
11110111011		868
10000101111		868
11101110011		867
11011100011		864
11001111001		864
01100111111		864
10100101111		861
10101111100		858
01010111101		856
11110100101		855
10001101101		855
01110100110		850
10011101101		847
10110111101		844
10010101101		844
10001101111		843
11010101101		842
10000101101		840
11100111011		839
11101100100		837
11000101101		837
11001101111		831
11011000111		830
01111100111		829
11011110011		826
11111100101		824
11001011101		821
10011111101		821
11011100100		820
10100101101		816
10001101110		811
01001100110		809
11101101101		807
01000111101		804
11110111110		803
10100111011		801
11100100101		800
01110111101		799
11000100011		796
10010101110		796
11101101111		791
11010111011		791
11101111110		785
11100000111		784
10110100111		784
11011111110		783
01011110011		783
11101110000		782
11100111101		782
11110000110		774
11100101110		774
11100111110		772
01111100110		772
11110111100		769
11001101101		769
01001111110		767
10001110001		764
10001100110		764
11110010111		760
10011100111		760
01011111111		759
11010100011		757
10110111100		754
10100111110		754
10101100101		753
10100100101		749
11111101100		748
11011101111		748
10101100110		748
11001101011		746
01101111110		743
11110101111		741
11110101110		738
10110100110		735
01001100011		735
01000111111		733
11011011111		732
01010111100		732
11001101100		728
01001101111		728
11111101111		726
11001010111		724
10001110011		723
11101110010		721
11100100110		721
11111111000		720
10111111110		720
11100101111		718
10101101111		716
11000001111		715
11100111001		712
10000100100		712
01001111100		712
11000101100		710
11000110011		708
01111101111		708
11000101110		707
10001111011		707
01101111111		706
11010100001		702
01101111101		697
11000101011		696
11101100011		695
11100111000		693
11011111111		693
01011100110		693
11111010111		691
11001100011		691
01000100101		688
01101100110		686
11110111000		685
01000100100		685
10100111001		684
11101010111		683
11001111000		682
11010101110		681
01101101111		681
10001100101		680
10000101100		679
11000110001		678
10010111011		677
11110000111		673
11101100110		673
10001101100		670
01000111100		666
11110101101		665
01111111100		665
11100101100		661
10111111000		661
11111100010		659
11001100101		659
10101111011		659
11011111010		658
11011011011		658
11111111011		657
11111100100		657
10000111011		657
00011111101		657
01001100100		656
01001100010		655
01100111101		651
11111011110		650
11110110001		650
01111100101		649
11001110000		648
11011101101		647
01010111111		644
10000111001		643
11101101110		642
01100100110		642
11111111110		641
00101111101		641
10100100110		636
10111111010		633
10111111001		633
10101100100		630
11001101110		629
10110101101		629
01011100011		628
11101111011		627
11011010111		627
10111101101		626
01110100101		624
11010101100		621
01010100101		621
11000000110		618
01001110011		618
10100101100		617
11111000111		616
11000010111		616
11000010110		611
00111111100		611
11111101011		610
11101111001		610
11010010111		610
11011101011		609
11001110010		608
10111101110		607
10111100110		606
11000111011		605
10010100110		602
01111110001		602
11011011101		600
11011101100		598
00100111101		598
11001101010		597
10100101110		597
01011100101		597
01011010111		597
11001111010		596
11111011101		592
11100110001		592
01100100101		592
01011110001		592
10011101111		590
11100000110		589
11011111001		589
11011110001		589
11001111011		588
11001100100		588
10110101111		588
11001010110		586
01100101111		585
11010011101		583
01100111100		583
01001100101		583
01001111011		578
10011100110		576
11001011011		575
11010110001		574
10101101101		573
11010001111		572
11110111010		571
00111111101		569
11110011101		568
11001001111		566
00001111101		566
11101011011		564
11011101110		564
10110100101		561
10001111010		561
01000111110		561
11111001111		558
01111111111		558
10001100100		557
11100010110		556
01011100010		554
01010100011		554
11101101100		553
11101100010		553
10110101100		553
10011101100		553
11111011001		552
11111111010		551
11000011111		551
11001100001		550
10000111010		549
11001011111		548
11111011011		547
01111111110		546
10000111000		544
11011110010		542
10111111011		542
11010111000		541
10101110001		541
10101111001		540
01110111110		540
11110100010		539
11011111011		539
11010110011		539
10001111001		539
11011111000		537
11100100010		535
11011100001		534
11101111010		533
01001110001		533
11101000111		532
11100001111		532
00100111111		532
01110111111		530
01101100011		530
11100101011		529
01000000111		529
11000100001		528
10110101110		528
10100100100		527
11000101001		526
11110101100		525
11011100010		524
10110111011		524
01111000111		524
11000001011		523
11111101110		520
11101100001		520
01101111100		520
11110001111		519
11000011110		519
00001111100		519
11111010110		517
10111101100		517
11100110000		516
11011010110		516
11001100110		516
10110111000		516
11101101011		515
00001111111		515
10011111011		514
11101001111		513
11110101011		512
11000011101		510
11011001011		509
00101111100		509
11100010111		506
10011101110		506
11101011111		505
11100100001		504
10111110001		504
10101110011		504
10101101110		504
01111010111		504
01110100100		504
01000101111		504
11111101101		503
11101001010		502
11111110011		500
11111110010		499
10010100101		496
10010101100		494
11000000111		493
01100111110		493
01011111110		493
00000111100		493
11111111001		492
11111000110		492
11111110000		491
11101010110		490
11010111001		489
11010100000		489
11111000101		488
11111101010		487
11001000110		486
10100111000		485
01111100011		485
01011010110		485
11001101000		483
11110100001		482
11100011111		482
01001101110		482
11111100001		479
01001010111		479
11001001110		477
10011111010		476
11010001011		475
11001011110		475
11000011011		475
01110111100		475
11010011111		474
01111010110		474
01100100100		474
01101110000		472
11011110000		469
10101111010		469
01101100100		469
11000110000		468
11010000111		467
01101110011		467
00101111111		467
11110110010		466
01010000111		466
11001000010		465
01010101111		462
11000111010		461
01100000111		460
11100001011		457
01101100010		457
01011000111		457
01001101101		457
01101110001		454
11110010110		453
01000111001		453
11011101000		451
11100110011		450
10100111010		450
10001111000		450
01001000110		450
11001000011		449
10101111000		449
01100100011		449
01000110001		449
11000100010		447
10010111010		447
11011011001		446
11011011100		444
01110101111		444
01011101111		444
10101110010		443
10101101100		443
11101011110		442
11000110010		442
11010100010		441
10111101111		440
11101101010		439
01000100011		437
00110111100		437
00010111101		437
00100111100		435
01110000111		433
11110011110		431
01001110000		431
01101101110		430
11101010100		428
11101000101		428
11101011000		426
00011111100		426
11101011001		424
11010101011		423
11110001110		422
10011110011		420
01111101110		420
11101001011		418
11111011010		416
11110100011		415
11110110011		414
11010111010		413
11101000110		410
11100010101		410
11001001010		410
11100011110		404
11010010110		403
01010111110		403
11010101010		402
10000110011		400
10110100100		399
10001101011		397
01111100100		397
11000010101		394
01011111001		394
11011001111		392
10110111001		389
11101001110		388
11010110010		386
11100111010		385
01010100100		384
11011000010		382
11101111000		380
00001111110		380
11011101001		379
10011111001		379
11111011000		378
11010101001		376
01010010111		376
01000101101		375
11001011001		373
01111000110		373
00110111101		373
01100010110		372
10111100101		371
00100111110		371
11100011101		370
11011000011		370
10100110011		370
00000111101		370
11111000011		369
11110010101		369
11101000011		369
10111100100		369
01010111001		368
11001011100		366
10001110010		366
01100101110		366
11111001110		365
10110111010		365
10011100101		363
11001100000		362
11000100000		361
01000000110		361
11010000101		360
01010101110		359
11101101000		358
11100001110		358
11010000110		358
11000101010		357
01011100100		357
11110000011		356
11111000010		354
11101100000		354
01001110010		354
10101110000		353
11111100000		352
11111011111		352
11000011100		352
11111001101		351
01100110011		350
11110100000		349
11101000010		348
10010111001		348
10101100011		347
01011110000		347
11110101010		345
11101011101		344
11110011100		343
11010110000		343
11001010101		343
01010000110		343
01101101101		342
01001010110		342
11110110000		341
11111011100		340
11101010101		339
10101101011		339
11001000100		338
10001110000		338
01101010110		336
01100010111		336
11000001110		335
01101010111		335
01011110010		335
01101100101		334
01011000110		334
10100110001		333
01010110011		332
10010100100		331
11111001010		330
11100101010		330
11001001101		330
10011110010		330
01110100011		329
11011101010		328
01100101101		327
10011100100		326
11111010100		325
11011011110		325
11110000101		324
11000000011		321
01000100010		320
01111110000		318
11011011010		317
01011111011		315
01011101110		313
11100000101		310
11011011000		310
01100111011		309
01100111001		309
11100100000		308
00101111001		308
11100101000		307
11010011001		305
11000011001		304
01110101110		304
00001111001		303
01101111000		302
01011101101		302
11000011000		301
01111110011		301
00100111001		301
11010011011		297
01110111001		297
11011100000		296
01110000110		296
01000101110		296
11110011011		295
11011001110		295
00010111100		295
11000000101		294
01101110010		294
01111100010		293
10010111000		290
11011000110		289
11010001110		289
11001011010		288
01100110000		288
11100011000		287
01010101101		287
11101001101		286
11001010100		285
01001101100		285
11110000010		284
11100011100		284
01110010111		284
10111010111		282
10000110001		282
11111101001		280
01100100010		279
11011000101		276
11001001011		276
11110101001		275
11010011100		275
10011110000		275
10101010111		274
10001100011		273
01101111001		273
11011001101		272
10011111000		272
01101000111		272
11000001001		271
01101111011		271
01000010111		270
11101101001		269
11000010100		269
11000001101		269
10011110001		269
11000001010		268
00011111001		268
01001111001		267
11100101001		266
10110110011		264
01111111001		264
11010101000		263
10111000111		262
10101101001		261
01010100010		261
00101111110		261
11001000101		259
11100001010		256
11000000010		256
10101011111		256
11001011000		254
11000011010		254
11110001011		253
01010110001		253
01001000111		253
11100000011		250
00000111111		250
11101011100		249
10100010111		246
11010000011		245
10100101011		245
11100011011		244
01111101101		244
11010011010		239
11010010101		239
10111110011		239
11100001101		237
00101111011		236
11111010101		234
01110110001		234
01101101100		233
01100101100		233
11110101000		232
11111101000		231
10111010110		230
10111110010		229
01000111011		229
01110010110		228
00011111110		228
00111111110		227
01101000110		226
11101011010		224
11001000001		224
11110011010		223
10100100011		223
01110100010		222
11100110010		220
11010000010		220
01100110010		220
11110001010		219
10111100011		219
00000111110		219
10001101001		218
01111110010		217
01100000110		217
11111001011		216
01000010110		215
11100011010		214
11011000001		212
01110101101		212
00001111000		210
11100011001		208
11000101000		208
01011111000		208
01010010110		208
00101111000		208
00011111111		208
11110011111		206
10110110001		205
10101011011		203
01000101100		202
00010111110		200
10111011011		199
11010010100		198
11100001001		196
01011111010		196
01001111000		195
10111110000		194
11011001010		192
11100000010		191
11011010101		191
01101111010		189
01010110010		189
11010011000		188
01100110001		188
00001111011		186
01010111011		185
01000110011		184
11110011001		182
01000111000		182
10110010111		181
01010111000		180
11110010100		178
11010011110		178
11000000100		178
00111111111		178
11101000001		176
01011101100		176
00010111111		176
11111001001		175
11100000100		175
10011010111		175
10010110011		175
10001010111		175
01001111010		175
10010110001		174
00100100111		174
10110101011		171
00101100111		171
11110011000		170
11100010100		170
00101110001		170
11010000100		169
11111000100		168
10011101011		168
00110111111		168
00000111011		168
01110110011		166
01111100001		164
11010001010		162
10100110000		162
10111000110		161
00100111000		161
11010001101		160
10101010110		160
01010110000		160
00100111011		160
10001011011		159
10000101011		159
11111000001		158
01101100001		157
10101101010		153
10100110010		153
10011010110		153
10101000110		152
10100000111		151
10000010111		151
11101001100		150
10110000110		149
11001001100		148
01110110000		146
01101101011		146
01111111000		145
11011010100		143
00011111000		143
11010000001		142
01100111000		142
11110001101		141
10000100011		141
11110001100		140
10000011111		140
01010101100		140
11111001100		139
11010001001		139
01111101100		139
11110000100		137
10000110010		136
10101100001		135
10100010110		135
10111101011		134
10010000111		134
01011100001		134
01000110010		133
11011001001		132
10111011110		132
10000110000		132
01110111011		132
01110111000		131
10011000111		130
01100111010		130
01000110000		129
11110001001		127
10001101010		127
01000111010		127
11101000100		126
10111011111		125
10010110000		125
11100000001		123
10101100010		122
10100011111		121
01100100001		120
10110110000		119
10001100010		119
10101011110		118
10100100001		118
10110000111		116
10001000111		116
11001001001		115
10100101010		115
10110110010		114
00010111001		114
10100011011		113
10011100011		113
01011001111		113
00101111010		113
00000111001		113
11011000100		112
10010100011		112
10101000111		111
10110100011		109
10100000110		109
10001010110		108
01110110010		108
01100101011		107
10111011101		106
01011011111		106
01000101011		105
10101011001		103
01010111010		103
10010010111		102
10000010110		102
11001000000		101
10110010110		101
10010110010		101
11100001100		100
01111111011		100
00001100111		100
00111111000		99
11101000000		98
10100101001		98
01000100001		98
10010000110		97
01111111010		97
01001100001		97
11001001000		96
10100011110		96
10011000110		96
10000000111		96
01011101011		96
01101100000		95
00110111110		94
10101011101		93
00000111000		93
10111100010		92
10111001111		92
10000000110		92
10001011111		91
10011011111		90
00001111010		90
10110011111		89
10100100010		89
10101010101		88
01110101100		88
00110111000		88
11110000001		87
10000101001		87
00000100111		86
10000011011		84
01001101011		84
00001110001		83
10101101000		82
01010100001		82
00110111001		82
00101110011		82
10001000110		81
11011010001		80
10001001111		79
10011100010		78
01111001110		78
11010001100		76
11000001000		76
10000101010		76
01001101001		76
10001011101		75
10000100001		75
01101001111		75
00111111001		75
11101001000		74
11000001100		74
10110100010		74
01111101011		74
01111001111		74
01110101011		74
01001001111		74
10110001111		73
10011011101		73
01111011110		73
01111000101		73
01110111010		73
11000000001		72
10111011010		72
10011011011		72
10001000101		72
10000011101		72
01110100001		72
01011000011		72
01001011111		72
10111011001		71
10100001111		71
10010010110		71
10000100010		71
01111011111		71
01101000010		71
10111101001		70
10111000001		70
10011001101		70
10010011101		70
01100001111		70
00101100110		70
01111000011		69
01001011011		69
01101101001		68
01001000011		68
00100111010		68
01011011101		67
00101110000		67
00011110001		67
10111000010		66
10010011011		66
10000001111		66
01101011111		66
10111001110		65
10101011000		65
10011101010		65
10001100001		65
11011001100		64
10100011010		64
10011001111		64
10001011110		64
01000011111		64
00111110001		64
00110100111		64
00011111011		64
10101011010		63
10010001111		63
01010001111		63
10010100001		62
01001100000		62
01000011101		62
00111100111		62
00000100110		62
11111000000		61
10111101010		61
10111011100		61
10100011101		61
10010101010		61
01101000011		61
01100101001		61
10110011101		60
10101001111		60
10011011100		60
10011000001		60
01101011011		60
01000011110		60
00100100110		60
10111100001		59
10101000011		59
10001011010		59
10000011001		59
11011110101		58
10011011110		58
10011001011		58
10010011001		58
10001000011		58
01011101000		58
00011100111		58
11110001000		57
11101001001		57
10110011110		57
10011011010		57
10010101011		57
10010101001		57
01111101001		57
01001000010		57
11010001000		56
10110101010		56
10010100010		56
10000011110		56
01111011101		56
01111000010		56
00010111000		56
01011011001		55
10111000101		54
10011000011		54
10010011100		54
10000000011		54
01010000010		54
10011011001		53
01001101010		53
10101001110		52
10001010101		52
10000000101		52
01100011111		52
01011011011		52
00010100110		52
00001110011		52
10101011100		51
10001101000		51
10001000010		51
01101010101		51
01011101010		51
01011011000		51
01001011110		51
01000010101		51
10111011000		50
10110011011		50
10100011001		50
10001011001		50
01111001101		50
01101010100		50
01011000010		50
01001011101		50
10011000010		49
10001001110		49
01000001111		49
01000001011		49
10110010101		48
10110000101		48
10100001110		48
10010010101		48
01010011111		48
11111010011		47
11111001000		47
10100010101		47
10001010100		47
10000100000		47
01110001111		47
01010101011		47
01000000011		47
00100101101		47
10110100001		46
10011100001		46
01111011001		46
01101101010		46
01101001010		46
01100011110		46
01010011101		46
01001010100		46
00011100110		46
00011100101		46
00010100111		46
00001100110		46
11110000000		45
10001001011		45
10000001101		45
01111011011		45
01100001110		45
01011001010		45
01010001011		45
00010110001		45
00000100101		45
00000100100		45
10111010100		44
10111001011		44
10110100000		44
10100000011		44
10001100000		44
10000110101		44
01001011001		44
01000100000		44
00011110000		44
10001001101		43
10000001110		43
01101011001		43
01100010100		43
01001110111		43
01001001110		43
00111101111		43
00111100110		43
00110010111		43
10101001011		42
10100001011		42
10010001011		42
10001011100		42
01111101010		42
01111100000		42
01110011101		42
01010000101		42
01001000100		42
00101110010		42
00100101111		42
00010101101		42
00000101111		42
10110101001		41
10110001110		41
10101001010		41
10010100000		41
10010000101		41
10001000100		41
01110010101		41
01101011110		41
01101000101		41
01010100000		41
01001101000		41
01001000101		41
01000101010		41
01000000010		41
00101100011		41
00010010111		41
11100001000		40
10111000011		40
10101010100		40
10100011100		40
10011101001		40
10010011111		40
10000010101		40
01111011100		40
01110110100		40
01101001110		40
01100011101		40
01100011100		40
01010010101		40
01010000011		40
00111001110		40
00101100100		40
00011101111		40
11011000000		39
11000000000		39
10101100000		39
10101000001		39
10001000001		39
01110001110		39
01110001101		39
01101001011		39
01011011110		39
01010101010		39
00011111010		39
00011011001		39
00010101111		39
00000111010		39
10000010100		38
10000001011		38
01111000001		38
01110000011		38
01101011101		38
01100100000		38
01010001101		38
01001001011		38
01000011001		38
00101101111		38
00101101001		38
00101010111		38
00100110001		38
00011011101		38
10111001101		37
10111001100		37
10101000010		37
10011010101		37
10011001010		37
10010000010		37
10000011100		37
01011001011		37
01010011110		37
01010011011		37
01000000101		37
00110101101		37
00110100101		37
00010101110		37
11100000000		36
01111001010		36
01110000010		36
01011000001		36
01000011011		36
00100100101		36
00011000011		36
00010100101		36
00001101111		36
00001100100		36
00000110001		36
10010001110		35
01111001011		35
01011010100		35
01010101001		35
00110110001		35
11011001000		34
10111101000		34
10110011100		34
10110011001		34
10101000101		34
10100001101		34
10100001001		34
10011101000		34
10011100000		34
10010000100		34
01101101000		34
01100010101		34
01011010101		34
01000011100		34
01000010100		34
00110100110		34
00110001111		34
00001110000		34
10111001010		33
10110101000		33
10110001011		33
10100101000		33
01111010101		33
01100001011		33
01010001110		33
01000101001		33
01000001110		33
00111100011		33
00111001111		33
00101100101		33
00101000101		33
00100101110		33
10110000010		32
10011001110		32
10001001010		32
01110000101		32
01001010101		32
00100101100		32
00011110011		32
00010100100		32
00001101101		32
00000101110		32
10010010100		31
10000011000		31
01111011010		31
01110100000		31
01110011011		31
01011011100		31
01010011001		31
01010000100		31
01001001010		31
01000001101		31
01000001001		31
00111111011		31
00101101101		31
00100000111		31
00011101101		31
00011000010		31
00010101100		31
00001110010		31
00001010111		31
00001010110		31
00000110011		31
10110001010		30
10010001101		30
10001011000		30
10000110100		30
10000011010		30
01100001001		30
01011101001		30
00111000110		30
00101101110		30
00011010111		30
00011010110		30
00000101100		30
10110001101		29
10100001100		29
10100000101		29
10011001001		29
10010001001		29
10010000011		29
10001001100		29
01111010100		29
01110101010		29
01110001011		29
01011100000		29
01011001101		29
01001001101		29
00011100100		29
00000000111		29
11110110101		28
10101000000		28
10100010100		28
10100000010		28
10011010100		28
10010011000		28
10000001010		28
01111011000		28
01101011000		28
01100000101		28
00111111010		28
00111101100		28
00111100101		28
00111100100		28
00001011101		28
00000101101		28
10100110100		27
10100011000		27
10100000001		27
10011000100		27
01100101000		27
01100011000		27
01100000001		27
01011001001		27
01001000001		27
00111011110		27
00010010101		27
00001101100		27
00001100101		27
11101110100		26
10111010101		26
10101001101		26
10100000100		26
10000101000		26
01100101010		26
01100011011		26
01011001110		26
00111010111		26
00110000110		26
00110000100		26
00101010110		26
00101001111		26
00100100100		26
00100010111		26
00010001110		26
00000011110		26
10111100000		25
10101000100		25
10011000101		25
10000001001		25
01110011110		25
01110011100		25
01110011001		25
01011011010		25
01011000101		25
01011000100		25
00101101100		25
00101101011		25
00101100001		25
00101000111		25
00100101011		25
00010111011		25
00010100011		25
00010010110		25
00010001101		25
00001000111		25
00000001111		25
10111000000		24
10010011110		24
01101011100		24
01100000011		24
01010011100		24
01010001100		24
01000101000		24
00100110000		24
00011000111		24
00010011101		24
00010000101		24
11110110110		23
11001010011		23
10110000011		23
01111101000		23
01100011001		23
01001011010		23
00111010101		23
00011001101		23
00010111010		23
00010000111		23
00001101001		23
00001000100		23
00001000010		23
00000101011		23
00000000110		23
11101010011		22
11100110101		22
10110011010		22
10100100000		22
10011001000		22
10000000010		22
01111000100		22
01110011111		22
01101001100		22
01101001001		22
01101000100		22
01100011010		22
01010001001		22
01000011000		22
00111110011		22
00111000111		22
00110101110		22
00100110011		22
00100010110		22
00010001111		22
00001101110		22
00001000011		22
00000011111		22
00000010111		22
10111000100		21
10110010100		21
10011001100		21
10010001010		21
10000000001		21
01110010100		21
01010010100		21
01001011100		21
01000011010		21
00110101111		21
00101011111		21
00101011011		21
00100100011		21
00011101110		21
00011100011		21
00011011011		21
00000100011		21
00000000011		21
11010110110		20
01110000100		20
01101011010		20
01101001101		20
01101000001		20
01010101000		20
00111110000		20
00111011001		20
00110100100		20
00110001011		20
00101011101		20
00100001111		20
00100001110		20
00011100010		20
00001100010		20
00001100001		20
00001001111		20
00000100010		20
11111010000		19
11010000000		19
10110000100		19
01111001001		19
01100001100		19
01001011000		19
01001001100		19
00111101101		19
00101101010		19
00011001011		19
00011000110		19
00010110010		19
00001100011		19
00001011110		19
00000110000		19
10010101000		18
10001001000		18
10000000100		18
01110101001		18
01110011010		18
01110001100		18
01110001010		18
01100001101		18
01010011010		18
01010001010		18
01000001010		18
00111011101		18
00111010110		18
00111001101		18
00111000001		18
00110101100		18
00110100001		18
00101000110		18
00100001101		18
00100000101		18
00011011100		18
00010101001		18
00010001011		18
00010001001		18
00001011111		18
00001001101		18
10111001001		17
10110000001		17
10010110100		17
10000001000		17
01100000100		17
00110000111		17
00110000101		17
00101100000		17
00100011110		17
00011101011		17
00011001111		17
00010000100		17
00001011100		17
00000011101		17
11000010011		16
10110001100		16
10100001010		16
10001000000		16
10000001100		16
01110000000		16
01100001010		16
01011000000		16
01010011000		16
01001001000		16
00111101110		16
00111100010		16
00111011011		16
00111000101		16
00111000011		16
00101100010		16
00101011001		16
00100011011		16
00011110010		16
00011100001		16
00011011111		16
00010110000		16
00010100001		16
00001101011		16
00001001110		16
00001000110		16
11100110111		15
10110011000		15
10110001001		15
10100001000		15
10000000000		15
01111001100		15
01110001001		15
01110000001		15
01100000010		15
01010001000		15
01000110111		15
00110111011		15
00110110011		15
00110101011		15
00110101001		15
00110010110		15
00110000001		15
00100100001		15
00100000100		15
00010110011		15
00010000110		15
00000011100		15
00000010110		15
11101010010		14
10111001000		14
10011011000		14
10010011010		14
01101001000		14
01100000000		14
01001001001		14
01001000000		14
01000001100		14
00110001110		14
00101101000		14
00101001010		14
00100100000		14
00100011111		14
00011101100		14
00011001100		14
00010010100		14
00010000010		14
00001100000		14
00000100001		14
01110101000		13
01110011000		13
00111101011		13
00110011111		13
00101011100		13
00101010101		13
00101000000		13
00100110010		13
00100000110		13
00011101001		13
00011101000		13
00010101010		13
00001101010		13
00001011001		13
00000011011		13
00000001110		13
10110001000		12
01100110101		12
01011001000		12
01000000100		12
00111110010		12
00111100001		12
00111010100		12
00111001100		12
00111000010		12
00110100011		12
00101001011		12
00100001011		12
00010101011		12
00001101000		12
00001001011		12
00001000101		12
00000011001		12
00000001100		12
00000001011		12
10101001100		11
10100110111		11
10011110110		11
01111001000		11
01100001000		11
00111011000		11
00110111010		11
00110011101		11
00101001100		11
00100010100		11
00011101010		11
00010011001		11
00010000011		11
00001010101		11
00000110010		11
00000011000		11
00000001001		11
00000000001		11
10010001100		10
10010001000		10
10001001001		10
01101000000		10
01011001100		10
01010000001		10
01000110110		10
01000000001		10
00111101001		10
00111100000		10
00111001001		10
00111000000		10
00110110000		10
00110100010		10
00110100000		10
00110011110		10
00101011110		10
00101010100		10
00101001110		10
00100100010		10
00100010101		10
00100001100		10
00011010100		10
00011000000		10
00010100010		10
00010100000		10
00001010100		10
11000110101		9
10101001001		9
10101001000		9
10100110101		9
10010000000		9
10001110101		9
01111000000		9
01001110110		9
00111011010		9
00111001010		9
00110101010		9
00110011100		9
00101000100		9
00101000011		9
00101000001		9
00100011101		9
00100011001		9
00011000101		9
00011000100		9
00010011111		9
00010011100		9
00010000001		9
00001011011		9
00000001101		9
00000000101		9
00000000010		9
11001010010		8
01010110101		8
01000001000		8
01000000000		8
00111011100		8
00111001011		8
00110000000		8
00101011010		8
00101011000		8
00101001101		8
00101000010		8
00100011000		8
00100000011		8
00011100000		8
00011011110		8
00010011011		8
00001001100		8
00001001010		8
00000010100		8
11110110100		7
11110010000		7
11100110100		7
11010110111		7
10101110111		7
10100000000		7
10011000000		7
10010000001		7
01110001000		7
01011010001		7
00111011111		7
00110110010		7
00110010101		7
00101110100		7
00100101000		7
00100001010		7
00011001110		7
00011001000		7
00011000001		7
00010011110		7
00010001100		7
00001011010		7
00001011000		7
00000100000		7
11011110100		6
10110000000		6
01110110101		6
00110011011		6
00110001101		6
00110001000		6
00110000010		6
00100101001		6
00100011100		6
00100011010		6
00100001000		6
00010101000		6
00010001010		6
00000101010		6
00000101001		6
00000011010		6
00000010101		6
11111010010		5
11110010011		5
11001110111		5
10011010001		5
00111110100		5
00111101010		5
00110010100		5
00011011010		5
00011011000		5
00010011000		5
00001001001		5
00001001000		5
11101110101		4
11011010011		4
11011010010		4
11011010000		4
11010110101		4
11010110100		4
11001110101		4
10101010011		4
10010110110		4
10000110111		4
01111010010		4
01101110111		4
01010000000		4
01001010010		4
00110001010		4
00110001001		4
00110000011		4
00100101010		4
00100000010		4
00011010101		4
00001000001		4
00000110101		4
00000001010		4
11111110101		3
11110010001		3
11101010001		3
11100010011		3
11011110110		3
11000110110		3
11000110100		3
10110110110		3
10110110100		3
10001110111		3
10000110110		3
01100110100		3
01011110111		3
01011110101		3
01011110100		3
01001110101		3
01001010011		3
01000110101		3
00111101000		3
00110101000		3
00110001100		3
00100000001		3
00011001010		3
00001000000		3
00000001000		3
00000000100		3
00000000000		3
11110110111		2
11101110111		2
11100110110		2
11010010011		2
11010010001		2
11001010001		2
11001010000		2
11000010000		2
10111010011		2
10101110101		2
10101110100		2
10100010000		2
10011110111		2
10011110101		2
10011010011		2
10010110101		2
10010010001		2
10000010011		2
01111110101		2
01111010011		2
01101110101		2
01100110111		2
01011010000		2
01000110100		2
00111010011		2
00111000100		2
00110011010		2
00110011001		2
00101110110		2
00101001000		2
00100001001		2
00011010001		2
00011001001		2
00010011010		2
00010010001		2
00010001000		2
00000110111		2
00000101000		2
11111110111		1
11111010001		1
11110010010		1
11101110110		1
11101010000		1
11100010010		1
11010010000		1
11001110110		1
11000110111		1
11000010010		1
10111110111		1
10111110110		1
10111010010		1
10111010000		1
10110010000		1
10101010010		1
10101010001		1
10100010001		1
10010110111		1
10010010011		1
10001110110		1
10001110100		1
10001010011		1
10001010000		1
10000010010		1
01111110111		1
01111110100		1
01111010001		1
01110110111		1
01110110110		1
01110010011		1
01110010001		1
01101110110		1
01101110100		1
01101010011		1
01101010010		1
01100010011		1
01100010010		1
01100010001		1
01011110110		1
01011010011		1
01011010010		1
01010110111		1
01010010011		1
01001110100		1
01001010000		1
01000010011		1
01000010001		1
00111010001		1
00111010000		1
00111001000		1
00110110100		1
00110011000		1
00101001001		1
00100110100		1
00100000000		1
00011010010		1
00010110101		1
00010110100		1
00010000000		1
00001110111		1
00001110110		1
