Term	Coefficient	StdErr	P-value
mean	6.636799578086748	0.008625722406452875	0.0
16	1.45664761477832	0.01725144481290575	0.0
2	-0.4166341887834377	0.01725144481290575	3.672066264851464e-129
11	-0.24395597297023636	0.01725144481290575	1.0583597186874578e-45
13	0.21772323838401536	0.01725144481290575	8.130963150281367e-37
15	-0.1671543199233625	0.01725144481290575	1.6741765646453515e-22
7,16	-0.2930086060365608	0.0345028896258115	1.013007876631855e-17
8	0.14317031459474838	0.01725144481290575	5.24809840596992e-17
11,13,16	0.4932528209260724	0.069005779251623	4.402792909017965e-13
2,8,11	0.4659356006983254	0.069005779251623	7.284797074441852e-12
7,8,11,14	0.8498721950061426	0.138011558503246	3.6839702982465047e-10
2,7,8,14	-0.8025818340736288	0.138011558503246	3.0258401557208825e-09
8,11	-0.196913684767547	0.0345028896258115	5.7436699508121514e-09
7,11	-0.16028400564176687	0.0345028896258115	1.696070757279123e-06
2,16	0.1591505505579981	0.0345028896258115	1.9876163020249687e-06
8,11,14,16	0.601620400318895	0.138011558503246	6.52684899885771e-06
7	0.07495353994014356	0.01725144481290575	6.9711199263908165e-06
2,7,16	0.29924428362467487	0.069005779251623	7.2381270128190406e-06
8,14	0.1455375081695266	0.0345028896258115	1.231710160283074e-05
2,7,13,15	0.5662649252682799	0.138011558503246	2.0389126125386476e-05
7,14,15,16	0.545789148285855	0.138011558503246	3.8321367332552594e-05
2,8,15	-0.27148829634156435	0.069005779251623	4.1722628495888604e-05
7,11,14	0.2629384918473231	0.069005779251623	6.93756557064588e-05
8,11,13,14	-0.5180844258105928	0.138011558503246	8.704503139808622e-05
7,13,15,16	-0.5112500570544458	0.138011558503246	0.00010594571762600829
2,11,14,15	-0.5095794158677756	0.138011558503246	0.0001111196419448001
7,11,13	0.2521562097134218	0.069005779251623	0.00012902686475241857
11,15,16	0.24758573287783817	0.069005779251623	0.0001666769927592059
11,13,15,16	-0.48897965225833623	0.138011558503246	0.0001977758068798886
7,13,14	0.23642696169196226	0.069005779251623	0.0003060551887092652
7,8,11,13,15,16	-1.84586680842417	0.552046234012984	0.000413372892754002
7,8,14	0.22894278435489007	0.069005779251623	0.00045375516110989644
7,11,15	0.224895240032898	0.069005779251623	0.0005588740050718621
7,14,15	0.22418827127814897	0.069005779251623	0.0005793968923358936
13,14,15	0.2210171712776968	0.069005779251623	0.0006803053344043532
2,11,15	-0.22047910167811177	0.069005779251623	0.0006989563377638078
2,7,8,11,14	-0.8473808862896179	0.276023117006492	0.0010704247681281901
2,7,8,11,14,16	-1.6688913908617127	0.552046234012984	0.0012509946008704177
8,11,15,16	-0.41624264286843354	0.138011558503246	0.0012806729582946702
7,11,13,14	-0.41617763266024765	0.138011558503246	0.0012826639059953016
2,8,11,13,14,15,16	-3.3233934203992	1.104092468025968	0.001305945982326537
8,16	-0.10279286483551121	0.0345028896258115	0.0014447566890996417
2,7,11,16	0.4099320158576956	0.138011558503246	0.001487675692492948
7,8,11,15	-0.4020263540635742	0.138011558503246	0.0017899276568627733
7,15,16	0.20089796480243996	0.069005779251623	0.001799521081689027
7,11,13,14,15,16	-1.5983273992545746	0.552046234012984	0.0018941134795424361
2,7,11,13,15	-0.7874792977868608	0.276023117006492	0.0021657928965382947
8,11,14	0.19500607329420813	0.069005779251623	0.00235711731041332
2,14,15	-0.19255713463202842	0.069005779251623	0.00263174641984147
11,14,16	-0.18815584625639098	0.069005779251623	0.0031988692863231375
7,8,11,14,16	0.7322909984070896	0.276023117006492	0.003988922086247349
7,8,14,15,16	-0.7270173669672386	0.276023117006492	0.00422051365846556
2,15,16	-0.1808292491534702	0.069005779251623	0.004390120276212607
2,13,14,15,16	0.7180974147723778	0.276023117006492	0.004639712445605086
2,8,11,14,16	-0.7139407537177842	0.276023117006492	0.004847453749794262
7,14	0.08921753358052543	0.0345028896258115	0.004857679969331925
2,7,11	0.1755924990428607	0.069005779251623	0.005470059814885386
7,8,13,14	-0.3498705803210713	0.138011558503246	0.0056210546974613425
11,15	0.0869552529391061	0.0345028896258115	0.0058638916010557065
2,8,14,15,16	0.6884064202791663	0.276023117006492	0.006315319975551654
7,13	-0.08583242899919356	0.0345028896258115	0.006428821450500643
2,11,14,16	0.3352782459540833	0.138011558503246	0.007562981451035477
13,14,16	0.16739053284679026	0.069005779251623	0.007638466940021291
2,8,11,13,15,16	1.337616982821577	0.552046234012984	0.007696119567334494
2,8,11,15	0.3305497905773265	0.138011558503246	0.008308194445980218
2,7,15	-0.16522531907473792	0.069005779251623	0.008324488095353706
2,7,14,15,16	-0.6518148891809322	0.276023117006492	0.009101804390893621
2,7,11,13	-0.32537114485548346	0.138011558503246	0.00919763074932525
2,7,13,14	-0.31641777923532477	0.138011558503246	0.010932916985807227
2,13,14	-0.1556151131009752	0.069005779251623	0.012063444338511628
2,7,8,14,15,16	1.2422164809805183	0.552046234012984	0.012218008618064984
2,13	-0.0774235277949366	0.0345028896258115	0.012417092562986419
2,11,13	0.1540679814006687	0.069005779251623	0.012784951501742938
7,8,13,14,15	0.6139286020427304	0.276023117006492	0.013067740978871024
2,11	0.07631155894249077	0.0345028896258115	0.013492179386452348
7,8,15,16	-0.29695012498124	0.138011558503246	0.01571316362541165
2,8,14	-0.14827472510788078	0.069005779251623	0.015827940741489993
8,11,13,14,15,16	1.1819732921112664	0.552046234012984	0.016133929343175292
7,8,11,16	-0.2897701648378616	0.138011558503246	0.017881671618937264
7,11,16	-0.14475774994456533	0.069005779251623	0.017963056417039956
8,14,15	-0.14446673665106852	0.069005779251623	0.018150244691089442
2,8,11,16	0.2882890128947002	0.138011558503246	0.018359449712943104
11,13,14,16	0.28353910411808236	0.138011558503246	0.019965638375615526
2,7,13,16	0.28130348748270745	0.138011558503246	0.020761951475615364
7,13,14,16	-0.27709549794019195	0.138011558503246	0.02233385709471089
13,16	-0.06913446843449442	0.0345028896258115	0.02254950565786141
2,8,13,14,15,16	-1.1061283170221052	0.552046234012984	0.022551755727037128
2,8,11,15,16	0.5507401503230116	0.276023117006492	0.02300681762715187
2,8,13,14,15	0.5501605425966037	0.276023117006492	0.023121507408978063
8,11,16	0.1349536083442099	0.069005779251623	0.02525110143722408
15,16	0.06615464505207314	0.0345028896258115	0.02759576649776317
2,7,14,15	-0.26427688665058785	0.138011558503246	0.02775329747553508
7,11,15,16	0.2629643711394383	0.138011558503246	0.028365389929923015
2,7,11,13,14,15,16	2.102891668863914	1.104092468025968	0.028413854543725997
2,7,11,15	-0.26047047809336793	0.138011558503246	0.029559377784343154
7,8,11,14,15	0.5191930294447998	0.276023117006492	0.02998754971480462
2,15	-0.06469516904274109	0.0345028896258115	0.030391874371612216
14,15,16	0.12919973605538343	0.069005779251623	0.030582339422972234
7,8,13,15	0.25701833876919516	0.138011558503246	0.03128070715019533
2,11,15,16	-0.2567428009033392	0.138011558503246	0.03142159871828279
2,7,8,13,14	0.513166269375062	0.276023117006492	0.031503481126969414
2,7,8,13,14,16	1.0238972624716203	0.552046234012984	0.03181732495707846
2,13,15,16	0.24977526691805868	0.138011558503246	0.03516230896811582
7,8,11,13	-0.24749764180585893	0.138011558503246	0.03646160716940761
13,15,16	-0.12257013573555045	0.069005779251623	0.037847507183985565
7,8,11,13,14,15	-0.9796009943560646	0.552046234012984	0.03799099663326943
7,13,14,15	-0.24489264461570648	0.138011558503246	0.03799554965079931
2,8,15,16	-0.2448618720190065	0.138011558503246	0.03801397984987646
2,8,11,13,16	-0.48819826821518386	0.276023117006492	0.03847313119271899
7,14,16	-0.12154648337312182	0.069005779251623	0.039085725522477424
7,13,14,15,16	0.48105075468850167	0.276023117006492	0.04068501683389475
14	0.030020857538275728	0.01725144481290575	0.040912495779387395
8,11,13	-0.11915045927294207	0.069005779251623	0.04211314716893451
2,8,11,13,14,16	-0.9479961974672455	0.552046234012984	0.04296761153064684
2,8,11,13	-0.23554209446158197	0.138011558503246	0.043940417680914896
7,8	0.058664034897504894	0.0345028896258115	0.04454060185325679
7,8,11,13,14,15,16	1.8770884717744298	1.104092468025968	0.044554281492876505
2,7,13	0.11697520532067487	0.069005779251623	0.04502340403448716
2,7,11,14,15,16	0.9072713920586626	0.552046234012984	0.05014286973458899
7,13,15	-0.11262293860170977	0.069005779251623	0.051331337945699274
2,7,8,15	-0.22515307321629136	0.138011558503246	0.05140219576885405
2,11,13,14,15	0.4496754212240557	0.276023117006492	0.051643563358072665
7,8,13	0.11161585763836182	0.069005779251623	0.05288674549126055
8,11,14,15,16	0.4427014707368978	0.276023117006492	0.05437284343998406
2,7,8,11,13,15,16	1.7698209473223572	1.104092468025968	0.05447125433750581
2,8,11,14,15	0.4423962810960389	0.276023117006492	0.05449483772960761
8,13,15	-0.10866443733277195	0.069005779251623	0.057661119169418185
2,8,11,13,14,15	-0.8627074461024606	0.552046234012984	0.05905630245968602
2,14,16	-0.10626137682500361	0.069005779251623	0.06179346529160157
2,7,8,16	-0.2113509662645489	0.138011558503246	0.06283522337582019
2,7,8,14,16	-0.4194754734072097	0.276023117006492	0.06429176448818998
2,7	-0.0516831279349762	0.0345028896258115	0.06707491154956241
11,14	-0.051498889793386016	0.0345028896258115	0.06777142953684206
13,14	0.051391643855148564	0.0345028896258115	0.06817944102124744
2,7,11,13,15,16	0.819260004644073	0.552046234012984	0.06889883947248458
2,11,13,14,16	-0.4071030329892733	0.276023117006492	0.0701214015879795
2,7,8,13	-0.20237392464668175	0.138011558503246	0.0712758135120081
7,11,14,15,16	-0.4006451210273817	0.276023117006492	0.07332156761869503
2,7,13,15,16	0.3962936963136011	0.276023117006492	0.07554009456465002
2,7,8	0.09696641121266228	0.069005779251623	0.07998200518293241
2,7,8,11,14,15,16	-1.54702300926213	1.104092468025968	0.08058138245860641
2,8,13,14	0.19277495376646697	0.138011558503246	0.08123641560928946
8,13,16	-0.09429458507438324	0.069005779251623	0.08589515925021773
2,8	-0.04711287410669861	0.0345028896258115	0.0860517165533965
2,7,8,13,14,15	-0.7509895789075709	0.552046234012984	0.08685573350102915
8,15,16	0.0935276009702522	0.069005779251623	0.08765160976396197
8,14,16	0.09326133466275871	0.069005779251623	0.08826760427667679
2,8,13,16	-0.18549386681935615	0.138011558503246	0.08946677532311098
2,13,15	0.0924535980677649	0.069005779251623	0.0901560006975905
2,7,8,11,15,16	-0.7357879144928432	0.552046234012984	0.09129257063035456
7,11,14,15	0.1818636477921572	0.138011558503246	0.09379498975002593
13,15	-0.04501901397841883	0.0345028896258115	0.09598223874421297
8,11,13,15,16	-0.3576664897546701	0.276023117006492	0.09752486162458412
2,8,11,13,14	0.3524497567330782	0.276023117006492	0.100821438736371
7,8,14,16	-0.1710341470180199	0.138011558503246	0.10762200740904743
13,14,15,16	0.17028061613519846	0.138011558503246	0.10863607950578724
7,8,14,15	-0.16790610904496472	0.138011558503246	0.1118765017020702
2,7,8,13,15	0.3268968360008323	0.276023117006492	0.11814525878271015
11,13,14	0.08083670492645628	0.069005779251623	0.120709307508505
2,11,13,15	0.15711656888353348	0.138011558503246	0.12747038015159617
7,8,11,13,14,16	-0.622455034483258	0.552046234012984	0.1297568039408662
2,7,8,11,16	0.2959522266552491	0.276023117006492	0.14181490949417758
2,8,13,15,16	-0.29422148392578584	0.276023117006492	0.1432275098527242
2,11,16	-0.07342306984746214	0.069005779251623	0.14366132759875383
8,11,14,15	-0.14482702936293307	0.138011558503246	0.14700086282146163
2,7,8,11,13,15	0.5623979728647523	0.552046234012984	0.15416045925016447
2,7,8,11,13,14	-0.5536835639791269	0.552046234012984	0.15793865020334835
8,15	0.0344616723690232	0.0345028896258115	0.1589444855495422
2,7,11,15,16	-0.2631042335056234	0.276023117006492	0.17024529232499347
2,14,15,16	-0.13128785822744488	0.138011558503246	0.17073071870048728
14,16	0.03225347374347212	0.0345028896258115	0.17494440112641724
2,8,11,14	-0.12817504912348998	0.138011558503246	0.17651531397717224
8,13,14,15,16	0.24573112852701706	0.276023117006492	0.1866643252156318
8,11,15	0.059957671381651895	0.069005779251623	0.1924566627763306
2,7,8,11,14,15	-0.4791293372222438	0.552046234012984	0.1927203688815861
2,7,11,13,14	0.2291849665493353	0.276023117006492	0.20318155047125996
7,8,11	-0.05710029307531436	0.069005779251623	0.20398502738097524
2,11,14	0.05572950933101528	0.069005779251623	0.20965859909486084
2,7,11,13,16	-0.22184497206168152	0.276023117006492	0.21077969317908624
7,15	-0.027465608209468903	0.0345028896258115	0.2130050000216286
7,13,16	-0.05444483984364076	0.069005779251623	0.2150590523662621
2,7,8,11,13,14,15,16	1.7076312083713319	2.208184936051936	0.2196668281556275
2,7,8,11	0.10646595086511673	0.138011558503246	0.22022670567424568
2,7,13,14,15,16	0.4251150192483091	0.552046234012984	0.22062876847056895
2,7,8,14,15	-0.2102568499267755	0.276023117006492	0.22310867891901387
2,11,13,14,15,16	0.419005920924874	0.552046234012984	0.22392474547289637
2,8,11,14,15,16	0.40696233019196226	0.552046234012984	0.23050375554744834
2,8,14,15	0.09913432495241464	0.138011558503246	0.2362847748776613
11,14,15,16	0.09625313084443143	0.138011558503246	0.24276747911347385
2,7,8,11,13,16	0.38187907587662395	0.552046234012984	0.24454654856207564
2,7,15,16	-0.09248804826371193	0.138011558503246	0.2513820052465847
2,7,8,13,14,15,16	0.7128613377819111	1.104092468025968	0.259251840328546
8,13	-0.0220022594429619	0.0345028896258115	0.26183669373349944
2,7,11,14,16	0.1746650740244602	0.276023117006492	0.26343491384006334
7,11,14,16	-0.08474729784423224	0.138011558503246	0.2695880306422572
2,7,8,11,13,14,15	0.6416471902580749	1.104092468025968	0.28056850561500846
7,8,13,14,15,16	-0.31586907232833994	0.552046234012984	0.2836004729141109
2,11,13,15,16	-0.15750548793907082	0.276023117006492	0.28412718368164835
2,7,8,13,16	0.15175814246451058	0.276023117006492	0.29122749310710777
11,13,14,15,16	-0.14883388213313253	0.276023117006492	0.2948716588806826
2,7,14	-0.0359786728341899	0.069005779251623	0.30104882183594384
2,7,8,13,15,16	-0.2823598251657511	0.552046234012984	0.3045079909288869
7,11,13,14,16	-0.13474813647499917	0.276023117006492	0.31271223809510873
7,11,13,16	0.06655764523406066	0.138011558503246	0.3148101377685336
8,13,14,15	0.06585126284494552	0.138011558503246	0.31663011280637754
7,8,11,15,16	0.13032377272216433	0.276023117006492	0.31841056354689257
11,14,15	-0.03113183825739102	0.069005779251623	0.3259413433091488
7,8,11,13,16	0.12250852104341103	0.276023117006492	0.32858120161007565
2,8,13,15	-0.06017113332233309	0.138011558503246	0.3314233752979192
8,13,14,16	0.05950638193342278	0.138011558503246	0.3331725454516009
8,11,13,14,15	0.11810865259359926	0.276023117006492	0.3343641254292741
2,7,14,16	-0.0541268331973172	0.138011558503246	0.3474587018528913
7,8,11,13,15	-0.1079051561711214	0.276023117006492	0.3479252402393977
7,11,13,15	-0.051976591209895895	0.138011558503246	0.3532315709613616
8,13,14	-0.025834744132763127	0.069005779251623	0.3540588671980135
2,8,13	0.02469445971956999	0.069005779251623	0.3602237635944998
11,13,15	0.024639178211844276	0.069005779251623	0.36052358171439625
8,11,13,16	0.04863075214488882	0.138011558503246	0.36228143307176575
2,7,11,13,14,15	-0.19381838196186774	0.552046234012984	0.3627600958165433
7,11,13,15,16	-0.09461340106882143	0.276023117006492	0.36588444375509765
2,14	0.011525267991558216	0.0345028896258115	0.36917553230292505
7,8,13,14,16	0.09041697242646851	0.276023117006492	0.37161829442185157
2,13,14,16	-0.043657765697692086	0.138011558503246	0.3758744557240695
2,8,14,16	-0.043161007119949135	0.138011558503246	0.3772411046961951
2,8,16	-0.02129571573630304	0.069005779251623	0.3788099763801537
7,8,15	-0.021250895706315193	0.069005779251623	0.3790570687955303
2,7,8,11,13,14,16	-0.3384444747704105	1.104092468025968	0.37959815399794905
2,7,11,13,14,16	0.16564331868387638	0.552046234012984	0.3820682331353968
2,7,13,14,15	0.08115568262069783	0.276023117006492	0.3843721882522724
7,8,11,14,15,16	0.1604704289624752	0.552046234012984	0.38564690558542103
2,7,11,14	-0.038695590882435016	0.138011558503246	0.38959323963810044
8,11,13,15	0.03837359767728926	0.138011558503246	0.390488423962369
7,8,13,15,16	0.07589529631771408	0.276023117006492	0.39167351253754407
11,16	-0.00917891386005698	0.0345028896258115	0.3951068231539356
14,15	-0.009144968940949988	0.0345028896258115	0.39548571724770265
11,13,14,15	-0.036156773018060195	0.138011558503246	0.39666702044661517
2,11,14,15,16	-0.07101675015737907	0.276023117006492	0.39847918627921985
8,14,15,16	0.03505825630103687	0.138011558503246	0.39973848554333347
11,13	0.007627756244275724	0.0345028896258115	0.4125166802848167
2,7,8,11,13	0.05707590351703351	0.276023117006492	0.4180910597106543
2,13,14,15	0.028155446276666884	0.138011558503246	0.4191736682341132
2,11,13,14	0.020596057313717053	0.138011558503246	0.4406843806620091
2,7,8,15,16	0.03854746774749718	0.276023117006492	0.44446706517533563
2,8,13,14,16	0.035649459419915375	0.276023117006492	0.44861794031030083
7,8,11,13,14	0.03366018127101289	0.276023117006492	0.45147051040353914
7,8,13,16	-0.014002440223668644	0.138011558503246	0.45959326562899505
2,11,13,16	-0.01181792333839854	0.138011558503246	0.46588029322429475
2,7,11,14,15	-0.02125299591563623	0.276023117006492	0.469312902398178
8,13,15,16	0.01052472777324126	0.138011558503246	0.46960622132454566
8,11,13,14,16	-0.018413933106034452	0.276023117006492	0.4734056650930574
2,8,11,13,15	-0.016655990755050865	0.276023117006492	0.4759413317917854
2,7,13,14,16	0.0110688976423583	0.276023117006492	0.4840061656229236
2,7,8,11,15	-0.009991413317776199	0.276023117006492	0.4855623435892535
2,13,16	-0.0006942531603714996	0.069005779251623	0.49598639027580943
7,11,13,14,15	-0.001235985091849745	0.276023117006492	0.4982136095388478
7,8,16	-0.0002698314091027221	0.069005779251623	0.49844003090010075
