01010111011		450
01011110011		439
01010011101		423
01001100011		416
01010100011		410
01010100111		409
01010000111		407
01010111101		404
01000100101		404
01010110011		402
01010100101		391
01011100011		388
01000000111		388
01010111111		380
01000111101		373
01010010111		371
01001011101		367
01011011101		366
01010100100		362
01011011111		359
01010111001		359
01000100100		357
01010011111		356
01001110011		352
01001011111		352
01110111111		351
01010111100		343
01011111101		337
01010110010		336
01010011100		336
01011111011		334
01110100101		333
01000100111		333
01101110011		330
01001100010		329
01011110010		328
01010010101		328
01011111100		325
01011010111		324
01000111100		323
01100100100		322
01111011011		313
01001011110		313
01000111111		311
01011111010		310
01010101101		310
01010010100		308
01110100100		304
01000011111		303
01100111111		302
01100111011		302
01011100010		302
01111011001		299
01001011100		299
01111100101		298
01000111001		297
01000100110		297
01110100011		296
01000010111		295
01110111011		294
01110111101		293
01011011011		293
01011011001		293
01001111101		292
01001110001		292
01001100101		292
01001110010		290
01110111110		289
01000110011		289
01001011001		288
01000101101		288
01001010111		286
01010100110		285
01111100011		283
01111010111		282
01110110011		282
01011011100		282
01100111101		281
01010111000		281
01111110011		280
01010110001		280
01000110001		280
01110111010		279
01100110011		278
01011011110		277
01111010101		276
01001100100		276
01110010111		275
01100100101		275
01110011100		274
01110011110		271
01010111110		269
01100000111		267
01010111010		267
01000111110		266
01001111011		264
01000010101		264
01111110000		263
01111011111		263
01100010110		263
01111010110		262
01011111111		262
01110000111		261
01100010111		260
01010011001		260
01000011101		260
01001010101		259
01000000110		258
01111111101		257
01010101100		257
00100111111		257
01110100111		256
01110010101		256
01100111100		256
01001111100		256
01000100011		256
01000011110		255
01010000110		254
01111111100		253
01001111111		253
01011110000		250
01011101011		249
01111011101		248
01110011101		248
01100100011		248
01011000111		246
01101100011		244
01100100111		242
01010011011		242
01110101101		241
01100111010		241
01010100010		241
01000111011		241
01111111011		240
01110111100		240
01111110001		239
01101110010		239
01100010101		239
01001111110		238
01001010110		238
01111111110		237
01000111010		236
01111101111		235
01111011000		234
01101010111		234
01001010100		234
01110011111		233
01011110001		232
01001011011		232
01011100101		231
01001110000		231
01001101101		230
01011010110		229
01101111101		228
01011011000		228
01001100111		228
01000101100		228
01111110010		227
01111011100		227
01101010101		227
01001011000		227
01011000101		226
01000111000		226
01000110010		226
01100111001		225
01101110000		224
01010101011		224
00010011101		224
00000111111		224
01100011100		222
00010111101		222
01110110001		221
00001111111		220
11110111011		219
01111010100		219
01100111110		219
11001011101		218
01101111111		218
01010011110		218
00000111100		218
01111101011		217
01101100010		217
01000011100		217
11000011111		216
01111111001		216
01011010100		215
01010110000		215
01010101111		215
01010010110		215
01111111111		214
01111000111		214
00010010101		214
01101111010		213
01101110001		213
01101011101		213
01101011111		212
01000110000		211
01000101111		211
00001111101		211
11011011111		210
01011111001		210
01011111110		209
00010111110		209
01101100100		208
01101011011		208
01101100111		207
01011101101		207
00000000111		207
01110000110		206
01001111001		206
11010111101		205
01100101111		205
00010111111		205
01110111001		204
01110111000		204
01101111110		204
01100011111		204
01011000011		204
00111111100		203
01010101110		202
01111111010		200
01110101111		200
01101011100		200
01110101100		199
01000010100		199
01101111100		198
01101100101		198
00100111101		197
01000010110		196
00000111101		196
01001101111		195
11010111111		194
01111100010		194
01100011101		193
00010010111		193
10000100100		192
11100111011		191
11000111001		191
11000010101		191
01110011011		191
01110110010		190
01110100010		190
00111111111		190
00001011001		190
11011011011		189
01101010100		189
01001101011		189
11000100101		188
01111000011		188
01110100110		188
01100110010		188
01100011110		188
01100010100		188
01011111000		188
01011100111		188
01011010101		188
11111100011		187
11010100011		187
11001011111		187
11000011101		187
01011000100		187
01001011010		187
00011011101		187
00010000111		187
11001110011		186
01110010100		186
01011011010		186
00111011011		186
00110111101		186
00100011100		186
11010011101		185
01111100111		185
01101100110		185
01011100001		185
01101111011		184
00110111100		184
11110011100		183
01111100100		183
01010011000		183
01001000111		183
11010011111		182
01110110000		182
01011100100		182
01000100010		182
01000011001		182
00001111100		182
01111011010		181
00100111110		181
00011011100		180
11110111101		179
01100111000		179
01100101100		179
01011101100		179
01001100110		179
00001100011		179
01111011110		178
01100110001		178
01100110000		178
01100000110		178
01011100110		178
01000101110		178
00100111100		178
00011111111		178
00011111101		178
11110100111		177
11110010101		177
11010111100		177
10000100101		177
00110111111		177
00100010111		177
00100000111		177
00001011101		177
11111011011		176
11000111110		176
01010100001		176
00010111100		176
11110011101		175
10000111100		175
01101010110		175
00001011111		175
00001011100		175
00001010101		175
11100010101		174
01111101001		174
11000111101		173
10000111101		173
00101111101		173
00001111110		173
01010000101		172
11010010111		171
01101011110		171
00111011001		171
00011011011		171
11000100100		170
10010110011		170
01011101010		170
01001000011		169
11110011110		168
11010100101		168
11010011100		168
00100111001		168
01111100001		167
01110010110		167
11000110011		166
10001100011		166
01101011001		166
01100100110		166
11100100100		165
11001110001		165
11001100011		165
11000011011		165
10011100011		165
01100101101		165
00110010111		165
00000111011		165
11100011111		164
11001111111		163
11001011110		163
11000111111		163
00011111001		163
00011010111		163
00010000110		163
01111101101		162
01001101100		162
01000011011		162
00100010101		162
00011011001		162
11010111011		161
01101101111		161
00100011111		161
00011011010		161
00010111011		161
11111111100		160
11110010110		160
11000100111		160
01111100110		160
01001000110		160
00101111111		160
11000111100		159
10010111111		159
01001000010		159
00111011111		159
11110111010		158
11000010110		158
01011000110		158
00111011101		158
00101111100		158
00100011101		158
00011011000		158
00001011000		158
10001011101		157
10000100110		157
01110101011		157
01101000111		157
01100101110		157
00101011101		157
00101000111		157
00011011111		157
10010100101		156
01111101100		156
00111111101		156
11010100111		155
11010100100		155
11010010101		155
10000000111		155
01011000010		155
00101011011		155
00011111100		155
11110111111		154
11100111111		154
11000000111		154
01111000010		154
01111000110		153
00110011100		153
00010111001		153
00000011101		153
11110100100		152
11100111100		152
10110111111		152
10001011111		152
01111111000		152
01101011010		152
00011111011		152
00010100101		152
00010011100		152
11101111101		151
11101100011		151
10011011101		151
10010010101		151
01010011010		151
00111111110		151
00110000111		151
00000011111		151
11111111101		150
11111110001		150
11011100011		150
11001011001		150
10010100111		150
01101101110		150
00101011100		150
00001011110		150
11111010100		149
11100111101		149
11011111101		149
11011110011		149
11001111110		149
11000111000		149
10010111101		149
10010011101		149
01011101111		149
01011001111		149
00000010111		149
11110110011		148
01110101110		148
01100100010		148
11110111001		147
11110100011		147
11110011011		147
11100011110		147
11010010100		147
11001101011		147
11000010111		147
01011101001		147
01010101010		147
00111010111		147
00111010101		147
00011111000		147
00010010110		147
00001100001		147
11101010100		146
11010110001		146
11000111011		146
01101111000		146
00010010100		146
11011011101		145
11010100010		145
10001101011		145
01001111010		145
00101111000		145
00001010111		145
00000100100		145
11100010110		144
11000011110		144
01101011000		144
01000011010		144
11100000111		143
11010111110		143
10010000111		143
00010111010		143
00000010101		143
11111011000		142
11110010111		142
11110000111		142
11100011100		142
11010110010		142
11001011011		142
11000000110		142
10001011001		142
10000011101		142
01111101110		142
00110011101		142
00010100100		142
00000011001		142
11111011001		141
11010101101		141
10110100011		141
11111011101		140
11100100011		140
11001011100		140
11000100110		140
10011011001		140
01100011011		140
01011000000		140
01010000100		140
01001111000		140
00111111001		140
00111011100		140
00100010100		140
00001011011		140
00000111110		140
00000000110		140
11100111110		139
11000110010		139
11000100011		139
01110000100		139
01101101101		139
00011110011		139
11101011011		138
11001000111		138
01001101110		138
11111111011		137
11111110011		137
11110000110		137
11100010111		137
11011111100		137
11010011011		137
11010000111		137
11000110001		137
10100011111		137
01011000001		137
00110011011		137
00101111001		137
00100111000		137
11011010110		136
11010110011		136
11000100010		136
10100100011		136
10010100011		136
10001110001		136
01110000011		136
01101101011		136
00101110011		136
00100011110		136
00010011001		136
11101110001		135
11101011000		135
11011011110		135
10000100111		135
00111000111		135
00000011100		135
11101110011		134
11010100000		134
11001011000		134
11001010111		134
11000010100		134
10101111111		134
00111100011		134
11011011100		133
11010011010		133
11001111100		133
11001110000		133
10111011101		133
10001111100		133
01110100001		133
01110011001		133
00101111011		133
00001000110		133
11111100010		132
11011100101		132
11001111101		132
01011100000		132
01000001011		132
00100010110		132
00011111110		132
11101010111		131
11100111000		131
11001100010		131
11000011100		131
10100111011		131
10100100101		131
01101111001		131
01010101001		131
00110010110		131
00010100011		131
00010011111		131
11110100110		130
11101011001		130
11000100000		130
10111110010		130
01101101100		130
00111011000		130
00110100111		130
00011100111		130
11110101101		129
11100011101		129
10101100011		129
10011100010		129
01110000101		129
00100100101		129
00001011010		129
00000100101		129
11101011101		128
11011110010		128
10110011101		128
10011111101		128
00110111000		128
00101100011		128
00101011010		128
00001000111		128
11011000111		127
11010011001		127
10101100101		127
10100111100		127
10010111011		127
10001110011		127
01101101001		127
01100100001		127
00110111110		127
00101011111		127
00011100011		127
00011010100		127
00001111001		127
11111011010		126
11101000000		126
11100100101		126
11011111111		126
11010101011		126
11001101001		126
10001100101		126
01000100001		126
00101011001		126
00000011000		126
11010111001		125
11001111001		125
11001100101		125
11001100100		125
11001010101		125
11000111010		125
11000011000		125
10110100100		125
10010100100		125
10001110000		125
10001000011		125
10000111110		125
01100011010		125
11101011111		124
11010100001		124
10110111011		124
10101110011		124
00110100011		124
11111011110		123
11110111100		123
11110110001		123
11011010111		123
10100000111		123
10011110011		123
10010011100		123
10001011011		123
01101000010		123
00111111011		123
00111110000		123
00110011111		123
00101010111		123
00100100100		123
00010111000		123
00001101011		123
11110110010		122
11110100101		122
11101111111		122
11101100101		122
11101010101		122
11011100111		122
11000000101		122
10111011011		122
10101110000		122
10100110011		122
10100010101		122
01011101110		122
00111010100		122
00101011110		122
11111110000		121
11111011100		121
11011110001		121
11001100111		121
11000011001		121
10111111101		121
10100100111		121
10011011111		121
10000111111		121
10000111011		121
10000011001		121
00111110001		121
00100000110		121
00010011110		121
00001010110		121
00000111001		121
11111000001		120
11110011111		120
11101110010		120
11010000101		120
10111111011		120
10110110011		120
10011110010		120
10010111100		120
10000101101		120
10000011011		120
01100101011		120
11010111000		119
10111110000		119
10111100011		119
10101011100		119
10010011010		119
10001011100		119
10000011111		119
01111000101		119
01110000001		119
01000011000		119
00110010101		119
00110000110		119
00100111011		119
11110010100		118
11011111001		118
11011011010		118
11010011110		118
11010010110		118
11001010100		118
11000101101		118
10101110010		118
10101110001		118
10011101011		118
10001101101		118
10000010111		118
01011101000		118
01011001011		118
01010000001		118
11111011111		117
11111010111		117
11101100010		117
11001010110		117
10110100111		117
10100111000		117
01101000110		117
01010100000		117
01001101001		117
00101100010		117
11111000111		116
11101111100		116
11101011110		116
11100000101		116
11011011001		116
11001000001		116
10001111101		116
10000110011		116
01001101010		116
00010011010		116
00000010100		116
11111111111		115
11110101111		115
11100111001		115
11100110011		115
11010100110		115
11000011010		115
10110100101		115
10100100100		115
10010100110		115
01100000101		115
00111111000		115
00111011010		115
00001111000		115
11110100010		114
11110100001		114
11110011010		114
11100101101		114
11010101111		114
11001111011		114
10110101100		114
10010110000		114
01111000100		114
01110101010		114
01010001111		114
01000000101		114
00111000110		114
00011111010		114
11111000101		113
11101100100		113
11011000100		113
10111110001		113
10111011001		113
10110011111		113
10101011010		113
10010111110		113
10010101101		113
10010010111		113
10001100010		113
10001011000		113
01110011000		113
01100011001		113
00111101011		113
00111011110		113
00001111011		113
11111100101		112
11010001011		112
10100111101		112
10010011001		112
00101100101		112
00011011110		112
11111101011		111
11101110000		111
10101100100		111
10011111100		111
10001111111		111
00100101111		111
00011010101		111
11111100001		110
11101000101		110
11100100111		110
11011111010		110
10111111010		110
10010110010		110
00011110000		110
11111000110		109
11110100000		109
10101011001		109
10011111010		109
10010011111		109
10001100111		109
10000010101		109
01111101010		109
00110111011		109
00101011000		109
00101010101		109
00011100000		109
00001010100		109
11110111110		108
11101111110		108
11101011100		108
11100111010		108
10101011101		108
10100111010		108
10011000011		108
10010011011		108
10001100100		108
10000101100		108
00110011110		108
00110010100		108
00011010110		108
11010110000		107
11010101100		107
10110011100		107
10100010111		107
10011011010		107
01110011010		107
01101101010		107
01010000011		107
01000101011		107
00110011001		107
00000011110		107
11111111110		106
11111010101		106
11110111000		106
11101100111		106
11100000001		106
11000001011		106
11000000011		106
10101111100		106
10101011011		106
10011011100		106
10011000101		106
10010110001		106
10010100001		106
01101000000		106
00000111010		106
00000101101		106
11111000100		105
11110101011		105
11011100010		105
11011000010		105
10110000111		105
10011011011		105
00011000111		105
11101010110		104
11011000011		104
11010000100		104
11000101100		104
11000100001		104
10010111010		104
10001101100		104
10000110001		104
01101100001		104
01001100001		104
01001000000		104
00101111110		104
00101100100		104
00100011011		104
00011100101		104
11011111110		103
11001111010		103
10110101101		103
10110000011		103
00111100111		103
11111111010		102
11111010110		102
11110110000		102
11110000101		102
11101100110		102
11101100000		102
11100000110		102
11011011000		102
11010000110		102
11001000011		102
10111111111		102
10111111100		102
10111111001		102
10111110011		102
10111000111		102
10110111001		102
10110100110		102
10100011110		102
10011010111		102
10011000111		102
10010000110		102
10001011110		102
01010000010		102
00110100100		102
00010101100		102
11111111001		101
11111100111		101
11100110001		101
11100010100		101
11011111011		101
11001000010		101
11000101011		101
11000000100		101
10101011000		101
10100111111		101
10011100101		101
10000111010		101
10000011100		101
10000000101		101
01001000001		101
00101101101		101
00101100111		101
00100100110		101
00011100010		101
00000100110		101
00000000101		101
11101111001		100
11011000001		100
10010000100		100
01100011000		100
01000101010		100
00011101011		100
00010110001		100
00010100111		100
00010000011		100
00001110011		100
00001100010		100
00000011011		100
11001101101		99
11001000100		99
10101000011		99
10000111000		99
10000010110		99
01101100000		99
01001100000		99
00110111001		99
00100100111		99
00011110001		99
00010101011		99
00010100110		99
00001100100		99
11111110010		98
11100100010		98
11001110010		98
11000001001		98
10111000101		98
10110010101		98
10110000101		98
10100101101		98
01111100000		98
01000100000		98
01000000100		98
00111100100		98
00111010110		98
00110101101		98
00101110010		98
00100100011		98
00010011000		98
00001000011		98
11011010101		97
11000101111		97
10100111110		97
10010000101		97
10001000101		97
01000001111		97
00111100101		97
11100101100		96
11011100100		96
11010101010		96
11001101010		96
11001000000		96
11000110000		96
11000000010		96
10101011111		96
10100110010		96
10011101100		96
10000011000		96
01111101000		96
01001000101		96
01000000010		96
00010011011		96
00000100111		96
11111101111		95
11111000010		95
11110000100		95
11011000101		95
11001100001		95
10110101011		95
10110100010		95
10110010110		95
10100111001		95
10011100111		95
10011100001		95
10001000010		95
10000111001		95
01111001111		95
01101000001		95
01000000011		95
00110011000		95
00010110010		95
00010101101		95
00001110001		95
00000100011		95
00000100010		95
00000001101		95
00000001011		95
11110000011		94
11100001011		94
11011110000		94
11011101011		94
11001011010		94
10111011111		94
10110111100		94
10110111000		94
10101101011		94
10100010110		94
01101000101		94
01101000100		94
01001000100		94
00110011010		94
00011100001		94
00011000011		94
11111100000		93
11111000011		93
11101111011		93
11101000111		93
11010111010		93
10110000110		93
10101100111		93
10011111011		93
10001111011		93
01110100000		93
01010001011		93
00101100001		93
00011000010		93
00010110000		93
00001100000		93
11110011001		92
11101000001		92
11001111000		92
11001000110		92
10111011010		92
10110110010		92
10101011110		92
10101010111		92
10100011101		92
10010011000		92
10000010100		92
01100000001		92
01010000000		92
01001101000		92
00111110011		92
00110110011		92
00110101011		92
00110100101		92
00101110001		92
00101010100		92
00010110011		92
00000111000		92
11111111000		91
11101111000		91
11101101101		91
11101100001		91
11100101111		91
11011111000		91
11011101000		91
11011100110		91
11000101110		91
11000001000		91
10111111110		91
10100011100		91
10010111001		91
10000100011		91
10000000110		91
01111001101		91
00111000001		91
00011100100		91
00000101100		91
00000011010		91
11101111010		90
10111111000		90
10111100101		90
10110111110		90
10100101100		90
10011101010		90
10000011110		90
01111000000		90
00101111010		90
11100110000		89
11011101100		89
11010101001		89
10111011100		89
10101111011		89
10101010101		89
10100010100		89
10011000010		89
10010101100		89
10010010100		89
01101000011		89
00111111010		89
00000010110		89
11111100100		88
11100011001		88
11011101001		88
11010000011		88
10111100111		88
10011011000		88
10001111110		88
10001110010		88
01110101001		88
01000101001		88
00101000011		88
00100101100		88
00100011000		88
00011000110		88
00010000101		88
00001000010		88
11011100001		87
11011010100		87
11000101010		87
10101111101		87
10011100100		87
10010100010		87
10001010100		87
01110001100		87
00110111010		87
00101000001		87
11101011010		86
11100011011		86
11011000000		86
10110111101		86
10110010111		86
10011101101		86
10010101011		86
10010011110		86
10001000111		86
00111100010		86
00101010110		86
00100111010		86
00100110010		86
00100011001		86
00011110010		86
00011101010		86
00010100000		86
11101000010		85
11100011010		85
11011100000		85
11010000010		85
10111101011		85
10100101111		85
10001111000		85
01111000001		85
01110000010		85
01000001110		85
00111000011		85
00100101110		85
00001100101		85
00000101110		85
11110101100		84
11100011000		84
11100000100		84
10011000100		84
10010101010		84
10001100110		84
10001011010		84
10001010111		84
10000110000		84
00001101001		84
00001100111		84
11111101010		83
11111000000		83
11110000001		83
11101101011		83
11100110010		83
11100100110		83
11010101110		83
10110110001		83
10110011011		83
10110000010		83
10101111000		83
10100000110		83
10011110001		83
10011011110		83
10011010100		83
10001010101		83
01100100000		83
01010001010		83
00110000100		83
00101000110		83
00100110011		83
00011000001		83
00010101110		83
00010100001		83
00001000101		83
00000110001		83
11100100000		82
11010011000		82
10111011000		82
10010001011		82
10001000100		82
10000100010		82
00111000101		82
00000110011		82
10110111010		81
10101101101		81
10101100010		81
10100110001		81
01111001100		81
01111001011		81
01010101000		81
00111000000		81
00101000100		81
00000110000		81
00000000100		81
11101000110		80
11011101101		80
11000001111		80
10111010101		80
10111000010		80
10110011110		80
10011010101		80
10010101111		80
10000110010		80
01011001110		80
01000001001		80
00110000101		80
00101101011		80
00011101100		80
00011000100		80
11010000001		79
11001101111		79
11001001001		79
10111010111		79
10111000011		79
10110000100		79
10011111111		79
10011110000		79
10011010110		79
10010000011		79
01011001010		79
01010001110		79
01000001100		79
00111001100		79
00110110001		79
00110100010		79
00101000101		79
00100110000		79
00100101000		79
00010100010		79
10111011110		78
10011111001		78
01000001101		78
00111101101		78
00110101111		78
00100100010		78
11101000011		77
10101111001		77
10011111110		77
01110001111		77
01100000100		77
01000001010		77
00110101100		77
00101110000		77
00101101100		77
00101000000		77
00100110001		77
00001101101		77
00001000001		77
11100001100		76
11011001011		76
10101010100		76
10100101011		76
10100100110		76
10000101111		76
00111101111		76
00110110010		76
00101000010		76
00011100110		76
00001110000		76
11011101010		75
11010001111		75
11001101000		75
10111100001		75
10110110000		75
10101100110		75
10100110000		75
10001111010		75
01100101001		75
01100001011		75
01100000011		75
00111100110		75
11111101100		74
11100000011		74
11001100110		74
10111101101		74
10111100010		74
10100011001		74
10011101001		74
10000011010		74
01100101010		74
01011001001		74
00111101100		74
00011001011		74
00001110010		74
00001101111		74
00000101001		74
11101101111		73
11001101100		73
11001001010		73
10110100001		73
10110100000		73
10110011010		73
10101010110		73
10010000010		73
10001101010		73
10001000110		73
01110000000		73
01011001000		73
01001001101		73
00001111010		73
11111101001		72
11111001101		72
11100000010		72
11010000000		72
11001001111		72
11001001000		72
11000000000		72
10110010100		72
10100011010		72
01110101000		72
01010001100		72
01010001001		72
01001001000		72
00110100110		72
00100100001		72
00100000101		72
00011000101		72
00011000000		72
11110011000		71
11110000010		71
11001000101		71
11000101000		71
10111100100		71
10111000110		71
10110101111		71
10110101010		71
10101000101		71
10011111000		71
10010101110		71
10010010110		71
10001111001		71
10001010110		71
10000000100		71
10000000011		71
01110001010		71
01001001011		71
00111101010		71
00111001011		71
00110101010		71
00110100001		71
00101100110		71
11110101010		70
11110001110		70
11110001010		70
11101101010		70
11011001111		70
11011000110		70
11010001100		70
11001001011		70
11000001110		70
10111000100		70
10011000001		70
01000001000		70
00110110000		70
00101100000		70
00100101011		70
00100001111		70
00011101101		70
00000110010		70
11010001001		69
10111101001		69
10101000111		69
10100011000		69
00111100001		69
00111000010		69
00010000100		69
00000000011		69
11000001010		68
10100100010		68
10001101111		68
01110001110		68
01101001000		68
01011001101		68
01010001101		68
00101101010		68
00100011010		68
00100000001		68
00001001000		68
00000101010		68
00000001000		68
11111100110		67
11101101000		67
11100101011		67
11011101111		67
11010001110		67
10111101100		67
10111101010		67
10111010100		67
10110011001		67
10010111000		67
10000001111		67
01110001001		67
01100001010		67
01011001100		67
01001001111		67
00111110010		67
00100100000		67
00010101001		67
00000100001		67
00000001001		67
11111001111		66
11110001011		66
11011001100		66
11010001010		66
11001001100		66
11000101001		66
10101111110		66
10101101100		66
10101100001		66
10001101110		66
01101001011		66
01100001110		66
01010001000		66
01001001001		66
01000101000		66
01000000000		66
00101001011		66
00100101101		66
00100001100		66
00011101110		66
00001101010		66
00000100000		66
11110001111		65
11001001110		65
11000000001		65
10111000001		65
10100011011		65
10011001011		65
10000000010		65
00110001000		65
00110000011		65
00101101111		65
00101101000		65
00011101000		65
00010001001		65
11111101110		64
11111001011		64
11101000100		64
11100100001		64
11100001111		64
10101111010		64
10100000100		64
10001100001		64
10000101011		64
01111001010		64
01110001011		64
01100101000		64
00010000010		64
00000101111		64
11111101000		63
10111010110		63
10110011000		63
10011001111		63
00110101110		63
00110001011		63
00001001101		63
00001000100		63
11110101110		62
11110000000		62
11010101000		62
10101000100		62
10100101010		62
10011001101		62
10001000001		62
10000001110		62
01100001001		62
01100000000		62
00000101011		62
11111001010		61
11001001101		61
10000101110		61
01101101000		61
00111001101		61
00110100000		61
00100000011		61
00001101000		61
11100101000		60
11100001010		60
10111101111		60
10110101001		60
10101101010		60
10011100110		60
01111001110		60
01101001101		60
01100001100		60
00111101110		60
00011101001		60
00010101010		60
00001001001		60
00000001111		60
11110001100		59
11101001011		59
11100101110		59
11011001010		59
11000001101		59
10111100110		59
10001001111		59
10000101001		59
01101001111		59
01001001010		59
00101101110		59
00100001010		59
00100000100		59
00011101111		59
00001100110		59
11110101001		58
11011001101		58
10100101110		58
10010101001		58
10000100001		58
10000100000		58
01100000010		58
00000101000		58
11101101110		57
11101001010		57
11100001110		57
11001100000		57
10101101111		57
10001101001		57
01111001001		57
01100001101		57
00111100000		57
00110001111		57
00110001101		57
00101001000		57
00010101000		57
11110001101		56
10111100000		56
10100100001		56
10100001011		56
10011000000		56
10010100000		56
10000001011		56
01001001100		56
00110001001		56
00011001001		56
00010001101		56
00001101110		56
00001001011		56
00000001110		56
00000000001		56
11101101100		55
11101001000		55
11100001001		55
11011001110		55
11010001101		55
10001000000		55
01110001000		55
01100001111		55
01001001110		55
00111000100		55
00011001101		55
00010101111		55
00000001010		55
11111101101		54
11100000000		54
10110000001		54
10101000010		54
10101000001		54
10011100000		54
01110001101		54
01101001001		54
00111101000		54
00111001001		54
00110000010		54
00100101010		54
00100101001		54
00010001011		54
00001001111		54
00000001100		54
00000000010		54
11011101110		53
11011001000		53
10111000000		53
10100000101		53
10001001011		53
10000001001		53
01101001110		53
01000000001		53
00110101001		53
00101101001		53
00101001111		53
00100001110		53
00100000010		53
00010001111		53
00001000000		53
11111001100		52
11001101110		52
10100000001		52
10011101111		52
10011000110		52
10001100000		52
10001001110		52
10000001101		52
00111101001		52
00110001010		52
00101001101		52
10110001111		51
10110000000		51
10010001110		51
01101001100		51
01101001010		51
00011001100		51
00011001010		51
00010000000		51
00001101100		51
11111001000		50
11101101001		50
11100101010		50
10101000110		50
10011101110		50
10001001101		50
00100001101		50
00011001000		50
00000000000		50
11101001100		49
11101001001		49
10111101000		49
10110001100		49
10110001011		49
10101100000		49
10101000000		49
10100100000		49
10001101000		49
10001001010		49
10001001000		49
01100001000		49
00101001010		49
00101001001		49
00010001010		49
00001001100		49
11111001001		48
11000001100		48
10111101110		48
10110001001		48
10100000011		48
10100000010		48
00110001110		48
00110001100		48
11110001000		47
11101001111		47
11100101001		47
11100001000		47
10010001111		47
10010001101		47
10000101010		47
10000000000		47
00110000001		47
00100001001		47
11110101000		46
11010001000		46
10101001010		46
10011101000		46
00111001010		46
00101001100		46
00001001010		46
10111001101		45
00100001011		45
00010001100		45
11101001110		44
11100001101		44
10110101110		44
01111001000		44
00011001111		44
10111001010		43
10101101110		43
10100001110		43
10010001100		43
10001001001		43
10000001100		43
00010000001		43
11110001001		42
11101001101		42
10111001111		42
10111001011		42
10110001101		42
10101001011		42
11111001110		41
11011001001		41
10111001100		41
10011001010		41
00010001000		41
10110101000		40
10101001101		40
10011001110		40
10011001001		40
10000001010		40
10100000000		39
10010001001		39
10101001111		38
10010001010		38
10010000000		38
10001001100		38
00111001000		38
00010001110		38
10100001101		37
10000101000		37
00110101000		37
00110000000		37
00100001000		37
10110001010		36
10101001100		36
10100101001		36
00111001111		36
00111001110		36
00001001110		36
10101101001		35
10100001100		34
10000000001		34
10111001110		33
10100001111		33
10010000001		33
10011001100		32
10010101000		32
00101001110		32
10101101000		31
10101001110		31
10100101000		31
10100001001		31
10010001000		31
00100000000		31
00011001110		31
10110001000		30
10100001010		30
10100001000		30
10000001000		30
10101001001		29
10011001000		29
10110001110		27
10111001000		26
10101001000		25
10111001001		24
01101010011		18
11111010011		15
11011010001		15
01001110111		15
01001010011		15
11111010000		13
11110010000		13
01111010010		11
01001010010		10
01000110111		10
11100010000		8
01111010011		8
00010010001		8
00010010000		8
10100010000		7
01100010011		7
01000010010		7
00011110101		7
11101010011		6
11001010011		6
10110010001		6
01110010001		6
01101010010		6
00111110100		6
11100110101		5
11010010001		5
11001010010		5
10010010000		5
10000110101		5
01110110100		5
01011110111		5
01010110100		5
01010010001		5
00011010011		5
00000010001		5
11110010011		4
11100010001		4
11010010011		4
11001110111		4
11000010001		4
10111010011		4
10110010000		4
10011110100		4
10001110101		4
10001010011		4
10001010000		4
01110110101		4
01100010010		4
01011110110		4
01011010000		4
01000110110		4
01000110101		4
01000010001		4
00111010000		4
00110110111		4
00101110101		4
00101110100		4
00101010011		4
00010110101		4
00001010011		4
00001010010		4
00000010010		4
11110110111		3
11110110101		3
11011110101		3
11011010000		3
10000010011		3
01111110111		3
01111010001		3
01111010000		3
01110010000		3
01101010001		3
01100010001		3
01011110101		3
01011010011		3
01011010001		3
01010110101		3
01010010000		3
01001110110		3
01001010001		3
01001010000		3
00111010011		3
00100110101		3
00011010001		3
00000010011		3
11111110100		2
11111010010		2
11111010001		2
11110010010		2
11110010001		2
11101110110		2
11101010010		2
11100110111		2
11100010011		2
11011010011		2
11010110111		2
11001010001		2
11000010011		2
11000010000		2
10111010001		2
10110010011		2
10101010010		2
10011110111		2
10011010011		2
10010110101		2
10010010001		2
10001010010		2
10001010001		2
10000110100		2
10000010010		2
10000010001		2
01110110111		2
01110110110		2
01110010011		2
01101010000		2
01100010000		2
01010010011		2
01010010010		2
01000110100		2
01000010011		2
01000010000		2
00111110101		2
00111010001		2
00110110101		2
00110010000		2
00101110110		2
00101010010		2
00100010010		2
00100010000		2
00011010010		2
00011010000		2
00010010011		2
00001010001		2
00000110101		2
00000010000		2
11110110100		1
11101110111		1
11101110100		1
11100110100		1
11011110100		1
11011010010		1
11010110110		1
11010110100		1
11010010010		1
11010010000		1
11001010000		1
11000110110		1
11000110101		1
11000010010		1
10111110101		1
10111110100		1
10111010010		1
10111010000		1
10110010010		1
10101010011		1
10100110110		1
10100110101		1
10100010001		1
10011010001		1
10010110110		1
10010110100		1
10010010010		1
10001110111		1
01111110110		1
01111110100		1
01101110101		1
01101110100		1
01100110111		1
01100110110		1
01100110100		1
01011010010		1
00111110110		1
00111010010		1
00110010011		1
00110010010		1
00110010001		1
00101110111		1
00101010001		1
00101010000		1
00100110111		1
00100110100		1
00100010011		1
00100010001		1
00011110111		1
00010110100		1
00010010010		1
00001110111		1
00001110110		1
00001010000		1
