01001011101		780
01011111101		668
01001110011		648
01100111111		563
01011111100		555
01000100100		538
01111111101		537
01001011111		518
01010110001		510
01010100111		503
01110000111		500
00010010111		498
00010000011		494
01011110011		490
01000100101		458
01010100011		457
00000001011		456
01010000111		454
10000011010		453
01011110010		452
01000000111		452
01110100011		451
01011100011		438
01010011111		436
11011011111		434
01011011111		434
01010110000		430
01010011101		430
00000010111		429
01010100010		427
01011011110		426
01110100101		422
11101011001		419
01011100101		416
01100011111		414
01010111111		411
00000111011		408
01010110011		406
01011010111		405
00011011010		399
01011100000		398
01110111111		397
01010111101		397
01010100101		395
01000011111		394
00000111001		389
00000000110		389
01110010111		387
01000101101		387
01010010111		386
11000000100		385
01011000001		384
10010100111		383
01011011101		381
01011011100		380
01000111101		379
01101010111		376
00011011101		376
01001100101		375
01011001111		372
00001110011		371
01001111101		370
01001100011		366
01000100011		365
10000100010		364
00000100100		363
10000000110		362
01111011101		361
11111011100		360
11001011011		359
11000000110		359
01110100010		359
01010011000		359
01011010110		358
01000111100		358
01011011001		357
01010111011		357
00001011101		356
01010010101		353
01110011101		352
01001010101		352
01010111100		351
00111011111		351
00010000111		351
01001100000		350
01110110011		348
01111011001		347
01000001011		347
11000100111		346
01110100100		346
01011100100		346
01110111101		344
01011100010		344
01000111001		344
10000011111		343
01110011100		342
01010111001		342
11000111001		341
10000011101		341
00000111100		341
00000010101		341
01000100110		340
11011011011		339
01101011011		339
00111110011		339
01111011011		337
11010011101		336
01010110010		335
01010101101		334
00011011100		334
11000000011		333
01101100011		332
01000011010		332
00011111101		332
00010110000		332
01001100100		330
11101110001		329
01110011011		329
01111010111		328
10100100111		326
01100111011		326
01010011100		326
01111100011		325
01001011110		325
01011110001		324
10100110011		323
01000100111		322
11101111101		321
10000011000		321
01111111100		321
01000011101		321
00000000000		321
10100100101		319
01011111011		319
01011111010		319
01110010101		318
01010111000		318
11011110011		317
01010000110		317
01010011110		316
11000011111		315
10111011111		315
01001111011		315
01000010111		315
01111001101		314
01101110011		314
00101011101		314
00100111100		314
11111011101		311
01010010100		311
00000011000		311
01100000111		309
00101110011		309
00100111101		309
01111011000		308
01100010111		308
01010100110		308
01001100010		308
00111111100		308
11010010111		306
10111011101		306
10000110001		306
01000111110		306
00011010111		306
01110101101		305
01011000101		305
11001011101		304
01100010101		304
11101110010		303
01001010110		303
00101000001		303
11000100010		302
10010100001		302
01011110000		302
01001100111		302
00000111101		302
01101010110		301
01011000111		301
01100010110		300
01000111111		300
00000111111		300
11111111101		299
01111101111		299
01011111111		299
01001111100		299
01001110010		299
00001111111		299
00000011101		299
01010111010		298
00000001000		297
01001100110		296
00000001010		296
10010011101		295
01100110011		295
01011000110		295
01001011100		294
00011011111		294
00010010110		294
10000100101		293
11010011111		292
11010000111		291
10110100011		291
01011001110		291
00010001101		291
00000000111		291
11011010111		290
01011011000		290
01001010111		290
00001011011		290
11110011110		289
11110010101		289
01011011011		289
01100100101		288
01000011110		288
00000011100		288
01011101011		287
01010100100		287
01001011011		287
11100100101		285
01110111110		285
01001011000		285
11010100101		283
01101101101		283
11010111101		281
01010101100		281
01000000110		281
01110111100		280
01110101001		280
00010111101		280
00111111110		279
10101110011		278
01111110011		278
01110100001		278
01101101011		278
01011000011		278
00100111111		278
11111100110		277
11110011101		277
01001111001		277
11111111100		276
01010000101		276
01001001100		276
10010110011		275
01111011100		275
01100111101		275
01011111000		275
00100100011		275
11110000110		274
01011011010		274
00010011010		274
11110010111		273
11101101010		273
01111110000		273
01110000110		273
11001011110		272
01001011001		272
00111011110		272
11010010101		271
01110111010		271
11000001011		270
10001011101		270
01110000011		270
01101111101		270
01100000110		270
01000011100		270
00001111110		270
10010110010		269
01000010110		269
00111100000		269
01111111110		268
00000011111		268
11000100110		267
10101011011		267
10000100100		267
01111100110		267
00110000100		267
11111011110		266
11100110011		266
11010111111		266
10000100110		266
01110010110		266
11011000100		265
01100111100		265
00100111110		265
00011010100		265
11000001100		264
10001011100		264
01111000111		264
10001011111		263
01100100100		263
01001110001		263
00001100011		263
11100111100		262
10101011000		262
10001110001		262
10000000010		261
01001000111		261
00000100000		261
11001100000		260
10001101011		260
01001111110		260
01000111011		260
10101011001		259
01000101100		259
00001000101		259
11101101000		258
11010000011		258
00101010111		258
11110011100		256
11000011110		256
10001110010		256
00011111001		256
11100111101		255
11010110000		255
01100100111		255
01001101011		255
01000000011		255
00111110001		255
10110011101		254
10101100001		254
01110100110		254
01010011001		254
11111110000		253
11000111110		253
11000100101		253
01110100111		253
01000111010		253
01000010101		253
00010101011		253
00001000111		253
00110000111		252
00011000001		252
00001001111		252
11000010111		251
10001110011		251
01111100101		251
01100111110		251
01001011010		251
00101000110		251
01001111111		250
01000110001		250
01000011000		250
10011111100		249
01100111000		249
01011010101		249
00100011111		249
11011000011		248
11000100100		248
10001000010		248
01101011110		248
10100011110		247
10010011111		247
01110110010		247
01101100111		247
00110111100		247
11011111101		246
10100100000		246
01111110001		246
01111101001		246
01101110010		246
01100010100		246
01000100000		246
10010000111		245
10001111100		245
01101011100		245
01000100001		245
11110111011		244
11101011111		244
10011101011		244
10010110000		244
10001111111		244
10001100111		244
01111101000		244
00111011101		244
00001111100		244
00000100001		244
01010001011		243
11110111101		242
11100000010		242
11010100111		242
10001100011		242
01010111110		242
00101100100		242
01111001010		241
00111000111		241
00100000111		241
00000011001		241
11101100000		240
11001110000		240
10100011101		240
01101110001		240
00010011100		240
00000111110		240
00000101010		240
11111111111		239
01111011111		239
11111011011		238
01111111011		238
01010000011		238
00001011110		238
11110011111		237
01111010110		237
01011100111		237
00011101011		237
00001111001		237
10110111010		236
10101011111		236
01101100010		236
01011100001		236
00101111010		236
00010111111		236
00010011101		236
10111111011		235
10001110000		235
10000101111		235
01110111011		235
01001101111		235
00110001101		235
00000101101		235
11110110010		234
11100111111		234
11001000010		234
10011100011		234
01110101011		234
11000011010		233
10011010100		233
01110011111		233
01101111110		233
01011010100		233
01000001010		233
00111000000		233
00000111010		233
11110111111		232
11010011100		232
10101100011		232
10100011111		232
10000111100		232
01111000010		232
01110111001		232
01101111111		232
00110010111		232
11011000010		231
11001000101		231
11000110000		231
10000111101		231
01100001111		231
01000110011		231
11101111011		230
11001110011		230
01010100001		230
00010010101		230
00001101011		230
11100010111		229
11000011101		229
10110100001		229
10010111101		229
10001011000		229
01101111011		229
01101100100		229
00101000011		229
00010001110		229
00000100010		229
11101100110		228
11000000111		228
10001001100		228
01010001111		228
11100011111		227
10101011101		227
01101100110		227
01000011011		227
00111111111		227
00011011011		227
00001011100		227
11000011100		226
10110010101		226
01010100000		226
01001110000		226
00110100101		226
00110011110		226
00101011111		226
00001011000		226
00000010100		226
11110100110		225
11001010110		225
11000111111		225
01101011101		225
01011101010		225
00100111001		225
00010000110		225
11110110000		224
01100101111		224
01011001010		224
00101011100		224
11110100111		223
11101110011		223
11101101101		223
10100111010		223
10000011100		223
01111111000		223
01110101111		223
01100011100		223
00101001111		223
11101111100		222
11000111000		222
10001011010		222
01111101011		222
00111101011		222
00100011100		222
00001000110		222
10001111110		221
10000100111		221
01111111111		221
01000100010		221
00010111011		221
00010100101		221
10111111110		220
10110101011		220
10011111010		220
01111100001		220
00111011100		220
00110001110		220
00000101001		220
00000011110		220
10100001011		219
01101101110		219
01101010101		219
01010000010		219
11111011000		218
01110110000		218
01110010100		218
00110111111		218
10111110001		217
10001000100		217
01011101101		217
01001101101		217
11010011110		216
00111011011		216
00100001011		216
00010111010		216
00001111101		216
11011111010		215
10001111101		215
10000111011		215
00110011100		215
00101100111		215
00100011101		215
11110000111		214
11011111111		214
01101011001		214
01100111001		214
01100011001		214
00111001100		214
00110111101		214
00101011010		214
00000001101		214
11011011101		213
11001011111		213
10000010111		213
01111010100		213
00100100111		213
00001011111		213
10011110011		212
01111011110		212
00111011001		212
00110100111		212
00011111100		212
11111010110		211
11000101100		211
10111110010		211
01110011110		211
01100101101		211
01000110000		211
11010010100		210
11001100011		210
11001100010		210
10000010100		210
00110010110		210
00011111110		210
00000100011		210
11001000111		209
10101111111		209
10101111100		209
10010100011		209
10010010111		209
01001001101		209
00100011110		209
11111000101		208
11001111101		208
10011100101		208
10011011101		208
01110111000		208
01100100011		208
01011111001		208
00101100010		208
00100010111		208
00011011001		208
11000111010		207
10100011100		207
10001100100		207
01000101111		207
00001100010		207
11101011011		206
10100100011		206
01100100001		206
01000110010		206
00100111010		206
00000100111		206
00000011011		206
11110111010		205
11100100011		205
11010100100		205
11001100111		205
10110000111		205
01111010101		205
00010101110		205
00000100101		205
11111000100		204
10010111100		204
10010000010		204
01010011011		204
00101111101		204
00011100111		204
00011011000		204
00000101110		204
11111100011		203
11111010100		203
11100111001		203
11001010100		203
10110001101		203
10000000111		203
01111110010		203
01100111010		203
01010101111		203
01010101110		203
00100111000		203
00100001100		203
00010011000		203
11110010110		202
11001110001		202
11000111101		202
11000011011		202
01111111010		202
01111100111		202
01111011010		202
01001000011		202
00011010101		202
11100000011		201
11011011110		201
01111111001		201
01101110000		201
11010110011		200
11010101100		200
11010100001		200
11001101100		200
10011100110		200
10010111111		200
10010111011		200
01101111010		200
00101111111		200
00011111111		200
00011111011		200
11110011011		199
11000100011		199
10111111000		199
10000000011		199
01111100100		199
11111010101		198
11110101011		198
11010000110		198
11000101110		198
10001101100		198
01110011001		198
01101010100		198
01011101110		198
01011000010		198
01001000000		198
00100110001		198
11001111110		197
10100111101		197
10011111101		197
10001101010		197
01011101100		197
00100101111		197
00000101111		197
00000001111		197
11101100011		196
11011011000		196
10111111101		196
10001001101		196
01011101000		196
01001010100		196
01001000010		196
00101100011		196
10111011011		195
10110100101		195
10100111111		195
10100100100		195
10011011100		195
01111000011		195
01101000001		195
01000111000		195
00000001001		195
11010111100		194
11010100110		194
11010000010		194
10111011110		194
10000111111		194
10000110000		194
01101101111		194
01011000100		194
01010010110		194
00111111101		194
00110000011		194
00011100011		194
00010011111		194
11010111001		193
11000001101		193
10011010110		193
10010101100		193
01011111110		193
01011001101		193
01001001111		193
00111000110		193
00110100110		193
00011100001		193
11111011001		192
11101100100		192
11000010100		192
10000110011		192
01100011110		192
11101100101		191
11000111100		191
11000000010		191
10100101011		191
10001011011		191
01011101001		191
01011100110		191
01000000010		191
00111100011		191
00101000100		191
00100100110		191
11111111110		190
11010000101		190
10111111111		190
10110110000		190
10101111010		190
10011011111		190
10011011001		190
10001000011		190
01101011111		190
00101011110		190
11100000111		189
11010101101		189
11001011010		189
01100100110		189
01010101000		189
00110111010		189
11111011111		188
11101011000		188
11011000101		188
10011110010		188
00110000101		188
00100100101		188
00011110010		188
00010111100		188
00010111000		188
00010000010		188
11001101001		187
10100111001		187
10011100001		187
01000010100		187
00111010111		187
00110001100		187
00100110000		187
11100010110		186
11011111011		186
11001010101		186
11000010101		186
11000001010		186
10111111010		186
10110000110		186
01100011010		186
00011110011		186
00010001111		186
00001010111		186
00001010101		186
11100100100		185
11001111111		185
10110010111		185
01001100001		185
00101011011		185
00100101100		185
00100100001		185
00100010101		185
00001011001		185
11011111100		184
11001011000		184
01010101001		184
01001111010		184
11100101100		183
11100011100		183
11100001101		183
11100001100		183
11011011001		183
11010010001		183
10010101101		183
00101000111		183
00100100010		183
00100001111		183
00010000101		183
11011100011		182
11000111011		182
10001111001		182
00011000011		182
00010100001		182
11110110001		181
11100001001		181
11000000101		181
10110111111		181
10101001110		181
10101000000		181
10100111100		181
10010100100		181
10000111110		181
01111001110		181
01000101011		181
00011101001		181
00010111001		181
00010100011		181
11101010100		180
11011100111		180
10100101111		180
10100010101		180
10010100101		180
10000101100		180
01110101010		180
01101101100		180
01100011011		180
00111100111		180
00101111011		180
00010111110		180
11111110010		179
11101100001		179
10101011100		179
10100111000		179
10010010101		179
10001000101		179
01101100101		179
01010101011		179
00101001100		179
00010011001		179
11011010110		178
10110100010		178
10100111011		178
10011000001		178
01110101110		178
01101111000		178
01100011101		178
01000101110		178
00110000110		178
00101110010		178
00000011010		178
00000000011		178
11110100001		177
10101111000		177
10101110001		177
10100010110		177
10001011001		177
10000011110		177
01110110001		177
01101011000		177
00011000010		177
00001110010		177
00001110001		177
10111101101		176
10110011100		176
10001100110		176
00111011010		176
00100100100		176
00000110000		176
11111100101		175
11011111000		175
11011011100		175
11001011100		175
10110100111		175
10011001111		175
01011001100		175
11101011101		174
11010111011		174
10111011001		174
10011011011		174
10001011110		174
10000100011		174
01101011010		174
01100110010		174
01010101010		174
01000011001		174
00110011101		174
00011100010		174
00011010110		174
00010011110		174
11111110011		173
11101011100		173
10101100100		173
10011111111		173
10010011011		173
10000011001		173
01101001111		173
01100101011		173
01010011010		173
00011111000		173
11100111011		172
11011101100		172
10111100011		172
01001001000		172
00110011111		172
00010100100		172
00001100111		172
11110101010		171
11101100010		171
11101000000		171
11100111110		171
11011101101		171
11010000100		171
01111000110		171
01011000000		171
00101111000		171
00101010110		171
11101010111		170
10011000111		170
10000101101		170
01111001111		170
00010010100		170
11110111110		169
11110111100		169
11110001111		169
11100010101		169
11010100011		169
11001001111		169
11000000001		169
00111100001		169
00011001111		169
00010101111		169
00001000010		169
00000111000		169
11111011010		168
11110001100		168
11100101111		168
11011101001		168
11011100110		168
10110111101		168
10010100110		168
01111100010		168
01011101111		168
00101111100		168
11110000101		167
11110000100		167
00110011011		167
00101000101		167
00100111011		167
00011011110		167
00011001010		167
11010101111		166
11001010111		166
10011101100		166
01101000011		166
01100110000		166
01000000101		166
00110101011		166
00010101101		166
11101001110		165
11010110010		165
11000101011		165
10100011011		165
10000001011		165
00111000011		165
00100001101		165
00011101110		165
00001101001		165
10111110000		164
10101010110		164
10101010101		164
10100010111		164
10011000101		164
10010011001		164
10001010111		164
11101111111		163
11010111110		163
10110111011		163
10110000011		163
10101101011		163
00001111000		163
00001010110		163
11011000000		162
11010101011		162
11001101110		162
10111010100		162
10110000100		162
10101110010		162
10010011100		162
10000111001		162
01101111100		162
00111010110		162
00100101011		162
00100010110		162
11000101010		161
10100100110		161
10011111110		161
10010010100		161
10001101101		161
10001010100		161
10000111000		161
01110000101		161
00011000111		161
00010001011		161
00001100101		161
00001100001		161
11100101101		160
11100100010		160
11100100001		160
11100001011		160
11000010110		160
10110110011		160
10011100111		160
01101001010		160
00100000110		160
11110100101		159
11010111000		159
10111011100		159
10110111100		159
10101011110		159
10101001100		159
10001100101		159
10001100010		159
00000100110		159
11111000111		158
11010110001		158
11000001000		158
10101111001		158
10101010111		158
10100001100		158
10100000111		158
10011011010		158
10011000011		158
10000010110		158
10000001110		158
01110101100		158
00111111000		158
11111010111		157
11101010101		157
11100011101		157
11001000001		157
10110011000		157
10100001010		157
01110100000		157
01110000100		157
01001101000		157
01000001101		157
00100000001		157
11111001011		156
11010011000		156
11010001110		156
11010001101		156
10111101011		156
10111100111		156
01110001101		156
01101100000		156
00111010101		156
00101100110		156
00101100000		156
00100011011		156
00010101100		156
11111000110		155
11101000101		155
11010100000		155
11000000000		155
01111101100		155
01001101100		155
01000000100		155
01000000001		155
00001000011		155
11111110001		154
11100000110		154
11100000001		154
11010011001		154
10001001001		154
10000001100		154
01111000101		154
01011001001		154
01010000000		154
00110011001		154
00011001011		154
00001001000		154
11110100011		153
10101100110		153
01110001011		153
00111011000		153
00001001101		153
00000000001		153
11010001010		152
11000110011		152
10111100001		152
10011101101		152
10011010111		152
10010010001		152
01100101110		152
01010000100		152
01001101010		152
01000001111		152
00011101010		152
00010110001		152
10110101100		151
10110100110		151
01111101110		151
01111000000		151
00110111011		151
00101101101		151
00000110011		151
10101100000		150
10101000101		150
10100001110		150
10001010101		150
01110011000		150
01101000000		150
00111111011		150
00001010100		150
11011110000		149
10111000100		149
10011110000		149
10011100010		149
10000001000		149
01110000010		149
00110010101		149
00110001111		149
00101101011		149
00100000010		149
00011100100		149
11101011110		148
11100111010		148
10101000011		148
10010101111		148
10010101011		148
10000011011		148
00011101101		148
00011001100		148
00000010110		148
11101001100		147
11100001110		147
10110101110		147
10011101010		147
01110001110		147
01001001110		147
00111001000		147
00110101101		147
00100010100		147
00010100111		147
00001001010		147
00000000100		147
11000001111		146
10110101101		146
10100011001		146
10010000100		146
01100110001		146
00111000010		146
00110101111		146
00101011001		146
00100101101		146
00011111010		146
00011000110		146
00000001100		146
11110101111		145
11110100100		145
11101011010		145
11011111110		145
11011100101		145
11011000111		145
11010011011		145
11001110010		145
10101100111		145
10011111011		145
10010111000		145
10001010110		145
01001101110		145
00101111001		145
00011110000		145
00011001001		145
11111111000		144
11110001101		144
11011010100		144
10101110000		144
10010100010		144
10000111010		144
10000001111		144
00111010100		144
00110110011		144
00000101011		144
11111101010		143
11100101000		143
11100001000		143
10111101100		143
10011000010		143
01100001010		143
00111001101		143
00110010100		143
00010100000		143
00001100100		143
11110111001		142
11110100010		142
11100010100		142
10100000010		142
01111000001		142
01010001010		142
01000001001		142
00110111001		142
00001111011		142
00001001011		142
11101001111		141
11100100111		141
11000110001		141
10110111000		141
10011001101		141
10011000100		141
00111111010		141
00101000000		141
00010101001		141
11101101011		140
11001001001		140
11000101111		140
10110011111		140
10101111101		140
10010111110		140
10000001101		140
01010001101		140
01001000110		140
00001011010		140
11110000011		139
11101000010		139
11100110001		139
11100011110		139
11010000001		139
11001001011		139
11001000011		139
10111110011		139
10101101100		139
10100110010		139
10011011000		139
10010011110		139
10001001110		139
10000000101		139
01111101010		139
01110000001		139
01101000100		139
01101000010		139
01010001110		139
01001000101		139
00101100001		139
00011000000		139
11111101011		138
11110011001		138
11100011000		138
11010001011		138
11001011001		138
11001001110		138
10111000011		138
10100000110		138
01110011010		138
00011001110		138
11011100100		137
11011100010		137
11010111010		137
11001101000		137
10110001111		137
10001100001		137
10000101110		137
01000000000		137
00010011011		137
00000101100		137
11101100111		136
11001111001		136
10111010101		136
10110110010		136
10101001111		136
10010011010		136
10010000011		136
10000000100		136
01101000111		136
01100100010		136
00111000101		136
00101001101		136
00100011001		136
00001101111		136
11111000011		135
11111000001		135
10110001100		135
10011011110		135
10011001110		135
01100000010		135
01000101001		135
00111110000		135
11110011000		134
11110000010		134
11101110000		134
11101000100		134
11011011010		134
10110111110		134
10000010101		134
01111101101		134
01001000001		134
00111110010		134
00111101101		134
00110001010		134
00101111110		134
00101101111		134
00100001001		134
11101111010		133
11100111000		133
11010001001		133
11001111000		133
10111011010		133
10111000110		133
10100100010		133
10011010101		133
10001101111		133
01101001011		133
01011001011		133
01000001000		133
00110110001		133
00110100100		133
00110100000		133
00101101100		133
00001100000		133
11111111011		132
11101001101		132
11010010110		132
11000110010		132
11000101001		132
10111001100		132
10101100010		132
00011100110		132
00011000101		132
00010101000		132
00010000100		132
11010001100		131
10011001011		131
10001000111		131
01101100001		131
01100011000		131
00100000101		131
00001101100		131
11111101111		130
11110001110		130
11101111001		130
11010100010		130
11001101011		130
11001001000		130
10111100100		130
10110011110		130
10101011010		130
10001100000		130
10000001001		130
00000110001		130
00000101000		130
11110011010		129
11001111010		129
10101101101		129
10101100101		129
10100110001		129
10011101001		129
10010100000		129
10010001100		129
01000101010		129
00101000010		129
00000000101		129
11011001101		128
11000001001		128
10010111010		128
01110001111		128
01010000001		128
00110111110		128
00101010101		128
00100110011		128
00010001001		128
11111000000		127
11001111100		127
10111100010		127
10110010100		127
10010110001		127
01110001010		127
01001101001		127
00110101100		127
00010001100		127
11111001101		126
11011110001		126
10111010111		126
10101111011		126
10010111001		126
10000101011		126
01001111000		126
00110100011		126
11110110011		125
11011111001		125
11011100001		125
11010001111		125
11001000000		125
10111111100		125
10110100100		125
10010101010		125
10010000101		125
01111100000		125
01100101100		125
00110111000		125
00101101000		125
11111111010		124
11111000010		124
11001100101		124
11001100001		124
10111010110		124
10110010110		124
10101010100		124
10100011000		124
10011111001		124
10001111011		124
10001111010		124
01101101001		124
00110011010		124
00101110001		124
00001001001		124
11111100111		123
11110101101		123
11110101001		123
11110100000		123
11011000001		123
11000100001		123
11000001110		123
10110100000		123
10110011010		123
10110000101		123
10100010100		123
10010000110		123
10001001111		123
01001001011		123
00100001010		123
00011100101		123
00011100000		123
00001101101		123
11110111000		122
11100000000		122
11001111011		122
11001100100		122
11001000100		122
10111101010		122
10110101010		122
10011100100		122
10001001011		122
01100100000		122
01100001011		122
00110100001		122
00101001001		122
11011001001		121
11010101010		121
10100101101		121
10000101001		121
01101111001		121
01101000110		121
00010000000		121
11011110010		120
11011101000		120
10111000111		120
10100001001		120
10000100001		120
00110001011		120
00010100110		120
00001101010		120
00001001110		120
11101010110		119
11100000101		119
11001101010		119
11001001010		119
11000011001		119
11000011000		119
10111001101		119
10001101001		119
10000101000		119
00101100101		119
00010100010		119
00001000100		119
11011001010		118
11010101110		118
11001001101		118
10110001110		118
10101111110		118
01111001100		118
01110001100		118
01100101001		118
01100001001		118
01011001000		118
00110001000		118
11101000001		117
10101000111		117
00111100110		117
00010001000		117
00001000001		117
11101111110		116
11000101101		116
10111111001		116
10110011011		116
10010001011		116
01110000000		116
01101101000		116
00101110000		116
00111111001		115
00110101110		115
00101101110		115
11100011001		114
11100000100		114
10011110001		114
10010010110		114
01101101010		114
00111001110		114
00010101010		114
00001100110		114
11110010100		113
11011001111		113
10110111001		113
10100100001		113
10100000001		113
10011101000		113
10001111000		113
10001001000		113
00110001001		113
00101010100		113
00100101110		113
00011000100		113
00001111010		113
11111100001		112
11010011010		112
11001101111		112
10100101001		112
10011001001		112
00110010011		112
11111001111		111
11011100000		111
11001000110		111
10111100000		111
10111001010		111
10111000101		111
10101101110		111
01100000001		111
01010001100		111
00111100010		111
11101000011		110
11100101110		110
10111101110		110
10010000000		110
00100001110		110
11111100010		109
11110101100		109
11100110000		109
10111100110		109
10110101001		109
10101001011		109
10100001111		109
10011111000		109
10010011000		109
00011110001		109
00001001100		109
11111111001		108
11110000000		108
10111001110		108
10110101111		108
10110001011		108
10110001000		108
10010001101		108
01101001000		108
01100000000		108
00111101100		108
00010110011		108
00001101000		108
11001101101		107
10101001101		107
01101001110		107
01100000011		107
11101101001		106
10010001111		106
10001101110		106
01111001011		106
00111100100		106
00100100000		106
00000001110		106
11100001111		105
11011001110		105
11000100000		105
10111101000		105
10101101000		105
10100111110		105
10011000110		105
10001000110		105
01100001101		105
00111001011		105
00101011000		105
00101001011		105
00011101000		105
00001110000		105
11111100000		104
11110001000		104
11011001100		104
01000101000		104
01000001110		104
00110100010		104
00100001000		104
00011101111		104
11101001011		103
10110011001		103
10100000101		103
01100000100		103
00111101110		103
00100000011		103
00000000010		103
11111101001		102
11111001010		102
10101001001		102
10101000001		102
10001001010		102
01000001100		102
00111101111		102
11011101011		101
10101101010		101
01100001000		101
00100000100		101
11101101111		100
10111001011		100
10000001010		100
00011001101		100
00010110010		100
11111101000		99
11111100100		99
11110101000		99
11100110010		99
10100101100		99
10100101010		99
10001000001		99
10000100000		99
00111100101		99
00110101010		99
11011010101		98
11001001100		98
10111100101		98
10110000010		98
10101000010		98
10100001000		98
11111001100		96
11101111000		96
11011000110		96
10100110000		96
01010001000		96
01001001010		96
00111001010		96
00111000001		96
00101101001		96
00100011010		96
11101000111		95
11011001011		95
11000101000		95
00111101010		95
00111001001		95
00011001000		95
11110000001		94
11101101110		94
11101000110		94
11100100110		94
10101001000		94
10010001001		94
00101001110		94
10111101001		93
10010001110		93
01101000101		93
01001000100		93
00110000010		93
11101001010		92
10100101110		92
01110101000		92
01100001100		92
11100101011		91
11010000000		91
10101101111		91
10100000100		91
10011100000		91
10011001010		91
01101001001		91
11110001010		90
11011101010		90
10110110001		90
10010001010		90
10001000000		90
01100000101		90
01001001001		90
00110101001		90
00100101001		90
00001000000		90
10111011000		89
10101101001		89
10100000011		89
10010101110		89
10010101001		89
11100001010		88
10111000001		88
10000000000		88
00110011000		88
11111001110		87
01111000100		87
01110001001		87
00101001000		87
00010001010		87
11101001000		86
10011001000		86
11100011010		85
11010101001		85
11010101000		85
11001100110		85
10111101111		85
10000110010		85
01111001000		85
01010001001		85
00101101010		85
11110001011		84
10111001000		84
10100011010		84
01101001101		84
00111001111		84
10111000000		83
10101000110		83
10101000100		83
10010001000		83
01101001100		83
00111101000		83
00100101010		83
00000110010		83
11111001000		82
10011101111		82
01100001110		82
11111101100		81
11110001001		81
11011101110		81
00101001010		81
00011101100		81
11111101101		80
10001101000		80
11101101100		79
10100001101		79
00110110000		79
11111001001		78
10110000001		78
11100011011		77
11010001000		77
10111001001		77
10011001100		77
10011000000		77
11100100000		76
10111000010		76
10000101010		76
00111000100		75
11101001001		74
00111101001		74
00100110010		74
11011101111		73
00110000000		73
11011001000		72
00110110010		72
00001101110		72
01100101000		71
00100101000		71
10110101000		68
00110101000		68
00100011000		68
11100101001		65
10111001111		65
10110001010		65
10100101000		65
10010101000		65
00110000001		65
11111101110		64
00100000000		64
10110001001		63
00010000001		63
10100000000		62
10011101110		62
01100101010		62
01111001001		61
11110101110		60
01001010011		60
10000000001		59
00011010010		58
10010000001		57
10001010000		57
01110001000		57
01001010010		55
11001010010		54
11100101010		53
10101001010		53
11001010011		49
10011010001		46
00101010010		45
10110000000		44
01011010010		42
11101010011		34
00001010011		34
10100010000		31
11110010000		29
00000010001		29
11101010001		27
11000010001		27
11100010000		25
10110010000		25
00100010000		23
10001010011		22
01010010001		21
11011010001		19
00111010001		19
00010010001		17
01001110111		16
11000010011		14
10111010000		14
11010010000		13
10100110100		13
00001010010		13
11110010011		12
11101010010		11
11100110100		11
01110010011		11
10101010011		10
01111010010		10
01101010010		10
00101010011		10
10111010001		9
10000010001		9
01100010011		9
01100010001		9
01011010000		9
01000110111		9
11111010001		8
10101010010		8
10001010001		8
01110110100		8
01101010011		8
01100010000		8
11100010001		7
11011010010		7
10010010000		7
01111010011		7
01111010000		7
01100010010		7
01011010001		7
01000010001		7
00111010000		7
00011010011		7
11111010000		6
10110010011		6
10001010010		6
01101010001		6
01011010011		6
01010010000		6
00110010010		6
00000010010		6
11111010011		5
11110010001		5
11011010000		5
10000110100		5
01100110111		5
01011110111		5
01001010000		5
01000110100		5
00111010011		5
00110010001		5
00101010001		5
00100010001		5
00011010000		5
00001010000		5
00000110100		5
00000010011		5
11111110101		4
11111010010		4
11100010011		4
11011010011		4
11010110110		4
11001010000		4
11000010000		4
10111010011		4
10100010010		4
01110010001		4
01110010000		4
01101010000		4
01010110101		4
01010110100		4
01010010010		4
01000110110		4
01000110101		4
01000010011		4
00111010010		4
11001010001		3
10110110100		3
10101010001		3
10011110111		3
10000110101		3
10000010010		3
01111010001		3
01110110111		3
01101110111		3
01100110100		3
01011110110		3
01001110110		3
01001110100		3
01001010001		3
00111110101		3
00110110111		3
00110010000		3
00101110100		3
00100110100		3
00100010011		3
00011110101		3
00011010001		3
00010110101		3
00010010000		3
00000010000		3
11111110110		2
11110110111		2
11110010010		2
11101110100		2
11101010000		2
11011110110		2
11011110101		2
11010110111		2
11010110101		2
11001110111		2
11000110111		2
11000010010		2
10111010010		2
10110110111		2
10110010001		2
10101010000		2
10100110101		2
10100010001		2
10011110110		2
10011110101		2
10011110100		2
10011010000		2
10010110101		2
10010110100		2
10010010011		2
10000110111		2
10000010000		2
01111110100		2
01110110101		2
01110010010		2
01101110101		2
01101110100		2
01100110101		2
01010110111		2
01000010000		2
00111110110		2
00111110100		2
00110110100		2
00101110101		2
00001110110		2
00000110111		2
11111110100		1
11110110110		1
11110110100		1
11101110110		1
11100110111		1
11100110101		1
11100010010		1
11011110111		1
11010110100		1
11010010010		1
11001110110		1
11001110100		1
11000110110		1
11000110101		1
11000110100		1
10111110111		1
10110110110		1
10101110110		1
10101110101		1
10101110100		1
10100110111		1
10011010011		1
10011010010		1
10001110111		1
10001110110		1
10001110101		1
10000010011		1
01111110111		1
01110110110		1
01101110110		1
01011110101		1
01010110110		1
01010010011		1
01000010010		1
00110110110		1
00100010010		1
00011110110		1
00010110111		1
00010110100		1
00010010011		1
00010010010		1
00000110101		1
