10000100110		1104
10010100111		909
00100100111		905
10010000111		897
10001100111		857
00000100111		857
00101100110		856
10111100111		850
00100100110		850
10100100111		819
10101100111		810
01100100111		797
00101100111		796
10001100110		793
01101100111		793
00001100111		793
01000100111		786
10001000011		785
00010100111		785
10000100111		776
00101000111		775
00000100110		768
10000100100		767
01010100111		756
00000100100		741
01010100110		739
11001100111		738
10000100101		732
00011100010		728
10001100011		723
01001100111		723
10001001111		717
00000000111		715
10101100101		714
10010100101		712
00110100111		711
10001101011		709
00101100011		709
00010100100		707
00001100001		706
10001101101		700
00001100011		697
10110100111		695
01000100110		694
00001000111		694
00010100110		682
10011100011		673
10000000111		670
10001100100		662
00001000011		658
01010100101		654
10100100110		649
00011100111		649
00111100110		648
00100000111		639
11101100111		635
10000000110		635
10010000110		622
00011100011		621
00100100100		612
10101100011		610
00001100110		610
00100101111		607
01000100101		604
10100000111		603
11000100110		601
01011100010		600
10100100011		598
01000100100		598
10011000111		597
10101100110		596
10000001110		596
00011100110		595
10010100110		593
00111100111		592
10010100100		591
10011100111		587
01111100111		587
10001100010		585
01011100111		585
10110100110		576
10011100010		576
10000101111		576
10000101110		571
01111000111		571
00000000110		571
11010100100		567
00101101101		566
10000100010		565
01011100011		565
01001100110		564
01101100110		563
00101100010		563
11110100110		562
11011100111		560
10011001111		556
01110100101		555
01100100100		554
10001000101		552
11010100111		551
10011101101		551
10001101111		551
10001001110		551
00010000111		549
00001000110		549
10001011011		548
00000001101		545
01001100100		544
01001100010		544
10110000111		543
10001100001		539
10101100100		538
10001000111		538
00111000011		537
11000100111		536
01111100110		535
00100100101		534
11011100011		531
01001100011		531
00001001111		530
00111000111		527
11111100111		526
10011000001		526
11010100101		524
10000101101		524
00101001111		524
10111100110		523
11000100101		521
10110100101		520
01001101101		520
01000000111		519
10011100110		518
10011101011		517
10001101001		517
00010100101		516
11001000111		515
00111100100		514
11000100100		513
10000010111		513
10000001101		512
00011001011		511
11111100110		510
00101000011		510
00000001111		510
10011100101		509
00101101111		508
01101101111		507
01000000101		507
00100001111		507
10000001111		506
00011100001		505
01011100110		503
00010000110		503
10111000111		502
01000101101		502
00000100101		502
00101000101		501
10001101110		498
01011000001		498
10001010101		497
00001000100		497
10001110011		496
00011000111		496
11001100010		494
00011001111		493
00001100101		490
10010100011		489
10001010111		489
00101010111		488
00001001100		488
10001110001		487
10000000101		487
10001100101		486
00101100100		486
11101100110		484
10111100011		484
01010100100		482
00011000101		482
10001100000		481
10010001111		480
00001010111		480
10101011111		478
00010000100		478
00000101111		478
10001001101		477
00110000111		476
00111001101		473
10000001011		472
00011011111		472
10101101111		471
10000111101		471
10100101101		470
10001000010		469
10100100101		468
10010101101		468
10100101111		467
00000000101		466
00011100101		465
10011001011		464
00000100011		464
10111000001		463
01001100101		463
00111001111		463
01110100111		462
01001001111		462
00001101111		461
10111010111		460
10001001011		460
10101000111		459
00010010111		459
00010010101		459
00001101011		458
11100100111		457
10101010111		457
10011010110		457
10001000001		457
01011000101		457
11011100110		456
00101100001		456
10110000011		454
10110100011		453
10010000101		453
00110101101		452
00110001111		450
11001000100		449
01100000111		449
00101101011		448
00001010101		448
10011100001		447
01100100101		447
00011010111		447
10101000100		446
10101011110		445
01011000111		444
00110100110		444
00011000100		443
01011001111		442
00001100100		442
00001100010		442
00000101100		442
10011101010		441
10101100010		440
10001011110		440
01001000011		440
00111000110		440
00110000110		440
01101100011		439
00001101101		439
10101111111		436
00000001110		436
00011000011		435
10110000110		434
00001001101		434
00000100010		434
10001000100		433
01011001011		433
00100100011		433
00111001011		432
00000101001		432
11111000001		431
10001011111		431
00101000100		431
11010101101		430
10011100100		430
10001111111		430
00001011100		430
10010100001		429
10010101110		427
01100100110		427
00001111111		426
10001010100		424
10000010110		424
01011010110		424
10100010111		423
00001101110		423
10011000100		421
01111001101		421
01011011111		421
10010101111		420
10000011111		420
01110100100		420
00100000101		420
10111000000		419
10011010111		419
00101001110		419
10110100100		418
10000100011		418
00111010111		418
11101000101		417
11011100010		417
10110011111		417
10011011011		417
10100100001		416
10011011111		416
10001111100		416
11011100100		415
10011011110		415
10010010101		415
10010001011		415
00111100011		415
00011000110		415
10101001111		414
11101100011		413
01110100110		413
01001101111		413
00100000110		413
11011100101		412
01011000000		412
01010000111		411
00000101110		410
10011110010		409
01010000110		409
00001111101		409
01001000110		408
00010100011		408
10101101011		406
10100001111		406
01111100101		406
00010001111		405
00110100101		404
11100000111		402
01010100001		402
00110000101		402
00011101110		402
00000101101		402
00011010110		401
00010000101		401
00001000010		401
10111101101		400
10101000011		400
01011111101		400
11001101001		399
10001011000		399
00100001110		398
10110101101		397
10010111101		397
00011000010		397
00001101100		397
10001010110		396
10011000101		394
01110000111		393
00101000010		393
01011011001		392
11000000111		391
10011010100		390
10010000100		390
01011100101		390
01010100011		390
00111000101		390
00101011111		390
00101000110		390
11110100100		389
10011100000		389
00100001101		389
00011011101		388
11111100101		387
11010100110		387
10101101101		387
00011001101		387
11110111101		386
11110100101		386
10111100100		386
10011001101		386
10000010101		386
11111000111		385
10111000101		385
10011000011		385
10001001001		385
00011101101		385
00001000101		385
11011000111		384
11001011101		384
11000000110		384
01000001101		384
11111100011		383
10011000110		383
01011100001		383
10100100100		381
10010011101		381
01101100010		381
01101100000		380
01100101111		380
11111001101		379
11000001001		379
10011011101		378
00100010111		378
11001000001		377
10110000100		377
10010101011		377
00101001101		377
10101000101		376
01101001111		376
10000011101		375
00011100000		375
00100101110		374
00010101100		374
11001100001		373
10010001110		373
10010001101		373
10000101100		373
00101111111		373
10110101100		372
10001101010		372
00001001110		372
01101000001		371
00011111101		371
10110100010		370
10101011101		370
10101010100		370
10100000110		370
01000001111		370
00110001110		370
01001011101		369
10000101001		368
10000100001		368
01101100100		368
01011001110		368
11001000110		367
10111101001		367
10111011011		367
00110010111		367
11001100011		366
10000001100		366
00111010101		366
00101111101		366
11001100101		365
10001001100		365
01001100001		365
11010100011		364
11101101111		363
11011111101		363
11001101101		363
10110111111		363
10110001111		363
10011101100		363
00011000000		362
11100100100		361
10000010100		361
01001011111		361
01001000100		361
10111000010		360
10001011100		360
10101110011		359
10011101111		359
01011010111		359
11101000001		358
11010100001		358
10010010111		358
10100011111		357
10001101100		357
01101000101		357
00101100101		357
00001010110		357
10010101010		356
10010100010		356
10001001010		356
01000001011		356
00001011111		356
11110100111		355
11101100101		355
10101100001		355
10100001110		355
00011001100		355
10111000100		354
01101000011		354
11001101111		353
01100001111		353
00001111100		353
11101000111		352
10111000011		352
01001001110		352
00010001101		352
11101100100		351
10110100000		351
00010101111		351
00000001011		351
10101000010		350
01000000110		350
10111001101		349
10011110000		349
10000011100		349
01011001001		349
10100111101		348
10000111111		348
01000101100		347
00110000100		347
10111101111		346
01011101101		346
10101011100		345
00111101111		345
10101001110		344
10011011100		344
10011001110		344
10000001010		344
00100100001		344
11110000101		343
10001011101		343
10000001000		342
01011000010		342
00111001100		342
00000011111		342
11011011101		341
01000100011		341
00010010110		341
00001001011		341
11001100100		340
10110011101		340
10100010101		340
00111001110		340
00000000011		340
11000001111		339
00100111111		339
11010100000		338
10111011101		338
00011101111		338
10111001111		337
10011011001		337
00101001001		337
10101101110		336
10000001001		336
11011101111		335
11010111101		335
01010001111		335
01001011110		335
00110101111		335
00011111111		335
10001111101		334
00100101100		334
10100100010		333
10001001000		333
01111001110		333
00110100100		333
10000111100		332
01011000011		332
11001100000		331
00001011101		331
11100001011		330
01110000100		330
01001010111		330
00011100100		330
00010101011		330
00000011101		330
10111011110		329
10111001011		329
10101101010		329
10011000010		329
10010000011		329
00111000010		329
00101101010		329
01101000100		328
10111011001		327
10110010110		327
11100100101		326
10101101000		326
10101010110		326
01001000111		326
00110010110		326
00011110011		326
00010000011		326
00000010111		326
10101000110		325
10000011110		325
10111001110		324
10011000000		324
10010010100		324
01111001111		324
00011101100		324
11001000011		323
01101001011		323
11111100100		322
10110000101		322
10001111011		322
01111000101		322
00111000000		322
00001001001		322
11101010111		321
10111100001		321
10011001010		321
10000000100		321
00101011110		321
11010000111		320
10001111110		320
01111000001		320
01001010101		320
00000101011		320
01111000110		319
01001000001		319
01001000000		319
00111010110		319
00111000001		319
11100100011		318
11011000101		318
00100010110		318
11000001101		317
01001100000		317
00001001010		317
11101101011		316
10111111101		316
10110101110		316
10010010110		316
10001000110		316
00010010100		316
11110101101		315
10111100010		315
01011000100		315
01001101011		315
00111100101		315
00101101001		315
00010001110		315
11001001101		314
10001011001		314
00100101101		314
10111000110		313
10101111101		313
10101001011		313
00110101110		313
00011101010		313
11101000000		312
11100101101		312
00101101110		312
00011000001		312
00010101110		312
11001001111		310
10101010101		310
01011101111		310
01001000010		310
00101100000		310
00101011100		310
00001001000		310
11001001011		309
11001000010		309
10110001101		309
01011101010		309
11110101111		308
10011111111		308
10011011010		308
00011011100		308
11011011111		307
10010111100		307
10010011111		307
01001101100		307
01001000101		307
10101011001		306
10100001100		306
00001101010		306
11100100110		305
11011001101		305
10101101001		305
10100000010		304
11001101010		303
00000000100		303
11011001111		302
10111101110		302
10100000100		302
00101011101		302
11011101110		301
11011000001		301
10111010110		301
10110101111		301
10000000011		301
00100011111		301
11000000001		300
10111100101		300
10101000001		300
01011101110		300
01010101101		300
01000101110		300
11100100001		299
11000011101		299
10000100000		299
01101100001		299
00100000100		299
11111110001		298
11010001001		298
10011001001		298
01010101100		298
10111011111		297
01111100100		297
00010100001		297
00001011110		297
10101110010		296
10011101001		296
00111100010		296
11100000110		295
11011101101		295
11001101011		295
00000101010		295
11000000100		294
00101010101		294
00001000000		294
11001101110		293
11000101111		293
11000001011		293
10011101110		293
11111000101		292
11100001001		292
11001100110		292
01111101101		292
01011101000		292
00010011101		292
11110011101		291
11110000110		291
11001111101		291
10110001011		291
10100001011		291
10001011010		291
10111001001		290
10000101010		290
01001001011		290
00111101101		290
00011010101		290
00000010100		290
00101010110		289
10010000010		288
00110011101		288
00000111110		288
11001010111		287
01010011101		287
00100101011		287
11111000110		286
01011001100		286
00000010101		286
11010000101		285
01111000011		285
00011011110		285
10100101011		284
01110000110		284
01101011101		284
01101010111		284
01011101001		284
00011111100		284
00010001011		284
11110100001		283
10110101011		283
10100101100		283
10010111111		283
11110001110		282
11010101110		282
10110001001		282
01101101001		282
01010000101		282
00011101011		282
00001111110		282
00000111100		282
10110000010		281
10101001101		281
00101011011		281
00101000001		281
11100101111		280
10001101000		280
01111100011		280
00011001110		280
00010001001		280
10011001100		279
10001000000		279
11011011001		278
10100010110		278
10101111100		277
10000101011		277
00101001011		277
00011001010		277
11000000101		276
10101100000		276
10100111111		276
10011010101		276
01110001110		276
01001111101		276
00100111101		276
10101110001		275
00101001100		275
11000111101		274
10110010111		274
10010101100		274
01101100101		274
00111011101		274
00000111111		274
10101000000		273
10010011100		273
00000001001		273
10000000001		272
00110011100		272
10000000010		271
01100010101		271
01001101001		271
00100010101		271
00100001011		271
11101111101		270
10011111110		270
00111011111		270
11010101111		269
10100011110		269
01010101110		269
01010010101		269
00101110011		269
00001011001		269
00000100001		269
11010101100		268
11000101101		268
10011111101		268
01011010100		268
11111000011		267
10010001010		267
10000000000		267
01111000010		267
01000000100		267
00101001010		267
00010100010		267
00001000001		267
11010001101		266
10001110010		266
01111010101		266
01011101100		266
01011100000		266
01001101110		266
01001001101		266
00100000011		266
11000101100		265
10100101110		265
10010001001		265
11010001011		264
10001110000		264
00001100000		264
01001010100		263
11111111111		262
11010111100		262
10000111110		262
01100000110		262
01010010100		262
01010001101		262
00111010100		262
00110100010		262
00001011011		262
10010101001		261
01011011101		261
00001101001		261
00000001100		261
00000000001		261
11111111101		260
11110101110		260
11001000000		260
10111101100		260
10100000001		260
01011000110		260
11110001100		259
11001000101		259
01111010110		259
01001011100		259
01001101000		258
11111001110		257
01011111100		257
00000101000		257
11101010100		256
11101001111		256
11001010101		256
10111110001		256
10110001000		256
10001111001		256
11011001011		255
11010000100		255
10110001110		255
00011010100		255
00010100000		255
11110100010		254
11101110001		254
10110111101		254
01110001101		254
01101000010		254
00110001011		254
11111010111		253
11101100001		253
11000001110		253
10111111111		253
00110101100		253
11111101111		252
11101001011		252
10000101000		252
10000011001		252
01010000001		252
11101100010		251
01101101110		251
00011111001		251
11111011110		250
11001101100		250
10110010101		250
10101011000		250
10100101001		250
10100011101		250
01001001100		250
11111011101		249
11110001101		249
11001111111		249
11001111001		249
10110001010		249
01000100010		249
00100001100		249
00011011011		249
11100010111		248
10110011110		248
10110011100		248
01101000111		248
01010111101		248
00010101010		248
11111101000		247
11100010101		247
01111010111		247
00111011011		247
11011101100		246
10111111000		246
01100100001		246
00111100001		246
11010101001		245
11000101110		245
10111001010		245
01100000101		245
00011011001		245
11000101011		244
01101101011		244
01000001110		244
10100010100		243
10011110011		243
01111100001		243
11010011101		242
11001110011		242
10010011110		242
01100000100		242
00111001001		242
11110001111		241
11101100000		241
11011101000		241
11011010111		241
10111101011		241
01011010101		241
00010101101		241
00000011100		241
00000001010		241
11011100001		240
10100100000		240
01101001110		240
01101000110		240
01011001101		240
00111011110		240
00111001010		240
11010001111		239
10111010101		239
10111001100		239
01101010110		239
01100101101		239
00110100001		239
00101000000		239
00011101000		239
00000010110		239
10010110001		238
01101101010		238
00100011110		238
00011111110		238
00010000010		238
11010010111		237
11000011100		237
10110000001		237
10101011011		237
01010000100		237
00111111101		237
11110000111		236
11101001101		236
11011000011		236
00110001001		236
11001001100		235
10101111110		235
10100000011		235
01110101101		235
00101111110		235
11100000001		234
11011101011		234
11001101000		234
10110100001		234
01011011110		234
01010010111		234
11111011001		233
11001111100		233
10100000101		233
01101000000		233
01100101110		233
10011001000		232
01011101011		232
00010001010		232
11101011011		231
11000100011		231
11000100001		231
00111101011		231
11111001111		230
11100101110		230
11100001111		230
01101101101		230
01001001001		230
01000101111		230
00100010100		230
01100010111		229
11000101001		228
10111010100		228
00100001001		228
00111110001		227
11111000000		226
11001010110		225
11001001001		225
10101101100		225
10011101000		225
00100011100		225
11111001100		224
11101101000		224
11011001001		224
11010100010		224
10010110011		224
10010100000		224
01110101100		222
01000010111		222
11101101110		221
11101101010		221
11010000001		221
11001001010		221
10101001010		221
01101111101		221
01011001000		221
00101001000		221
11111010101		220
11001111110		220
00110100011		220
10010001100		219
01001001010		219
01000100001		219
00101011010		219
00100100010		219
00000000010		219
11000010101		218
11000001000		218
10111011010		218
00110001000		218
11111010100		217
01011110011		217
11111100010		216
11111100000		216
11010101011		216
10111100000		216
10010011001		216
01110000101		216
00011101001		216
00001101000		216
11110101001		215
11110100011		215
01011011100		215
01001001000		215
11101101101		214
11000100000		214
10111011100		214
01101011100		214
00010101001		214
00001010100		214
11100000101		213
11000111100		213
10100101010		213
00010111110		213
11110011100		212
10101001100		212
01101111110		212
00110011110		212
11111000010		211
11010000110		211
10110101000		211
10011110001		211
10010011011		211
01010101011		211
01010100010		211
00111000100		211
11110100000		210
11110000011		210
11100011111		210
11001001110		210
10011011000		210
01110001111		210
00010011110		210
00000001000		210
11110010111		209
11101011100		209
10010111110		209
10000110001		209
01110000001		209
00110111101		209
00001110010		209
00000111101		209
11111000100		208
01111001011		208
01110100011		208
01110010111		208
11111001011		207
10111110010		207
01010101111		207
00111011010		207
01110111101		206
01000001010		206
00111101100		206
00011011000		206
10011111100		205
01000001100		205
01000001000		205
00001110011		205
00001011010		205
10111111001		204
10110101010		204
10001111010		204
10000111011		204
01111101111		204
00101110000		204
00100011101		204
11001011111		203
10100011100		203
10010000000		203
01100111101		203
01011100100		203
00101110010		203
11111001001		202
11111001000		202
11110101011		202
11110000100		202
11101110000		202
10111101010		202
10101111001		202
10100111100		202
10100001001		202
01010001110		202
01001111100		202
01000111101		202
11111111100		201
11111101100		201
11111101010		201
10001111000		201
01100100011		201
11011000000		200
11010110001		200
10110111110		200
00010001100		200
11110111001		199
11111011111		198
11001010100		198
11000000000		198
10111101000		198
01111101110		198
01110101111		198
01101001000		198
00111101010		198
00110101011		198
00001111011		198
11100011101		197
11100001100		197
01111110001		197
01111000100		197
01110001001		197
01001110011		197
01001101010		197
00110100000		197
00110000011		197
11101011101		196
01100001100		196
01011110001		196
01010001100		196
00011001001		196
11111101110		195
11101010110		195
11011000100		195
11010000000		195
10000011011		195
01101001010		195
01100011101		195
00011011010		195
11110101100		194
11110010110		194
11101000011		194
11100101000		194
11011001000		194
11010001000		194
10110101001		194
01101001101		194
00110000010		194
00100001010		194
00001011000		194
11101000010		193
00101101100		193
00101010100		193
11110010101		192
11101110011		192
11011101010		192
11010010101		192
10100001010		192
01100101100		192
01011111111		192
01000101011		192
00000000000		192
11100100000		191
01101010100		191
00010000000		191
00000011110		191
11101000110		190
11011000010		190
11010001100		190
10100111001		190
01101111111		190
01001010110		190
00111011100		190
11011011100		189
10110001100		189
01100010110		189
11101001000		188
11100101100		188
11100000100		188
11011111111		188
11010101010		188
10111110000		188
11111100001		187
11011100000		187
11000111001		187
01110101110		187
00110010101		187
00110001101		187
11101011111		186
10111001000		186
10101001001		186
00100100000		186
11111011100		185
11101010101		185
11011010110		185
10000111001		185
01111011101		185
00000100000		185
10011111011		184
01100001110		184
01001011000		184
00110011011		184
00101111100		184
01010000011		183
00101101000		183
11110000001		182
01010001000		182
11001011001		181
01101101100		181
01100001011		181
00100111100		181
11011011000		180
11000110001		180
01100100000		180
00110011111		180
00100101001		180
11011000110		179
11001011110		179
00100111110		179
11100001000		178
11010011001		178
10101110000		178
10100001101		178
01100100010		178
01001111111		178
01001111110		178
01000101001		178
01000100000		178
11110001000		177
11101001010		177
11100111100		177
11010010100		177
11001110001		177
01010000000		177
01000101000		177
11101001110		176
11011101001		176
11010010110		176
01111111101		176
01010001001		176
00011110000		176
00011001000		176
11100000010		175
01111001100		175
01001011001		175
10110111100		174
01111011110		174
01010101001		174
01000010101		174
00100101010		174
00001110001		174
11110000010		173
11101111100		173
11101101001		173
11100001101		173
01110010110		173
01010100000		173
01001011011		173
11101110010		172
11011001110		172
11000001010		172
10010110000		172
00010111111		172
11101011001		171
11000100010		171
10101111000		171
01010011100		171
00111101110		171
00111011001		171
00001111001		171
11110111111		170
11110111100		170
11000101010		170
10110111000		170
01100011111		170
01010001011		170
00111111100		170
01100001101		169
10100001000		168
00010011100		168
00010001000		168
00110000001		167
11111101101		166
11100100010		166
11011111110		166
11011111000		166
11001011011		166
11001001000		166
01101111100		166
00100101000		166
11010001110		165
11001110000		165
01111101001		165
00010011001		165
10100111110		164
10000011010		164
01111101100		164
01111000000		164
01010011111		164
01010000010		164
11101000100		163
11000111000		163
01011111001		163
01010010110		163
00100000010		162
11100001110		161
01101001001		161
00110001010		161
00101011001		161
00010011111		161
01101011001		160
00111001000		160
11101111111		159
11100010110		159
11100000011		159
11001011100		159
10010111001		159
10000110011		159
11111110000		158
11101001100		158
11100111000		158
10010001000		158
01100111111		158
01011001010		158
00010111100		158
11100011110		157
10010011010		157
01111001000		157
01100000011		157
01010011001		157
00110010100		157
00011110001		157
00010101000		157
11011111100		156
11000010110		156
10101011010		156
10100110001		156
10110000000		155
10101111011		155
01000000011		155
11110101010		154
11110011110		154
11011110001		154
10100110011		154
01111011001		154
01110001100		154
01101011111		154
01001110001		154
00110111111		154
11010000011		153
10100111000		153
00100001000		153
11101101100		152
01111100010		152
01111001001		152
00110111100		152
00011110010		152
11101011000		151
11100111111		151
01101110001		151
11000111111		150
01110001011		150
01010101000		150
00010011010		150
00000110001		150
10111111100		149
01011110000		149
00110001100		149
11110001001		147
11011111001		147
10110111011		147
01111111100		147
01100101001		147
00111111111		147
00111100000		147
11101011110		146
11000001100		146
10110010100		146
11100011100		145
11011110010		145
11011001010		145
10010000001		145
10000111000		145
01100101011		145
11100111001		144
01110011101		144
01101011011		144
01000101010		144
00100000001		144
11101111110		143
11100101011		143
11000011111		143
10111111110		143
01110010100		143
01100000001		143
01000111110		143
01000000000		143
00101110001		143
10011111001		142
10000110000		142
01111100000		142
01110100001		142
01011011000		142
01000011111		142
01000000001		142
11110001011		141
11100001010		141
10100101000		141
10010101000		141
11111101001		140
11111011000		140
11101001001		139
11000010100		139
10110011001		139
01101101000		139
00111101001		139
11000010111		138
00001110000		138
11111010110		137
01111101011		137
01011011011		137
01000011110		137
01000010110		137
00010011000		137
11111101011		136
01110011100		136
00001111010		136
11111011011		135
11010101000		135
11110111000		134
01111110000		134
11100110001		132
10100011001		132
01000111111		132
01000000010		132
00111110000		132
00111101000		132
11100111101		131
11010011111		131
01101110011		131
01100000000		131
01010101010		131
11111001010		130
11011111011		130
10110011011		130
01111010100		130
01110100010		130
01101001100		130
00010000001		130
00000011001		130
11011001100		129
11010000010		129
11000000010		129
01111011100		129
01101110000		129
01000001001		129
00111110011		129
01011111110		128
00111011000		128
11110110001		127
11011010100		127
11000011110		127
10010111011		127
10000111010		127
01100001000		127
10000011000		126
01101011110		126
01100010100		126
00000011010		126
11001011000		125
11000000011		125
10010110010		125
01101010101		125
00111111110		125
11010111001		124
01110101011		124
01010111100		124
01000011101		124
00110101001		124
00011111000		124
00010111101		124
00000011011		124
11111011010		123
01111011111		123
01110011111		123
00000111011		123
11110101000		122
10111011000		122
10100111011		122
01010110011		122
01001111001		122
00101111001		122
01001110010		121
10111110011		120
01010111001		120
01000111100		120
10111111010		119
10110110001		119
10101111010		119
01110010101		119
11111111001		118
11011110000		118
10011111000		118
10010011000		118
01110110001		118
00110101010		118
00100011011		118
11010111111		117
11010001010		117
10110110010		117
10101001000		117
01100000010		117
00101111011		117
11100010100		116
11010011100		116
11011011011		115
11000101000		115
10110111001		115
01110111111		115
01100111110		115
00101111000		115
11110010100		114
11010011011		114
01000011100		114
00011111011		114
11010111110		113
11000111110		113
10110011000		113
10100011011		113
00110000000		113
11110011111		112
11011110011		112
11000011000		112
10011111010		112
10010111010		112
01111011000		112
01111001010		112
01110100000		112
01100011100		112
00110110001		112
11111111000		111
11010110000		111
10111111011		111
10100000000		111
01110000011		111
01100001001		111
00101011000		111
10110110011		110
01100101010		110
01010111111		110
00000111001		110
11110110000		109
11011011110		109
10110110000		109
00110101000		109
11110001010		108
01111111111		108
01110101000		108
01011111000		108
00100110011		108
11111111110		107
11110011011		107
11110000000		107
11011010101		107
11001111000		107
01110011110		107
01010110001		107
00001111000		107
11101111001		106
01101111001		106
10100110010		103
01011011010		103
01000011001		103
01000010100		103
00111111001		103
00110011010		103
11010111011		102
01000111001		102
00100000000		102
11000110011		101
01100001010		101
01010001010		100
11100011001		99
01111101000		99
11100111110		98
11100110011		98
11001110010		98
10110111010		98
10000110010		98
01110001000		98
01100111100		98
01000110001		98
00100111001		98
00100011001		98
11101111000		97
11000011001		97
01111011011		97
01001111000		97
00000110011		97
11010011110		96
01110000010		96
00010110010		96
11100011000		95
01010111000		95
01010011000		95
01001111011		95
01001011010		95
00100111011		95
00010110001		95
10110011010		93
01110101001		93
01110001010		93
01100011001		93
01001110000		93
01000011000		93
00100110001		93
11010111000		92
01110111100		92
11100101010		91
01011111011		91
01111111001		90
11110110011		89
01100011110		89
11110111011		88
11100000000		88
01111110011		88
01011110010		88
01010111011		88
00010011011		87
11100101001		86
01000111000		86
00110011001		86
01110111110		85
01101111011		85
01111111110		84
01110000000		84
00010110000		84
11111110011		83
11001111010		82
11001011010		82
01111101010		82
01011111010		82
10100110000		81
01101011000		81
11000011011		80
00100110010		80
00010110011		80
00000111010		80
11111111010		79
11000111011		79
10010111000		79
01111110010		79
00110111001		79
00110111000		79
00110110000		79
00100011010		79
00010111000		79
00100111000		78
11101111010		77
00000011000		77
11011011010		76
01000110011		76
00011111010		76
11010011000		75
01110101010		75
11110011001		74
11011111010		74
10100011010		74
01100111001		74
01000111011		74
00110111110		74
11100110000		73
11010111010		73
01010111110		73
10100011000		72
01100111011		72
01110111001		71
00010111001		70
11111111011		69
01101011010		69
01010011110		69
00100111010		69
11101011010		68
00000110000		68
01101111000		66
11100111011		65
00100011000		65
11100110010		64
11100011011		64
11011010001		64
11001111011		64
00111110010		64
11110111110		63
00111111000		63
00101111010		63
11000110000		62
01101110010		62
11010110011		61
01101111010		61
01100110011		61
01100101000		61
00000111000		61
01111011010		60
01110110000		60
00000110010		58
11111110010		57
01000110000		57
11110011000		56
11010011010		56
11000110010		56
10100111010		56
01100111000		56
00010111011		56
01110111011		55
01100011011		55
01100011000		55
11000111010		54
11000011010		54
01001111010		53
01100110000		52
11110011010		51
01000011011		51
00110110011		51
00100110000		51
00010111010		51
01110011000		50
11101111011		49
01000110010		49
01110110010		48
01110011001		48
01100110010		48
01111111000		47
01110110011		47
01010110000		47
00110111011		47
00110011000		47
01010110010		45
01110111000		44
01010111010		44
01110111010		43
01000111010		43
11110111010		41
11100011010		41
00111111011		41
10110010001		40
01100111010		39
01100110001		39
01000011010		39
00110111010		39
11110110010		38
01010011010		38
00111111010		38
11010110010		36
01010011011		35
01100011010		34
01110011011		33
01110011010		33
01111111011		32
11100111010		31
11111010000		30
00111110100		30
10001010000		29
01111111010		27
10001010011		24
00110110010		23
01000110110		22
10000110101		16
11110010000		15
00000110100		15
10000110100		14
10001010010		13
01101010011		13
01001110111		13
01011110111		12
11011010010		11
10011010001		11
10001110101		10
01100110101		10
01001010011		10
10101110111		9
01101010010		9
10101010010		8
00011010001		8
00010110101		8
00010010001		8
11101010011		7
11001010011		7
10010010001		7
01011010001		7
00111010011		7
00011110101		7
00011010010		7
11111010011		6
11111010001		6
11100110101		6
11011010000		6
10011010010		6
10000010011		6
01010010001		6
11110110111		5
11110110110		5
10111010000		5
10110010000		5
10001010001		5
01000110111		5
00111010001		5
00000010011		5
11110010011		4
11110010001		4
01111110110		4
00101010010		4
00001010011		4
11011110111		3
10110010011		3
10100110111		3
10100010010		3
10011110110		3
01111110111		3
01110110100		3
01110010011		3
01100010011		3
01100010010		3
00110010001		3
00110010000		3
00101010011		3
00011110100		3
00011010000		3
00000110101		3
11110110101		2
11011110110		2
11011110101		2
11001010010		2
11001010000		2
11000010010		2
10111110100		2
10111010001		2
10101010001		2
10101010000		2
10100110101		2
10100010011		2
10011110111		2
10010010000		2
10001110111		2
10000010010		2
01111010001		2
01110110111		2
01110010001		2
01100110100		2
01100010001		2
01011010010		2
01011010000		2
01010010000		2
01001010010		2
01000110101		2
00111110101		2
00111010010		2
00111010000		2
00011110111		2
00011010011		2
00010010011		2
00000110111		2
00000110110		2
11111110101		1
11111010010		1
11110110100		1
11101010010		1
11101010001		1
11100110111		1
11100010010		1
11100010001		1
11011110100		1
11011010011		1
11010110100		1
11010010010		1
11010010001		1
11001110111		1
11001110101		1
11001110100		1
11000110110		1
11000110101		1
11000110100		1
11000010011		1
11000010001		1
11000010000		1
10111110111		1
10110110111		1
10110110110		1
10110110100		1
10101110110		1
10101110101		1
10101010011		1
10100110100		1
10011110101		1
10011010011		1
10011010000		1
10010110111		1
10010110101		1
10010010010		1
10000010001		1
01111110101		1
01110010000		1
01101110111		1
01101110101		1
01101010001		1
01100110111		1
01100110110		1
01100010000		1
01011110110		1
01010110111		1
01010110101		1
01001110100		1
01000010011		1
01000010010		1
00111110110		1
00110110110		1
00110110101		1
00110010011		1
00101110111		1
00101110101		1
00101010000		1
00100110111		1
00100110101		1
00100110100		1
00100010010		1
00100010000		1
00011110110		1
00010110111		1
00010110110		1
00010110100		1
00010010010		1
00010010000		1
00001110111		1
00001010010		1
00001010001		1
00000010010		1
00000010000		1
