01011110011		812
01010100011		709
01010111000		661
01011111100		644
01011111010		632
01010011100		629
01010111101		616
01011111011		593
01010110011		584
01000111101		576
01010111111		570
01010100110		565
01010011101		544
01011011111		535
01001011000		533
01010111011		524
01000111100		522
01010111100		514
01010100111		511
01110111111		510
01100111111		508
01011010111		508
01000111001		508
01010111010		497
01000011111		491
01000111110		490
01011100010		486
01010000111		485
01001110011		485
01010010100		482
01000100101		482
01000011100		482
01111011011		481
01011111101		478
01010111001		477
01011110010		475
01010100001		475
01110100101		471
01011111111		466
01101110011		456
01000100110		455
01110111101		453
01010011111		453
01000111011		453
01001111111		439
01001111011		438
01010010101		432
01001110010		430
11000110011		429
01001111100		427
01001011011		427
01111111110		424
01001011010		421
01010100000		420
01010110010		417
01100010111		415
11110111111		412
11000111000		408
01101011011		408
01010011011		408
00000111011		408
01010100101		407
01010010111		407
00010100100		407
01001011111		406
01011100011		405
01110011110		403
01011110000		402
01011000000		402
01000011110		402
01001100010		401
11001110011		399
01011100000		397
01000111111		397
01101111101		396
01000111000		395
11111111111		393
01110111010		393
01110100011		393
00110111111		393
01110111110		392
01111111100		388
01001100000		388
01100010110		387
01010100010		385
01011011100		384
01110100100		382
01110011111		382
01110000100		382
00110111100		381
01010000110		380
01110100111		379
01011011001		378
01001110000		378
11010111100		376
01001011100		375
01001000011		375
01011011110		372
01111010111		369
01001011001		368
10111111000		367
01010111110		367
01111011111		366
01101111010		366
01001111110		365
01101111110		361
01011000011		361
11010111101		360
01010100100		360
01100100001		359
01010000100		359
01000110001		359
01011011000		356
01010110000		356
00000111100		355
11111111100		353
01000110010		353
00010111110		353
00001100001		353
11011011111		352
01011011011		351
01011111110		350
01111110000		349
01110011100		349
11010111111		348
11001110001		348
01100111011		348
01001011110		348
01000100100		347
01100111001		346
01011110001		346
01011101000		346
01010011110		346
01010010110		346
01010011001		345
01001100011		345
11011110011		344
01010101101		342
01000100011		342
00001111111		342
11011111101		341
00000010100		341
11001011101		340
01010110001		340
01111011001		339
11011011011		338
01110100110		338
11010011100		337
01110111100		336
00010111010		336
01000011101		335
11000111100		333
01011000101		333
01101111111		332
01000100111		332
00100111110		332
00000110001		332
01111011000		331
01100100100		331
00000100010		331
01110110011		328
01011001011		328
00010100000		328
11010100001		327
11010111011		325
01010000000		325
00010110000		325
01000110011		323
01000100001		323
01011010100		322
01011000010		322
01101110010		321
01101100011		321
01001000001		321
00010010101		321
01001000000		320
00110011011		319
00000111110		319
11100111011		318
01101100000		318
01111010110		317
11100011110		316
01111110001		316
00111111111		316
01000111010		315
01000101101		315
00100111000		315
00100011100		315
01001111101		314
01001000010		314
01000000101		314
01100111110		313
00011100011		313
11000100110		312
01111111111		312
01000001011		312
11000100100		311
01101111011		311
01100111101		311
00010111111		311
11000010101		310
01111101001		310
01001100001		309
01000000111		309
01110111001		307
01000101100		307
01001010111		306
11000111111		305
01100100111		305
00011111100		305
00001111001		305
11110100110		304
11010100011		304
01100100101		304
01111111101		303
11010110001		302
11010010111		302
11001110010		302
01100110011		302
01010000101		302
00001100011		302
00100110000		301
00010011101		301
01111101011		300
11111011110		299
10010111111		299
01001011101		299
00000111111		299
01000100010		298
11001011011		297
01110010111		297
01010011000		297
01001100100		297
00011011100		297
00000011111		297
01000010111		296
01110110010		295
01100111100		294
01100100000		294
11000110010		293
01010101100		293
00011100010		292
11000011111		291
01010101110		289
00100111010		289
00100011110		289
11000111101		288
01011011101		288
01011000001		288
00111110000		288
11000011110		287
01101100010		287
01010000011		287
01101111100		286
01011011010		286
01011010110		285
00011111101		285
11111100011		284
11011111010		284
01111011100		284
01011101001		283
00111011011		283
01111111010		282
01110111011		282
11110100100		281
11011111100		281
01100011100		281
00101110011		281
00100111111		281
00011110011		281
01111100011		280
00010100011		280
00000111010		280
11000011101		279
10000111100		279
01110100001		279
01011111000		279
11001111111		278
01000000100		278
00010111011		278
11010111010		277
01110011101		277
01010101001		277
11100111000		276
01000010100		276
11100110000		275
11100100100		275
11001110000		275
01111110011		275
01111110010		275
00000100100		275
11110100000		274
11100111111		274
11000011011		274
01111100101		274
00000011001		274
01110010101		273
01001100101		273
11110011110		272
01111100010		272
01100111010		272
00010111100		272
11111110001		271
00010101010		271
01100010101		270
00111111101		270
11101010100		269
11010100100		269
11000000110		269
01110101110		269
01100100010		269
01011100001		269
11111011000		268
11001100111		268
01100100011		268
01010101011		268
01000011001		268
01000010110		268
01011111001		267
01001111001		267
01000010101		267
00000011000		267
01111111001		266
01100011000		266
01010101000		266
11100011111		265
11010100101		265
00111000000		265
11101111100		264
11101110011		264
01000011010		264
00101110010		264
00100100001		264
00010111000		264
01111100111		263
01101000010		263
00111110001		263
11101110000		262
11001100010		262
01100010100		261
01001100111		261
00111111100		261
00001011011		261
11110111110		260
11110111011		260
00000100001		260
10000111111		259
01110111000		259
01011100110		259
00110100001		259
01011101010		258
00011111011		258
00011011101		258
00000110011		258
11000011100		257
01111011110		257
01001010101		257
00000011010		257
11101100000		256
11011100110		256
11000011000		256
01111100001		256
01011100111		256
11110111001		255
01111111000		255
01100011101		255
01000100000		255
11100111110		254
11000100111		254
01001111010		254
00101110000		254
00011011111		254
00011011010		254
11000100000		252
01111011101		252
11010011110		251
11010011101		251
11001111110		251
11001111001		251
11000111001		251
10011110010		251
01110110000		251
01110010100		251
11000100101		250
00111100011		250
00100100100		250
11110111101		249
01111101111		249
01110000111		249
00011111000		249
11001111101		248
01110000011		248
01001101000		248
01001010110		248
11111011010		247
11010111000		247
01111111011		247
00111111010		247
11111011011		246
11101111101		246
01010101010		246
00010011110		246
11010011010		245
01111100000		245
01011000111		245
00011101000		245
11101000001		244
11100110001		244
11001011110		244
10001011011		244
01101011010		244
01100011011		244
00011100001		244
00011100000		244
00000110010		244
11011100100		243
01101010110		243
01001010100		243
00111110011		243
01001110001		242
00000111000		242
11001011111		241
01111011010		241
01101100100		241
01011100101		241
01010000010		241
01000101000		241
01000000011		241
00101100001		241
00100111101		241
00011111001		241
00010110001		241
00001011100		241
11010110011		240
11010011111		240
01100000111		240
01011101011		239
00011011011		239
00010011001		239
00000100000		239
01111100110		238
01111000010		238
01101111000		238
01101101000		238
01100111000		238
11110110010		237
11110011100		237
11100111100		237
01111010100		237
00101011011		237
00010111101		237
00010010100		237
11010100000		236
01101011001		236
00111011100		236
11001101001		235
11000111110		235
01110101000		235
01101011100		234
01010001000		234
01000011000		234
00101100110		234
00100111011		234
00001011001		234
11110010101		233
01101000011		233
01000101111		233
00001000010		233
00000100110		233
00000000111		233
11111111110		232
11110100111		232
00110100111		232
00010101011		232
11001011000		231
01100011110		231
00101100011		231
00011011001		231
00110011100		230
00011111110		230
00000101001		230
01110100010		229
01111100100		228
00110010111		228
00011110000		228
00011000000		228
00001011101		228
10001011000		227
01110101111		227
01100011010		227
01011000100		227
01010001111		227
01000110000		227
11011011010		226
01000011011		226
00010111001		226
00001100000		226
01001000100		225
00100100011		225
11111111010		224
11110011011		224
01011101100		224
01000000110		224
00111011001		224
11110111000		223
11001111010		223
11000100011		223
01101011101		223
00001111110		223
00000111101		223
11101000000		222
11010000100		222
01111000111		222
00111111110		222
00010110010		222
00000100101		222
11101110001		221
11010011011		221
01111010101		221
01101100110		221
11100011100		220
10010111011		220
00101111011		220
00101101011		220
11001101011		219
01110100000		219
01101000000		219
01100101100		219
00111111011		219
00110101101		219
11101010111		218
11000010110		218
11000010100		218
01110101011		218
00011111111		218
11111100010		217
11110101011		217
11010000101		217
01001101100		217
00000110000		217
11111111000		216
11111010111		216
11111010100		216
11110011101		216
10100111011		216
10011111111		216
01101110000		216
00100110011		216
11111111101		215
11110110001		215
11011110010		215
11011100111		215
01110101010		215
01101100111		215
01101000001		215
01100110000		215
00010100101		215
00010011000		215
11110010111		214
11011011000		214
11010010110		214
11001111000		214
11000111011		214
01110110001		214
01010101111		214
01010001010		214
00100100110		214
10010110011		213
00111100100		213
00001111011		213
00000011101		213
01100100110		212
11110111100		211
11010111001		211
10010111100		211
00101100010		211
00100011011		211
00010100001		211
11101011111		210
11100111010		210
10000111101		210
01000101011		210
00100101000		210
00010100111		210
00010011010		210
11100010110		209
11011110001		209
01101011110		209
11111110010		208
11101110010		208
11000111010		208
01010011010		208
00111100001		208
00100010101		208
00011111010		208
00101011101		207
00001111000		207
11111110011		206
11010111110		206
10111110010		206
01100011111		206
00101100000		206
00100100000		206
11000001011		205
00100110001		205
00100100111		205
11001011100		204
10000011111		204
01110101101		204
01011101110		204
00101111000		204
11110110011		203
10110011100		203
01100001011		203
00110011010		203
00101111101		203
00100101100		203
00010000100		203
00100111100		202
00010100110		202
00010010110		202
00000101101		202
11111101010		201
11011100101		201
01110010110		201
00101111100		201
00101011100		201
00101011000		201
01110000001		200
01101101001		200
01101100001		200
00110100110		200
00100111001		200
00010011100		200
11111100001		199
11110111010		199
11010110000		199
01001101101		199
00111011010		199
00010010111		199
11001111100		198
11000101011		198
00110101111		198
00001011000		198
11111011100		197
11011011001		197
10000110011		197
00010011111		197
00000010101		197
00000000101		197
11101000101		196
11011100011		196
11010100010		196
11101100011		195
11010100111		195
01011001111		195
01011000110		195
00111101011		195
00110010101		195
00001110000		195
00001010101		195
00000011011		195
10001111100		194
01100101111		194
00110011101		194
00110000100		194
00100011111		194
11000010111		193
01110000110		193
01101011000		193
01001111000		193
11111110000		192
11010110010		192
10010011101		192
11111111011		191
11110000101		191
11000110000		191
10010111010		191
01110000101		191
01101101011		191
01000001110		191
00110111011		191
00000100011		191
11100101000		190
11000101001		190
01011101101		190
01000001010		190
00001111101		190
00000101100		190
10000110001		189
01111000011		189
01100101011		189
00110110011		189
00100101111		189
00010101100		189
11010010100		188
01100110010		188
00111000011		188
00111000001		188
00011110010		188
11101011011		187
11001000001		187
11000011001		187
01011010101		187
01001101111		187
00101111010		187
11111000000		186
11101111111		186
11001000000		186
10010011001		186
01101110001		186
00101011010		186
11101100111		185
11011011101		185
10000111010		185
01001000110		185
00110111010		185
11001100000		184
01101010101		184
00010011011		184
11101111110		183
00011000011		183
00010100010		183
11110110000		182
10001110011		182
01100101001		182
00111111001		182
00110100101		182
00101000100		182
00101000011		182
00011010111		182
00000011110		182
01001101010		181
00110111000		181
00110101100		181
00100010111		181
00001110010		181
00000101011		181
11011101000		180
10110100000		180
01111101100		180
00110010110		180
00011011000		180
11100111101		179
11011111111		179
11011000000		179
10110111111		179
10110011111		179
10100111101		179
10010110010		179
00101101001		179
11100000111		178
10110111000		178
10101110000		178
10010111101		178
10000011101		178
01000000010		178
11111101100		177
11001100101		177
10100111111		177
10100011111		177
10001100001		177
01110011000		177
01001001011		177
00001110011		177
00001011111		177
11011101011		176
11000011010		176
10110111110		176
10100011110		176
10010111110		176
01100000000		176
01010001101		176
01010000001		176
00011000001		176
11001101000		175
10100100011		175
01101010111		175
01100011001		175
01100000110		175
00110101110		175
00110101010		175
00101111110		175
00101010111		175
00100000111		175
00010000101		175
00000100111		175
00000011100		175
11101100010		174
11100110011		174
11010001011		174
10111111001		174
01111000101		174
00110111110		174
00101111111		174
11100101101		173
11100010111		173
11011110000		172
11011000001		172
11001000010		172
10111100111		172
00101011001		172
00001111100		172
11011111011		171
01000001101		171
00110111101		171
00010000011		171
11111011001		170
11001011010		170
11001000101		170
10010100001		170
10010011011		170
10000111110		170
10000011011		170
01100101010		170
01100000010		170
11110100001		169
11011100001		169
11000110001		169
01110011011		169
00111100101		169
00110011110		169
00000000011		169
11110100101		168
11101101000		168
11100110010		168
11100100101		168
11100100001		168
10111111010		168
01101101100		168
00111100010		168
00011100111		168
11111010101		167
11011011100		167
11001100011		167
11000101101		167
10111111111		167
01111000001		167
01010001011		167
00110110000		167
11111100111		166
11111100110		166
11101011100		166
11011111110		166
10001011100		166
00110011111		166
00101100100		166
11011111000		165
01111101010		165
11110000110		164
11101011101		164
11010100110		164
10110111100		164
10101011100		164
00101101101		164
00011101100		164
00011000010		164
00001000011		164
11000101111		163
10110111010		163
01100110001		163
00111110010		163
00111100111		163
00100011010		163
00011100110		163
00001011110		163
11010000111		162
11001100001		162
10101111100		162
10010011010		162
00100010110		162
00010000000		162
00001110001		162
11100011101		161
11011010111		161
01101101110		161
01101001011		161
01011001100		161
01001101001		161
01000001111		161
00111010101		161
00100010100		161
00011011110		161
00010101001		161
11101100001		160
11010011001		160
10100100000		160
10011011011		160
01110001110		160
01100101110		160
00111011000		160
11101100110		159
11101011001		159
11100011000		159
11000000100		159
10111011101		159
10101110011		159
10010100111		159
10001110010		159
01111000110		159
01110011001		159
00100000100		159
00000000000		159
01111101101		158
01100101101		158
01011100100		158
01001001111		158
01000001000		158
00000111001		158
11111011111		157
11101111010		157
11010011000		157
11001000111		157
10111110000		157
10010000111		157
10000111000		157
01110101100		157
01101101010		157
01010001001		157
01000000000		157
00001100100		157
11110010100		156
11100111001		156
10101110010		156
10001110001		156
10000110000		156
01010001100		156
00110110001		156
00010101000		156
00001101100		156
00001100110		156
11010010101		155
10001111111		155
01111101000		155
00111010100		155
00111000010		155
00110010100		155
00010110011		155
00000010111		155
11111000101		154
11111000011		154
11110101111		154
11001111011		154
11000000011		154
10000011100		154
00110100100		154
00101100101		154
11110010110		153
10111110001		153
10111000000		153
10010100101		153
10000100101		153
01100000001		153
00111111000		153
11110011010		152
11010101011		152
10101110001		152
10011110011		152
01111000100		152
01100000101		152
00101100111		152
11011100000		151
11011000101		151
10001100000		151
01111000000		151
01100101000		151
01011001000		151
01000101001		151
00101000001		151
00011101101		151
00011101010		151
00000010110		151
11111100000		150
11110101110		150
11100010101		150
11010101111		150
11010101101		150
11001101100		150
11000100001		150
10100111100		150
10011111110		150
10001011010		150
01100001110		150
01100000011		150
11111011101		149
11001010100		149
10011011010		149
10010011111		149
10000100100		149
01101101111		149
01101000100		149
01011001010		149
01000101010		149
00110100010		149
00110100000		149
00101000010		149
00011101001		149
00011000100		149
00001000101		149
11111101011		148
10010010100		148
01011001001		148
01001101011		148
00011010101		148
00010000111		148
00001101101		148
00001101011		148
11011011110		147
11011000010		147
10111111101		147
10100111000		147
11111100100		146
11110000111		146
11011101111		146
11001011001		146
10100111010		146
10011111100		146
10011011001		146
10001101001		146
00011010100		146
11110000010		145
11001001000		145
10110110010		145
10101011001		145
10000101001		145
00111101111		145
00110100011		145
00101000000		145
11101011110		144
11100100011		144
10101111111		144
10101011011		144
10011100011		144
10010100000		144
01001100110		144
00100100010		144
00100000001		144
00010001001		144
11110000011		143
10100111110		143
10001100011		143
10000100010		143
01001101110		143
00100101110		143
00001100101		143
00001011010		143
00001010110		143
00001000000		143
11111101000		142
11100100111		142
11100100110		142
11011100010		142
11010000000		142
11000000111		142
11000000010		142
01111001101		142
01011101111		142
01011001110		142
01000001100		142
00101101111		142
00101000101		142
00100011101		142
00001101001		142
11101100100		141
11100100010		141
11001010111		141
10100111001		141
01110001010		141
10111011010		140
10001011111		140
01101101101		140
00100101011		140
11011000011		139
11001010101		139
11001000100		139
10100100001		139
01010001110		139
00101110001		139
00100000101		139
00010101110		139
00001000100		139
11100100000		138
10111101001		138
10000000000		138
01101100101		138
00100110010		138
00100100101		138
00000000001		138
11110000100		137
10111111011		137
01110011010		137
01001001100		137
00111100000		137
00111010111		137
00000001000		137
11101101010		136
11101010110		136
10110100100		136
10110011011		136
10001111101		136
10001000011		136
01101010100		136
01001001000		136
00110000011		136
00101011111		136
00000000110		136
11100001011		135
11100000110		135
11011101101		135
10110111101		135
01110001111		135
01110001011		135
01101011111		135
00010001011		135
00001100010		135
00000101000		135
00000001101		135
11101000111		134
11011101100		134
11011010100		134
11011000111		134
11010101010		134
11000101010		134
10111011011		134
10110110011		134
10110000100		134
10000111011		134
10000010100		134
01100000100		134
11110101101		133
11101100101		133
10111100001		133
10011011000		133
10010110000		133
10010010101		133
10001100100		133
01111001010		133
00111101000		133
00010101111		133
11100101100		132
10011110000		132
10000110010		132
00110101011		132
00110011000		132
11111100101		131
11110011000		131
11011101110		131
10111111100		131
10101011111		131
10100100110		131
10011011100		131
10000011110		131
10000011001		131
10000010111		131
01111101110		131
00111100110		131
00111011111		131
00111001101		131
00110001111		131
00011101011		131
00010001111		131
00001100111		131
00000101110		131
11100101110		130
11010000001		130
11001000011		130
10101100001		130
10001110000		130
11110011111		129
11000000001		129
10100011011		129
10000100110		129
01100001010		129
11100011001		128
11001101010		128
10111011001		128
10110100011		128
10101100101		128
10100110000		128
10100010101		128
10011011101		128
01111001111		128
00111001100		128
00110000111		128
00100011000		128
00010000010		128
00001010111		128
10011111101		127
10011111010		127
10001000000		127
01001000111		127
00111011110		127
00101111001		127
00101101010		127
00011001100		127
00000001011		127
00000001001		127
11110101010		126
11101000010		126
11011101001		126
11000101100		126
11000001001		126
10101111011		126
10010111001		126
10010100011		126
10010011100		126
01101111001		126
01101001000		126
00111011101		126
00110101001		126
00110000010		126
00001111010		126
00001010100		126
00000001010		126
11110100010		125
11101010101		125
11101001010		125
11100011010		125
11001010110		125
10110100111		125
10110100101		125
10001111000		125
10000010110		125
00101101100		125
00001001000		125
11111111001		124
11111010110		124
11110100011		124
11010101100		124
11000000101		124
10111010111		124
10010100100		124
10010010111		124
00110001000		124
00011101111		124
00001000001		124
00000000010		124
11111000001		123
10001011001		123
01111001011		123
01001000101		123
00110101000		123
00110000001		123
00110000000		123
11110001010		122
11100000101		122
11000000000		122
10001111011		122
10000100000		122
00110011001		122
00011000101		122
00000101111		122
11110011001		121
11101011000		121
10101011101		121
10100110011		121
10100010110		121
10000000101		121
01000101110		121
00101000111		121
11101101100		120
11101101001		120
11010101000		120
11000001000		120
10011101101		120
10000111001		120
01110001100		120
01101001111		120
01000000001		120
00111000110		120
00111000101		120
00011110001		120
11111101111		119
11111000100		119
11101101101		119
11010101001		119
10101101000		119
10001101011		119
01001001010		119
11110101100		118
11110001110		118
11110001100		118
11000001111		118
00110000110		118
00110000101		118
00101101000		118
00100000110		118
00010101101		118
11101111011		117
11100000001		117
10100100111		117
01100001111		117
00100011001		117
11111001011		116
10110101100		116
10010110001		116
01110000000		116
00101010101		116
11111000010		115
11101111000		115
11011010110		115
11010001111		115
10111011110		115
10101100010		115
10100100101		115
10010011110		115
10001010101		115
00100001110		115
00010000001		115
11100101011		114
11100000100		114
11000100010		114
10100101100		114
10000101100		114
10000011000		114
01110000010		114
00111101100		114
00110001011		114
00011000111		114
00010001000		114
11100011011		113
11011010101		113
11010000110		113
10001111010		113
01011001101		113
00110111001		113
00110110010		113
00011101110		113
11101111001		112
11000101000		112
10111011100		112
10110100010		112
10101111010		112
10101100100		112
10100110010		112
10011111011		112
10001011101		112
10000100111		112
00110001001		112
00001101000		112
00001001001		112
00001000111		112
10110010111		111
10101100111		111
10011011110		111
10001001000		111
10000011010		111
01110101001		111
11110001111		110
11101011010		110
11010000011		110
11010000010		110
10110111011		110
10100100100		110
10001010100		110
00111001011		110
00100001000		110
00011001011		110
11010001100		109
10111101100		109
10111100000		109
10011000000		109
10001101100		109
10001100010		109
00100001010		109
00011100101		109
10110101101		108
10101100000		108
10100011001		108
10011100010		108
11001001010		107
10110101000		107
10110011101		107
10011000101		107
10010010110		107
10010000000		107
10001111110		107
10001100111		107
10001011110		107
11111000111		106
11100001100		106
10101111000		106
10010101101		106
10001010110		106
10000000111		106
01001001101		106
00101001001		106
11101000011		105
10101010100		105
10011010111		105
10010100110		105
01111001100		105
01110001101		105
01101001010		105
11101001011		104
11000001110		104
10111000001		104
10101100011		104
10011100001		104
00111101010		104
00101101110		104
00010001010		104
00001001100		104
00000101010		104
11110000001		103
11100000000		103
10100101101		103
10100100010		103
10011100000		103
10011011111		103
10001000010		103
01000001001		103
00111010110		103
00101011110		103
11011001101		102
11011000100		102
11010001001		102
11001101111		102
10010101010		102
10010011000		102
10010000101		102
01100001100		102
00111000111		102
11111101001		101
11001000110		101
10101111101		101
10100011101		101
10011111001		101
10001000001		101
10000101000		101
01101000101		101
01100001000		100
00100101001		100
00100000011		100
00011010110		100
00000001100		100
11111000110		99
11100001111		99
11011001011		99
11001101101		99
11000001010		99
10111101011		99
10011000111		99
10010111000		99
10001000101		99
10000000110		99
10000000100		99
01101000111		99
01001001001		99
00010001101		99
00010000110		99
11101101111		98
11100101111		98
10111011000		98
10100010100		98
10011010100		98
00100001011		98
11010101110		97
11001001100		97
10110010101		97
10000010101		97
11100000010		96
10111100011		96
10100101000		96
10011000001		96
10001101101		96
01111001001		96
01101001001		96
00001101010		96
10111100100		95
10110110001		95
10110110000		95
10110101011		95
10100011100		95
10100000100		95
10010000100		95
01101001100		95
11010001010		94
11001100100		94
11000101110		94
10111000101		94
10110100001		94
10101111110		94
10010000010		94
10110000111		93
10101101011		93
10011101100		93
10011100110		93
10001101110		93
10001101000		93
10000001100		93
01001001110		93
11100000011		92
11011111001		92
11011001000		92
11001100110		92
10110001000		92
10011100100		92
10000101101		92
00111101101		92
00100101101		92
00001000110		92
11111001100		91
11100101010		91
11011001100		91
10111111110		91
10110011010		91
10011101001		91
10011101000		91
10011000100		91
10010000011		91
10001111001		91
10000001011		91
00110001101		91
00101001000		91
00001001011		91
11111101110		90
11111101101		90
11100010100		90
10111011111		90
10110100110		90
10110000011		90
00111000100		90
00101001101		90
00100000000		90
11111001101		89
11101101011		89
11100001010		89
11011101010		89
10111000100		89
10101100110		89
10101011110		89
10101011000		89
10101000100		89
10100110001		89
10010101100		89
01100001101		89
00111001001		89
00001001010		89
00000001111		89
11111001010		88
11001101110		88
10101010110		88
10010101011		88
10111101000		87
10110111001		87
10010101001		87
00100101010		87
00000001110		87
11110001011		86
10110000010		86
10001100101		86
00110001010		86
00001101111		86
10011111000		85
10011110001		85
10000001000		85
01100001001		85
11110101001		84
11101001000		84
10111010100		84
10110011110		84
10000000001		84
00111101001		84
00101010100		84
11111001111		83
11110001000		83
11100001110		83
10111100010		83
10111010110		83
10110101110		83
10101010111		83
01111001110		83
00101001010		83
00001001111		83
10110011000		82
10100101111		82
10011100111		82
10000100011		82
00011100100		82
00010001100		82
10001100110		81
10011010110		80
10001000111		80
10000100001		80
00100001111		80
01101001101		79
10111110011		78
10101111001		78
10010101111		78
10001101111		78
10000000010		78
01110001000		78
00011001000		78
00011000110		78
11101000110		77
11010001000		77
10111100101		77
10101101001		77
10101011010		77
10011001000		77
10010101000		77
10000101111		77
10000001001		77
11101101110		76
11000001101		76
10111100110		76
10111010101		76
10101010101		76
10101000010		76
10100101001		76
10100000111		76
10011101011		76
10001001100		76
01111001000		76
11110101000		75
11010001110		75
10111000111		75
10010100010		75
10010001011		75
10000001010		75
00101001011		75
11011000110		74
10101101010		74
10100101010		74
10100010111		74
10011100101		74
10011000011		74
10010101110		74
10001001011		74
10001000100		74
00111001111		74
00011001001		74
00000000100		74
11101001001		73
10110101010		73
10011001001		73
10000101010		73
11011001111		72
11001001110		72
10110000101		72
10101000101		72
10011001010		72
10001001001		72
00100001001		72
00011001010		72
00001101110		72
11100001000		71
11001001111		71
10110010110		71
10100011010		71
10011101111		71
01110001001		71
00111001000		71
00110001110		71
00101010110		71
00011001111		71
00011001101		71
11101001100		70
11011001001		70
10111101101		70
10100000001		70
10011101010		70
00100001101		70
10110001100		69
10011010101		69
10000001101		69
00001001101		69
10111101010		68
10111000011		68
10011000110		68
10001101010		68
10001001010		68
00111001110		68
11011001010		67
11001001101		67
10110101111		67
10011000010		67
00101001100		67
00010001110		67
11001001001		66
11000001100		66
00100001100		66
11110000000		65
01101001110		65
11001001011		64
10110000000		64
10100001000		64
11111001110		63
11101001111		63
11101001110		63
10110011001		63
10101101101		63
10101000011		63
10101000000		63
10010001010		63
10000101011		63
11100001001		62
11010001101		62
00111101110		62
00101001110		62
11101000100		61
10100101011		61
10001010111		61
10000101110		61
00100000010		61
10111000010		60
10110001111		60
10110001001		60
10101001100		60
10100011000		60
10100000101		60
10011001011		60
10001001101		60
00011001110		60
10110010100		59
10101000111		59
10100001110		59
10010000110		59
10110000110		58
10000001111		58
11110001001		57
10111101110		57
10110000001		57
10010001100		57
10100000000		56
10000001110		56
11111001000		55
10101101110		55
10101101100		55
10010001111		55
00101001111		55
11101001101		54
10100001010		54
10010001101		54
10110101001		53
10010001000		53
00110001100		53
10010000001		52
10100101110		51
10100000110		51
00001001110		51
11111001001		50
10111001001		50
10100001011		50
10100000010		50
10011101110		50
10010001110		50
01101000110		50
00111001010		50
00101000110		50
11100101001		49
10100001111		49
10111001111		48
10111001011		48
10101001000		48
10111101111		47
10101001011		47
10101000001		47
10100001001		47
10001001111		47
11100001101		46
10111001101		46
11011001110		45
10011001111		45
01111010011		45
10111000110		44
10110001101		44
10101001001		44
10000000011		44
10111001100		42
10101001010		42
10011001101		42
11110001101		41
10101001111		41
10011001110		40
10101001101		39
10100001100		39
10011001100		39
10010001001		39
10111001010		38
10100000011		38
10101101111		35
11011010001		34
10111001110		34
10001000110		34
11111010011		33
10111001000		33
10110001011		33
10101000110		33
10110001110		29
11111010000		27
10100001101		27
01101010000		24
01001010010		23
10110001010		22
10001001110		22
10101001110		21
01110110100		21
01001010011		21
11110010011		18
11110010000		17
00010010011		17
01100010010		16
00110010011		15
01000110111		14
11100010001		13
11001010010		13
01101010011		13
01100010011		13
01010010001		13
01000010010		13
01101010010		12
10100110100		11
10001010011		11
10000110100		11
11011110101		10
11010110100		10
11001010011		10
10100010000		10
10010110100		10
01111010010		10
11100010000		9
11010110110		9
10101010010		9
10001010010		9
00100010000		9
11110110101		8
10010010001		8
10001110101		8
10000110101		8
00010010001		8
10110010001		7
10011110111		7
10001010000		7
01001110111		7
01001010000		7
00111110100		7
01100010001		6
00001010010		6
11101010011		5
11100110100		5
00110110111		5
11101110100		4
11101010010		4
11011010000		4
10111010000		4
10110010000		4
10011110110		4
01101010001		4
01011010010		4
01010010000		4
00111010011		4
00111010000		4
00110010001		4
00010010000		4
11011010010		3
11010010011		3
10101010000		3
10001010001		3
10000010011		3
01111010000		3
01110110101		3
01110010011		3
01011010000		3
01001110101		3
01001110100		3
01001010001		3
00111010010		3
00110110100		3
00100010001		3
00001010011		3
00000010010		3
11110110100		2
11110010001		2
11100010011		2
11100010010		2
11000010010		2
10101010011		2
10101010001		2
10100010001		2
10010010011		2
01110010001		2
01100110101		2
01100110100		2
01100010000		2
01011110111		2
01011010001		2
01000110101		2
00101110101		2
00101010011		2
00101010010		2
00100010011		2
00100010010		2
00010110101		2
11111010010		1
11111010001		1
11101010000		1
11010110101		1
11010010000		1
11001110101		1
11001010001		1
11000110110		1
11000110100		1
11000010011		1
11000010001		1
10111110100		1
10111010011		1
10111010001		1
10110110110		1
10110110101		1
10101110111		1
10100110101		1
10011110101		1
10011010010		1
10011010001		1
10001110111		1
10000010001		1
01111110110		1
01111110100		1
01111010001		1
01110010010		1
01110010000		1
01100110110		1
01011110100		1
01011010011		1
01010110110		1
01010110101		1
01010110100		1
01010010011		1
01010010010		1
01001110110		1
01000110110		1
01000010011		1
01000010001		1
01000010000		1
00111110111		1
00101010000		1
00100110111		1
00011110101		1
00011010001		1
00010010010		1
00001110110		1
00001110101		1
00000110110		1
00000010011		1
