01010111111		671
01010100101		670
01011110011		669
01010110011		657
01011111101		628
01010100011		577
01000011111		577
01010100111		574
01110111111		566
01001111101		530
01000100111		530
01011100011		526
01111011011		525
01010111101		518
01011111011		517
01110111110		515
01011011111		500
01010011111		499
01011111100		497
01000111011		496
01001111011		488
01010111100		487
01011111111		478
01010111000		474
11110111011		468
01110100101		462
01010000111		459
01011111010		456
01100111111		455
01010011101		455
01010111001		450
01100100100		447
01000100101		444
01100111011		443
01010011100		441
01011000111		440
01010100110		439
01001111111		437
01100100111		435
01010111011		435
01000111101		435
01000111100		435
11010111111		434
01011011110		433
01001100011		433
01000111111		432
01001100010		428
01010010111		427
10010011101		421
01111111101		420
01101011011		419
01010110010		419
01010011110		419
01010011011		414
01001110011		408
01011110010		406
01111110011		405
01011011100		405
11010111101		404
11110011101		403
00000111011		402
01011010111		398
01100011100		397
01011100001		397
01110100011		395
11011111101		394
01101110011		394
01100100101		394
01010100100		391
01001011000		390
01010010100		389
10111111000		387
01000000111		387
11010111011		386
11001111111		386
01111111111		386
01100110011		386
01110111011		382
01000001011		382
01011000000		381
01001011001		381
01011100010		380
01010001111		380
00111011011		380
01111010111		377
10010111111		375
01110111101		374
11110111111		373
01111111100		373
11010100111		372
01010100010		372
01000111001		372
01111010110		370
01001111110		370
01001011111		368
11000111110		367
11001110011		366
01010111010		364
11111011110		363
11011011011		363
11110010111		362
01000110001		362
01000011100		362
00011011101		362
01010010110		361
01010010101		361
11111111101		360
01011011101		360
01000011110		360
11111111111		359
11000100101		359
01011011011		359
01001011011		359
11110100111		358
01011010100		356
01110100111		355
01001100100		353
01000100100		353
01001011100		352
01001011010		352
11011011111		351
01010111110		351
01011100111		349
01011001011		347
01001100111		346
11100111011		345
01001111100		345
01111111110		344
00100111111		344
01110011110		342
01100010111		340
11000011110		339
01010011001		339
01101111101		338
11010111100		337
10000111100		337
00000011101		337
11000100110		336
01001110010		336
01110111010		335
01011110001		335
01011011001		335
11000011111		334
01011111110		334
11110111101		333
10011110010		333
00010111111		333
11001110010		332
01011100101		332
11010010111		331
01001011110		331
11001011011		330
01000111010		330
00100011100		330
11110011110		329
01000100011		329
01011110000		328
11001011111		326
11000111111		326
00010111010		326
00010100101		326
11010011111		325
01111101001		325
00100111101		325
00010011101		325
11100111111		324
01000011101		324
00110111111		324
00011111101		324
11110011100		322
01101111010		322
01110000100		321
11111111100		320
01110100100		320
01010101100		320
01010101011		320
01010000101		320
00110111100		320
11110010101		319
10000011111		319
01101011001		319
01011011000		317
11000110011		316
11110100110		315
01000100010		315
00010111101		315
11010011010		314
10100111111		314
01011101011		314
01010011010		314
01000110011		314
11001011101		313
01110111001		312
01010101101		312
11111111010		311
11010001011		311
11001111101		311
01110010101		311
01000010111		311
11001111110		310
11111100011		309
11111011011		309
11010100101		309
01101100010		309
01011001111		309
01000100110		309
11101010100		308
01100111101		307
01011001100		307
10101011011		306
01110111100		306
01110110010		306
11000011101		305
00011011010		305
00000111100		305
11000100111		304
01100111100		304
01010100001		304
01111011111		303
01101111100		303
01010110001		303
00101011100		303
01111111010		302
01101010111		302
01001100000		302
00001100001		302
01101000011		301
00010100100		301
11101010111		300
11001010111		300
10000111101		300
01001100101		300
01110010110		299
01001011101		299
00000100100		299
11001110001		298
11000111101		298
01011100000		298
00011111111		298
11010100100		297
11010100001		297
01111100011		297
01011011010		297
00011011011		297
11100100100		296
11010011101		296
11010011100		296
01110101101		296
01001110000		296
11000100100		295
01010000110		295
11111011010		294
10001111111		294
01100000111		294
00111111100		294
01000110010		293
11010011110		292
01111110010		292
01101100011		292
01011000010		292
00110011011		292
00010011110		292
00000011100		292
11000111100		291
01111110000		291
01000110000		291
11000100000		290
01111011000		290
01100111001		290
10010011011		289
01110101100		289
11111010111		288
11100011111		288
11000011100		288
01111100101		288
01110110011		288
01110011100		288
01100011010		288
01100010101		288
01001110001		288
01001010111		288
01001000010		288
01000111110		288
11110011011		287
11011111100		287
11011100011		287
01001100001		287
00100111001		287
10010111100		286
01111101011		286
01111011010		286
01011100100		286
01000111000		286
00111011001		286
01110100110		285
01110011111		285
11110111010		284
11010110001		284
10010111101		284
01101111011		284
01011111001		284
00011011100		284
00010011100		283
10110111111		282
01100011101		282
00011111001		282
11111100111		281
11010110011		281
10110011101		281
11000111000		280
10001111100		280
01110000111		280
01010110000		280
00100111000		280
00010110011		280
11000010101		279
01111011101		279
01111011100		279
01111010101		279
01011101000		279
10001011000		278
01110010111		278
01101111111		278
01101100111		277
01100111110		277
11100010101		276
01010001110		276
01000010101		276
00111011000		276
00110111011		276
11011010111		275
11001010110		275
10000010101		275
01011101001		275
00100011110		275
11100011100		274
01001000001		274
00000111110		274
00000100111		274
11111011101		273
10000011101		273
10000011100		273
01100010110		273
00110010111		273
00000111010		273
01011000011		272
00010111011		272
10101011100		271
10000100101		271
01011000001		271
11110111100		270
10110111011		270
01111000010		270
01000101101		270
01000011010		270
11000010111		269
10111111111		269
10111011011		269
01111101111		269
00011111011		269
11110111001		267
11100111100		267
10101110000		267
01111111011		267
01111100111		267
01100111010		267
01001101000		267
01000101100		267
00110011100		267
10111011101		266
00011011001		266
00000011111		266
11111011100		265
11011000111		265
11001100111		265
11000111011		265
10100111011		265
10000110011		265
01100010100		265
00000111111		265
11010100110		264
01111011001		264
01011100110		264
01011000101		264
01001100110		264
00111010111		264
11011011001		263
01110011101		263
01011101010		263
11101110011		262
11100011110		262
00101111100		262
00011100001		262
11101111111		261
10011011100		261
01111100110		261
01111100100		261
01100011011		261
00111111101		261
00010111001		261
11110010110		260
01111110001		260
01110010100		260
01011000100		260
10100111100		258
01111100000		258
01100100000		258
01011001110		258
01000000101		258
00111011100		258
00111011010		258
11101011011		257
01111111001		257
01011001001		257
00100111110		257
11111010100		256
11011110011		256
11011011101		256
11010110010		256
11001111011		256
11000010110		256
00011110011		256
00010110000		256
00001011101		256
11110000110		255
11101110010		255
00111100011		255
00010110010		255
01111100001		254
01011010110		254
01010001011		254
11101100111		253
11000111001		253
11000110010		253
10100011100		253
01110001110		253
01010000100		253
11011100111		252
11010010101		252
11001100011		252
11000011011		252
01100110010		252
01001111001		252
00010010111		252
11111101011		251
10101111111		251
10010111011		251
10001110001		251
01101111110		251
11100111110		250
11011111111		250
11010100011		250
01011000110		250
00111111110		250
00111100100		250
00010111110		250
00001011000		250
11000110001		249
10011111100		249
01101011101		249
00100111011		249
11111100101		248
10111111010		248
10101011001		248
00010010101		248
11001011110		247
10100011110		247
10011011011		247
01100011111		247
00100111100		247
11101111100		246
11100001011		246
11011100110		246
11010111010		246
10100100111		246
10001110011		246
01110001111		246
01110000011		246
01011101100		246
00011100011		246
00010011111		246
11000100011		245
10110111100		245
10000100100		245
01101011100		245
01011111000		245
00101111101		245
10011111101		244
10000001011		244
01110001011		244
01101100100		244
00110011101		244
11010000100		243
10000100110		243
01111100010		243
01110101111		243
00011111010		243
00001111111		243
11110111110		242
11110000111		242
10001011111		242
10001011100		242
01000100001		242
01000011001		242
00110100111		242
00000011110		242
11101100011		241
10001100011		241
10000001101		241
01110100001		241
01000001110		241
01000000110		241
00111110011		241
00001111101		241
00000100101		241
11101111101		240
11010101111		240
10011011101		240
10001011010		240
01101111000		240
01001000011		240
00111111011		240
00101111111		240
11101111011		239
10110011100		239
00010100001		239
00001100011		239
11011110010		238
10010011111		238
10000111011		238
01101100110		238
01011001101		238
00111111111		238
00101011011		238
10111110001		237
01110101011		237
00101110011		237
00100100111		237
00000011010		237
11110100100		236
11011011110		236
10110100011		236
01101100000		236
01001000000		236
01000010100		236
10001100010		235
01101110000		235
01000101011		235
01000001101		235
00010010100		235
00001111100		235
00001011001		235
11100111000		234
11000001111		234
10101011111		234
10000011001		234
01011010101		234
01000001010		234
11111110011		233
11001111100		233
11000100001		233
10010011001		233
10001110000		233
10001011001		233
01111001111		233
01001101101		233
01000101111		233
00000010100		233
10110111010		232
01011101101		232
01010011000		232
00110111101		232
00100111010		232
11111101010		231
10101011101		231
01100100110		231
01010101010		231
01001010110		231
11101011001		230
11011100010		230
11000001011		230
10111111011		230
10101110010		230
10010110011		230
01110001100		230
01010000000		230
10000111110		229
01010101111		229
00101111000		229
00000010111		229
11100001100		228
10111110000		228
10011110000		228
10010110010		228
10001111110		228
00001111001		228
00000111101		228
11010011011		227
10111110010		227
10110111110		227
10101110011		227
01111000111		227
01110110000		227
01100001110		227
01010000011		227
01010000010		227
01000000100		227
00101110010		227
00010010110		227
11111111011		226
11011110001		226
11010100000		226
10111111101		226
10110110010		226
10101111100		226
01111101000		226
01110110001		226
00101011101		226
00100011111		226
11110001100		225
11100110000		225
10000001100		225
01100100001		225
01001010100		225
01000010110		225
00000110011		225
00000010101		225
11101110001		224
11010111110		224
11000000100		224
10000011110		224
01110101110		224
01100011110		224
00101100001		224
00001011011		224
11010000101		223
10100111001		223
10010010101		223
10000011011		223
01110111000		223
01001111010		223
10011011001		222
10000111111		222
01101110010		222
11111011000		221
11000001110		221
10110111000		221
01101110001		221
01101011111		221
01001001101		221
11111110001		220
11111001111		220
11111000101		220
11101111110		220
10110011111		220
10001011011		220
10000100111		220
00110111000		220
00010100011		220
00010011010		220
10010100111		219
01010101110		219
01010001010		219
00011001100		219
00010000011		219
00001100000		219
00000100010		219
11101011111		218
10101100100		218
10100100011		218
10011101011		218
10010011010		218
10010001011		218
01011001010		218
01010001100		218
00011000010		218
00001111000		218
00000000111		218
11110100101		217
11100100101		217
01111001110		217
01101101000		217
01001101010		217
01000101110		217
00110101101		217
00110000111		217
00010000111		217
00000011000		217
10111111100		216
10111011010		216
10011011000		216
01111011110		216
01100101111		216
01000001100		216
00010011001		216
00001000011		216
01010101000		215
00111110001		215
00110101100		215
00101101011		215
00101100011		215
11111011001		214
11100010110		214
11001111000		214
10101110001		214
10101100101		214
10100010101		214
10011011111		214
10011011010		214
10001111101		214
01111000101		214
01110101010		214
01110100010		214
01100101100		214
01100100011		214
01010100000		214
11110101111		213
11100000111		213
01111010100		213
01111001011		213
01111000001		213
01101011000		213
11110001111		212
11011111010		212
11001000000		212
10100011111		212
10010111110		212
10000110000		212
01101000010		212
01010001101		212
01001111000		212
00101111001		212
00010111100		212
11011100001		211
10000010110		211
01110001101		211
00100010101		211
00011010100		211
00000100110		211
11110110011		210
11101010101		210
11011111110		210
11001000010		210
10100111010		210
10001101011		210
11011100101		209
10000111000		209
01111001010		209
01111000011		209
01101101100		209
01001001111		209
11110110001		208
11101011000		208
11001101011		208
11000000110		208
10111111001		208
10101111101		208
01010101001		208
00011101000		208
00010110001		208
00001110011		208
00001011111		208
00000011001		208
11110011010		207
11100110001		207
11100100011		207
11010011001		207
10010011100		207
01110000110		207
01101011110		207
01101011010		207
00110111010		207
11111111110		206
11011101000		206
11001111001		206
11001000011		206
11000011010		206
10111111110		206
00100100110		206
00100100101		206
00011111100		206
00000101101		206
11111000000		205
11011101100		205
11011011100		205
10011100010		205
10010110000		205
01111111000		205
01100001011		205
01000100000		205
00111110000		205
00010100000		205
00001011100		205
11111101111		204
11111100010		204
11110111000		204
10111011110		204
10010010111		204
01100101011		204
01000000010		204
00110110011		204
00101100010		204
00011001101		204
00001110010		204
00001001000		204
10110100111		203
10100111101		203
10001100001		203
10000111010		203
01011101110		203
00111011101		203
00111000000		203
11111000001		202
11110001110		202
10010000111		202
10001100000		202
01001101111		202
00111011111		202
00001111110		202
00001011110		202
11101110000		201
11001110000		201
11000011001		201
10011100011		201
10011011110		201
01111000100		201
01101101111		201
01101000001		201
01001101011		201
00100011010		201
00011010111		201
10100100101		200
10001111001		200
11110110010		199
11100100111		199
11011000010		199
11001000111		199
11001000100		199
10000101100		199
01100011000		199
01100000001		199
00011011111		199
00010011011		199
11100000001		198
11001100001		198
11001010100		198
10011111110		198
10010100011		198
10001000000		198
01011001000		198
01000000011		198
00110001111		198
00101011001		198
00011100111		198
11101000000		197
11010010110		197
10111010100		197
10100111000		197
10010100101		197
01111101010		197
01101101011		197
01101101001		197
01101010110		197
01001001001		197
00111001100		197
00101100100		197
11101111010		196
11101000101		196
11010111001		196
11001100010		196
10111110011		196
10011110011		196
01010001000		196
00100000111		196
00011100010		196
11100110011		195
11001011000		195
10110111101		195
10110001100		195
10011111111		195
10010010100		195
10001100111		195
10001001001		195
10000010111		195
10000001110		195
01001101001		195
01001001100		195
00101110000		195
00010011000		195
00010001101		195
00000000101		195
11111011111		194
11101011110		194
11010010100		194
11010000011		194
11001000101		194
10110100000		194
10110011010		194
10101011000		194
10100010110		194
10010100100		194
10010100001		194
01100001111		194
01000001111		194
00100100001		194
00100011101		194
11001011100		193
11001001010		193
10110110011		193
10110010110		193
01100101101		193
01000011011		193
00100100100		193
00011011000		193
00000101010		193
11100010111		192
11100000101		192
11000101101		192
11000000111		192
01001010101		192
00110100001		192
00101100110		192
00100010100		192
00011010101		192
11010001111		191
11001000001		191
10001010111		191
00101100111		191
00011011110		191
00010101010		191
11111100110		190
11011111000		190
11010111000		190
10111011111		190
10111000001		190
10110101011		190
10101010100		190
10100111110		190
10000110001		190
01111001101		190
01010000001		190
00101011111		190
11100101101		189
10111101101		189
10100011101		189
01111001100		189
01100110001		189
01100101110		189
00110111110		189
00110110000		189
00101000011		189
00000001101		189
11010000111		188
11001100100		188
10111010111		188
10011001101		188
10001100101		188
10001000011		188
10001000001		188
00000110001		188
11111101100		187
11111100100		187
11011011010		187
11101101111		186
10101100010		186
01110001010		186
01000001000		186
00111100111		186
00110001000		186
00011111110		186
00011111000		186
11110100010		185
11010011000		185
11001111010		185
11001010101		185
10111011001		185
10110100101		185
10011101101		185
10001010101		185
01110000101		185
00011000000		185
11110011111		184
11101100000		184
11100111010		184
11011000000		184
11010101101		184
11000010100		184
10011100111		184
01110101000		184
01100110000		184
01011101111		184
00110011010		184
00110000100		184
00101001101		184
00100101111		184
00100011011		184
00011000100		184
00010100010		184
00000101100		184
11111100000		183
11110100000		183
11000111010		183
10101011010		183
10001001101		183
00011100000		183
00010101100		183
00001000001		183
11100011000		182
11011000011		182
10111100011		182
10110100100		182
10100010100		182
10011001011		182
10011001000		182
10001011101		182
10001000101		182
01111101110		182
01111101101		182
01110100000		182
00110010110		182
00000110010		182
11110000101		181
10100100100		181
10011000001		181
10010111010		181
10010101100		181
10010001111		181
10000010100		181
01101101110		181
00110110001		181
11111000111		180
11101011101		180
11011110000		180
11011001011		180
10101101000		180
10010110001		180
10000101111		180
01000101001		180
00111111010		180
00110101010		180
00101000101		180
00011101011		180
00010111000		180
00001010101		180
00000100001		180
11110100001		179
10111001100		179
10011000010		179
10000111001		179
00011110000		179
00001110000		179
11001101001		178
11001001011		178
10101100001		178
10100010111		178
01101000000		178
01100001100		178
00111100010		178
00100001111		178
11010000110		177
11001011001		177
11000001101		177
10111100111		177
10101011110		177
10011010111		177
11001100000		176
10101010111		176
10010001101		176
00100101100		176
00100010111		176
00010100110		176
11011010100		175
10110000011		175
10011100001		175
00101111010		175
00100001101		175
11101000001		174
11100111101		174
11011000001		174
11001001111		174
11000101100		174
10001011110		174
00101100000		174
00101011010		174
00101000000		174
00011110010		174
00000101001		174
00000100011		174
11101100001		173
11010101011		173
10110101100		173
10100110011		173
00010001011		173
00001111011		173
11111000011		172
11110101110		172
11100011101		172
11011100100		172
11011100000		172
11010101001		172
10111010101		172
10101100111		172
10100110000		172
01110011011		172
01100000000		172
01001000110		172
00010001010		172
00010000101		172
00001101011		172
11111101000		171
11110001010		171
11011000101		171
10100100110		171
10011001111		171
01101001011		171
01100100010		171
01001001000		171
00111000110		171
00101101000		171
00101011110		171
00000111001		171
11011010110		170
10010001100		170
00101101101		170
00101010101		170
11111110010		169
11110101101		169
11110000011		169
11101011100		169
11101001011		169
11100011001		169
11011011000		169
11000011000		169
10110011011		169
10110010111		169
10101101011		169
10010100000		169
01101100101		169
01000011000		169
00111101000		169
00110100101		169
00110010100		169
00101011000		169
00100110001		169
11110010100		168
11010100010		168
11001101000		168
10111010110		168
10100101100		168
10010011000		168
10000110010		168
10000100010		168
01100111000		168
00111000001		168
00101000001		168
00010000110		168
10101100000		167
10000101101		167
01111101100		167
01101010101		167
01001001010		167
00100101011		167
00010101101		167
11111110000		166
11101001010		166
10110100110		166
10100100000		166
01001001110		166
00101110001		166
00011000001		166
11101011010		165
10101001100		165
10001111011		165
10001111010		165
01101101010		165
00110110010		165
00110011110		165
00100011001		165
11111001011		164
11101000010		164
10101100011		164
01110011001		164
01101010100		164
01101001000		164
01100000101		164
00100101000		164
00011110001		164
00001100111		164
00001100101		164
00001001001		164
11111001010		163
11110001011		163
11101100100		163
11101001100		163
11100100110		163
11001101010		163
10111000111		163
10110110000		163
10110010101		163
10011000000		163
01000001001		163
00001101001		163
11101100101		162
11100101110		162
11011101011		162
11010001100		162
11000110000		162
10111011100		162
10111011000		162
10011101100		162
10010101110		162
10010000101		162
10001100110		162
10001010110		162
01101001100		162
01001001011		162
11101001111		161
11100011011		161
10110100010		161
10110000101		161
10101100110		161
01101100001		161
00111000111		161
00011101111		161
00011101101		161
00001110001		161
00000111000		161
11110000010		160
11011111011		160
11011111001		160
11010110000		160
11001100101		160
11000001001		160
10101111001		160
01101101101		160
00101111110		160
00011000111		160
00001001100		160
11101000111		159
11100001010		159
11100000110		159
10101111000		159
01101001010		159
01100011001		159
01001101100		159
00111001111		159
00101001001		159
00000101011		159
11111010110		158
11110100011		158
11101010110		158
11100111001		158
10100101101		158
10010101101		158
10010100010		158
10000011010		158
00110011001		158
00110000110		158
00101010111		158
00100101110		158
11111010101		157
11100011010		157
11010101110		157
10101111110		157
10001001000		157
01101111001		157
01101001111		157
00110011000		157
00010100111		157
11111101001		156
11110110000		156
11100001111		156
11000000001		156
10011000101		156
10010100110		156
01100001010		156
01000101000		156
00100100011		156
00000001000		156
11000101111		155
11000101011		155
10011111011		155
10011100000		155
10001110010		155
01101000101		155
01100101001		155
00111000010		155
00000001100		155
00000001011		155
00000000011		155
11111001101		154
11110011000		154
10111101010		154
10001101101		154
10001001011		154
01111000110		154
00111100110		154
11111100001		153
11010101010		153
10111000000		153
01100001101		153
01000000001		153
00111010101		153
00111000011		153
00110101111		153
00110010101		153
00100110010		153
00100000001		153
00010001000		153
00010000000		153
11101001000		152
11011001101		152
11001001101		152
10111100000		152
10011110001		152
10010000011		152
10001101100		152
10000100000		152
10000000101		152
00111001101		152
00100110000		152
11101100010		151
11101001101		151
11100100010		151
11001001100		151
10110100001		151
10101010101		151
10011101001		151
10001111000		151
10001001100		151
01110000001		151
01101000111		151
01101000100		151
00111111000		151
00111100000		151
00100100000		151
10101001101		150
10100100001		150
10010011110		150
10000001111		150
00101111011		150
00101101111		150
00100011000		150
00100010110		150
00000000001		150
11011001100		149
11001101101		149
10111100101		149
10110101101		149
10010111000		149
10001101001		149
01001101110		149
00111101011		149
00111100001		149
00110100110		149
00110011111		149
00010101001		149
11011101001		148
11011000100		148
11000000101		148
00111110010		148
00011001011		148
00011001001		148
00001001010		148
11111111000		147
11101111001		147
11100101000		147
10111101001		147
10111100001		147
10111001101		147
10110111001		147
01110011000		147
00101000010		147
00011101010		147
00011100101		147
00010001100		147
00001100010		147
00001010111		147
11000101010		146
11000101001		146
10110001101		146
10101111011		146
10100001100		146
10001010100		146
10001000010		146
10000100001		146
01001000100		146
00111010100		146
00110001011		146
00101000111		146
00100110011		146
00011000101		146
00010000100		146
00000110000		146
00000011011		146
11011101111		145
11010101100		145
10110001000		145
10011100101		145
01100000100		145
00011100110		145
11100010100		144
11001001000		144
10110001111		144
10100101010		144
10010000100		144
10000001010		144
10000000111		144
01001000101		144
00111001000		144
00010001111		144
00001001101		144
10101000010		143
10011101010		143
10011000100		143
10000101110		143
01001000111		143
00110100011		143
00100001010		143
11111000110		142
11110001101		142
11000000011		142
10111000101		142
10110011110		142
10100001110		142
10010101001		142
01101001110		142
00111101100		142
00101001100		142
00010101011		142
00010001001		142
00000000110		142
11111000010		141
11011001000		141
11000000000		141
10111101011		141
10101000011		141
10100110010		141
10011001100		141
10001000111		141
00111101101		141
00111001110		141
00110001110		141
00110000011		141
00101100101		141
00011001000		141
10101010110		140
01010001001		140
00111101010		140
00101000100		140
00100001100		140
00001000000		140
11111001100		139
11101111000		139
11101100110		139
11011101101		139
10110000010		139
10001001111		139
01110001001		139
00001111010		139
11100101111		138
11100101100		138
11000001000		138
11000000010		138
10111101000		138
10110011000		138
10110000111		138
10110000100		138
10100110001		138
10100011011		138
10100011001		138
10011000111		138
10001001110		138
01110000010		138
00111001011		138
00001000010		138
11111001000		137
11010000000		137
11000101110		137
10100100010		137
10011010110		137
10010010110		137
00100101001		137
00011101100		137
11111000100		136
11110000100		136
11100001110		136
11100000000		136
11010001001		136
10110110001		136
10100000100		136
10011010100		136
10000001001		136
00111111001		136
00111011110		136
00100001011		136
00011000011		136
00010101110		136
00010001110		136
00001001111		136
00000001010		136
11111001110		135
11100100001		135
11010001010		135
10010000010		135
01110011010		135
00100001000		135
11111101110		134
10111101100		134
10011111010		134
10010000110		134
10001101000		134
01100000011		134
01100000010		134
01000000000		134
00110101011		134
11101101101		133
11010001000		133
10111000010		133
10100101111		133
10100001001		133
00001101101		133
00001101010		133
00000001111		133
11011000110		132
11001001110		132
10011101000		132
10001100100		132
00001100100		132
00001000100		132
11111101101		131
11100100000		131
11010001101		131
11001101111		131
11001100110		131
10011001110		131
00001010100		131
00000101110		131
11110101011		130
11001011010		130
10011100110		130
10001101010		130
10000101010		130
00110001101		130
00010101000		130
00001000111		130
11101101011		129
11011010101		129
11001101100		129
11000001010		129
10101000101		129
01111001001		129
01000101010		129
11010001110		128
10111001011		128
10110101111		128
10101001011		128
10010111001		128
10000100011		128
11101001110		127
10101000100		127
10100101011		127
10011010101		127
10010101111		127
10010001110		127
00110000101		127
00011101110		127
00000000100		127
11101101010		126
11000100010		126
10101101101		126
10100001011		126
10100000001		126
10000000000		126
00100000110		126
00000101000		126
11101000011		125
11011101010		125
10110000110		125
10101001010		125
01100000110		125
00111100101		125
00110001001		125
00100101101		125
00011001010		125
00000001001		125
11010000010		124
10111100010		124
10110101010		124
10011111001		124
10011001010		124
10011001001		124
10011000011		124
01110101001		124
00111010110		124
00001010110		124
11101101110		123
11100001001		123
10101111010		123
00111101111		123
00110101001		123
11010000001		122
10110001011		122
10001000100		122
10000101000		122
00100101010		122
00000100000		122
00000001110		122
10101000000		121
00111000101		121
00100000100		121
00001100110		121
11101000100		120
10111000100		120
10100000101		120
01101001101		120
00110100010		120
00000010110		120
11000001100		119
10101101010		119
10010101000		119
10010001001		119
01111000000		119
00101001000		119
00001101100		119
10101001110		118
10000000100		118
00011010110		118
00001001011		118
11111111001		117
11010101000		117
10111001010		117
10110011001		117
10010101011		117
01110000000		117
00001011010		117
11110101100		116
11100000100		116
11100000011		116
10100001000		116
10000011000		116
00110100100		116
00001000101		116
11100001000		115
11001101110		115
11001000110		115
10111001000		115
10100011010		115
10100011000		115
10001101110		115
00111001001		115
00110001010		115
00101101010		115
11110000001		114
10011000110		114
10010101010		114
01100101000		114
00110001100		114
00101101110		114
01101001001		113
00110111001		113
00011000110		113
11100001101		112
10010000000		112
10000001000		112
00101000110		112
11011001111		111
11011001001		111
10111000110		111
10110010100		111
01100001001		111
10111100110		110
00100000011		110
00011101001		110
11110001001		109
11100101011		109
10101001111		109
10100000010		109
00111001010		109
00101001011		109
00100001110		109
00100000101		109
11110001000		108
11011001110		108
10111000011		108
10101101001		108
10100101001		108
00101001010		108
00011001111		108
00001101000		108
00000000000		108
10101001000		107
10101000001		107
01111001000		107
00101001111		107
00010000010		107
00000000010		107
10111100100		106
10000101001		106
00110000001		106
00110000000		106
00010101111		106
11001001001		105
00110100000		105
00100100010		105
00011100100		105
00000101111		105
11101101000		104
11101000110		104
11011101110		104
10100101000		104
10100001010		104
10100000111		104
10000101011		104
10000000010		104
01110001000		104
00101101001		104
00101010100		104
00110101110		103
10100001111		102
10010001010		102
00001000110		102
11110101010		101
10001001010		101
10100000011		100
10011100100		100
01100101010		100
00100001001		100
11000101000		99
10110101001		99
10110000001		99
10101000110		99
00101001110		99
00001101111		99
10111001111		98
10110001010		98
10110000000		98
11100000010		97
10111001110		97
10100101110		97
10100000110		97
10000000110		97
00101101100		97
00101010110		97
11110101001		95
11110011001		95
11100110010		95
10111101111		95
10111101110		95
10101000111		94
10100001101		94
10010001000		94
10001101111		94
00110000010		94
00010000001		94
10101001001		93
00111101001		93
11110000000		92
01101000110		92
10111001001		91
10101101100		91
11011001010		90
10101101111		90
10011101111		90
10000000001		90
11101001001		89
11100101001		89
10101101110		88
10110101110		87
00100000000		87
00011001110		87
10110001110		86
11101101100		85
10110001001		85
10011101110		84
00111000100		84
00001001110		83
01100001000		82
00111101110		82
10110101000		81
11110101000		79
11101101001		79
00110101000		77
11111001001		76
10011111000		75
10000000011		71
00001101110		71
10010000001		69
10001000110		69
11100101010		68
10100000000		58
00100000010		57
11011010001		41
01001010011		40
11000010001		30
01001110111		28
01101010011		26
11110110101		24
11111010000		23
11110010000		19
01111010010		19
01100010001		18
01010110101		16
01000110111		16
10111010000		15
00110010011		15
10100010000		13
11111010011		12
11100010001		12
01111010011		12
00111010011		12
11100110101		11
11001010010		11
10001010011		11
01100010010		11
01001010010		11
00111110100		11
10001010010		10
01011010001		10
01010010001		10
01001110110		10
11101010011		9
10000110100		9
01110110100		9
01100010011		9
11001010011		8
10010010001		8
01000010010		8
00110110111		8
00100010000		8
00011010010		8
10101010010		7
10001110101		7
01100010000		7
01010010010		7
11110110110		6
11110010011		6
11110010001		6
10000110101		6
01101010010		6
01100110101		6
00101110100		6
00011010000		6
00010010001		6
00001010011		6
11101010010		5
11011010010		5
11011010000		5
11010110110		5
10101010000		5
10010110100		5
01000110110		5
00010010011		5
00000110110		5
00000110100		5
11111010001		4
11101110101		4
11100010000		4
11001110111		4
10110010001		4
10100110100		4
10001010000		4
10000010011		4
01011110111		4
01011010000		4
01000110100		4
00111010000		4
00110110101		4
00011010011		4
00010010010		4
00000010001		4
11111010010		3
11110010010		3
11101110100		3
11011110101		3
11000010000		3
10111010010		3
10100110111		3
10100010011		3
10011110111		3
01110010011		3
01110010000		3
01101110101		3
01101010001		3
01100110100		3
01010110111		3
00101110101		3
00101010011		3
00011110101		3
00011010001		3
00010010000		3
00000010010		3
11110110100		2
11100110100		2
11100010011		2
11011110100		2
11011010011		2
11001010000		2
11000110100		2
11000010011		2
10111010011		2
10111010001		2
10110110101		2
10101010011		2
10100110101		2
10011110110		2
10011010011		2
10011010001		2
10010010000		2
10001110111		2
10000110111		2
10000010001		2
01111110111		2
01111110101		2
01111010000		2
01110110111		2
01110110110		2
01110010001		2
01101110111		2
01101110100		2
01011110101		2
01011010011		2
01010110100		2
01001010001		2
01000110101		2
01000010011		2
01000010001		2
00110110110		2
00110110100		2
00110010001		2
00101110110		2
00100010011		2
00100010001		2
00010110111		2
00001110101		2
00000010011		2
11111110100		1
11101010000		1
11100110111		1
11100010010		1
11011110111		1
11010110100		1
11010010010		1
11010010000		1
11001110101		1
11001010001		1
11000110111		1
11000010010		1
10111110111		1
10111110101		1
10110110100		1
10110010000		1
10101110111		1
10101110110		1
10101110101		1
10100110110		1
10100010010		1
10100010001		1
10011110101		1
10011010010		1
10010110111		1
10010110101		1
10010010010		1
10001110110		1
10000110110		1
01110110101		1
01110010010		1
01101110110		1
01101010000		1
01100110111		1
01011110100		1
01010010011		1
01010010000		1
01000010000		1
00111110101		1
00111010010		1
00101010010		1
00100110101		1
00100010010		1
00011110110		1
00010110101		1
00010110100		1
00001110111		1
00001010010		1
00001010001		1
00001010000		1
00000110101		1
00000010000		1
