10000100110		661
10001100111		632
10100100111		624
10000100101		623
10001001111		604
10000000111		579
10010100111		569
10101100111		564
10000100111		541
10001101011		534
01010100111		534
00100100111		532
10010100110		524
10000100100		515
00101100111		514
10001000011		512
10011001111		507
10101100101		504
10110100111		502
10001100010		499
10001001101		498
10001100011		488
10111100111		487
10011000111		486
00100000111		482
00001100111		481
00010100100		478
10000001111		475
10001001110		474
10001100110		473
10000001110		473
00000101101		471
00000001111		470
10010000111		468
10000000110		468
00100100110		468
10111000111		461
10011100111		461
10010000110		460
00101001111		457
00001001111		457
10001101101		454
01001100111		450
10011001101		449
10001100101		446
00010100111		446
10011100110		444
00110100111		444
00111001111		443
00101100011		443
10000101101		442
00000000111		442
01101100111		440
01100100111		440
00101100110		437
10100100011		436
10000000101		433
10001000010		432
00000100101		430
00110001111		426
00001000111		426
00010100101		423
10000001101		422
00000100111		422
10001000101		420
10010100101		418
10001101110		413
10011000010		412
10100100110		411
00000100100		408
00011100110		405
10011010110		403
10010100100		403
00101001101		403
00000100110		403
01011001111		401
00001100110		400
00111100110		399
00100101111		399
10001001011		398
01000000111		397
10111010111		396
10010101111		396
01010100101		395
10101100100		394
11101010111		392
10101100011		392
01001100011		392
10001101001		391
10001100001		391
00111100100		391
10010011101		390
00100001111		390
10000101111		389
10000001100		389
10110000111		386
10110100110		384
01010100110		384
01001100110		384
10001000111		383
10000101110		379
01111100101		379
10010001111		377
11011100110		373
01011100101		373
00100100100		373
10100001111		372
10001000001		372
01001001111		372
01000100111		371
11010100101		370
00101000111		370
00011100011		370
00001001100		370
10101011111		369
10001100100		369
00010100110		369
10001101010		368
10101100110		367
10101000011		367
10011100011		367
00111000110		367
00110001110		367
00000001101		367
10110100100		366
00101010111		366
00000101110		365
10100000111		364
10111001111		363
10011001011		363
11011100111		362
11001000111		361
10101010111		359
00111100111		358
00101100100		358
10110001101		357
10011101001		357
10011100010		357
01000100101		356
00010000110		354
00001100011		354
00010001111		353
11001100010		352
10111100011		352
10101001111		352
10100100101		351
10000100010		351
01011000111		350
01000100110		350
00011100101		349
11101100111		348
10000001011		348
10001011111		347
10001010111		346
00010001101		346
00000000101		345
10111000110		344
10001010101		344
00001001101		344
10010101101		343
10010001110		343
01011100110		343
00001000110		343
10001000100		342
00011100111		342
10111001101		341
10001001100		341
10100101101		340
11001100111		339
10010000100		339
00010000111		339
10111100110		338
10011011101		338
00001100001		338
10100100100		337
10011011110		336
11110100110		335
11010100111		335
00100001110		335
00111000111		333
00011001111		333
00001010101		333
10101001101		332
10001101111		332
10010001101		331
10010000101		331
10001100000		330
10111000010		329
00101101111		329
00001100101		329
10100001110		328
10000010111		328
10110001111		327
01000001101		327
10111100100		326
10111000101		326
10000001001		326
01101100110		326
11110100101		324
10011010111		324
10001111100		324
00001000101		324
10101000100		322
10001010110		322
00100001101		321
10011101101		320
10011101011		320
00010010111		320
10100011111		319
10100010111		318
10011000110		318
10010100011		318
11000100100		317
01110100111		317
00111001101		317
10100001101		316
10100000101		316
01101100100		316
11001000100		314
01000000101		314
00001000100		313
10011001110		312
01111001111		312
01001100100		312
00110000111		311
10001001001		310
00100100101		310
00001101101		309
00000000110		309
10110100101		308
10011011011		307
10010010110		307
01111001110		307
00011001101		307
00011000100		307
00011000011		307
10100010110		306
00101101101		306
00011001011		306
00001101111		306
10111000001		305
10000101100		305
01111100110		305
10001111111		303
01001101101		303
00001000011		303
11000100111		302
11110100111		301
10010111101		301
10110000101		300
10101010100		300
10011110010		300
11000100110		299
10101111111		298
10101001110		298
10010100001		298
10011000101		297
00110101101		297
01110100101		296
10100101111		295
10001011110		295
10001011101		295
10000011101		295
01100000111		295
00101001110		295
00101000101		295
00001010111		294
00000100010		294
11010100100		293
01001101111		293
00101000010		292
10000011111		291
01001000100		291
00101101011		291
00101100101		291
11111100101		290
10011010101		290
01001100010		290
00011111101		290
00010100011		290
11011100011		289
01000101101		289
00000001110		289
11100101101		288
10011101111		288
11110100100		287
11010100110		287
10100001100		287
00100010111		287
00011000111		287
10101000111		286
10000001010		286
10101101110		285
10000010101		285
01000100100		285
10000010100		284
10010010111		283
10001101100		283
10001000000		283
00111001100		283
01011000001		282
00011100001		282
10011101010		281
10001001010		281
10000100001		281
01100100101		281
10111100001		280
10110000011		280
10101110001		280
10100000100		280
10000100011		280
00001101011		280
10001011011		279
00101100010		279
00011001100		279
11111100110		278
10001111110		278
11100100111		277
10101001100		277
11001100101		276
11000001001		276
10101101011		276
10101100010		276
01111100111		276
11000100101		275
10110100011		275
10110001000		275
10110000100		274
10100101110		274
01011001011		274
00011000010		274
10100010101		273
10010101110		273
01111000111		273
01010101101		273
01001001101		273
10101010101		272
10011011100		272
01001100101		272
00100000100		272
11010001101		271
10100000110		271
10011100001		270
00110100110		270
00101000110		270
00001000010		270
10111001110		269
10101110011		269
00101000100		269
11111000001		268
10011101100		268
10001011100		268
01001000101		268
11010101111		267
10110001011		267
01011100011		267
00111000101		267
10001010100		266
01011100010		266
00101100001		266
10011001100		265
10011000100		265
10010001100		265
10000111101		265
01100100100		265
01011100100		265
00111001110		265
00011101111		265
11000001111		264
01010000101		264
00001011111		263
11100100100		262
11001101001		262
10111101110		261
10000000100		261
01101101110		261
00111000011		261
10101011100		260
10011000011		260
01011100111		260
10011100100		259
10011011111		259
00010010101		259
11101000101		258
10110001100		258
00011011100		258
01110100110		257
10111100010		256
10111011101		256
10110011101		256
01101001111		256
00101000011		256
11011100100		255
10111000011		255
10101000101		255
10111001100		254
10110101100		254
10101001010		254
00000000011		254
11001000001		253
10101010110		253
10011100101		253
01111001101		253
10110010111		252
01011001110		252
01010001101		252
11011100001		251
11000100011		251
00000101100		251
11101101110		250
10100100001		250
01010100011		250
01000001111		250
00000100011		250
11101100110		249
10110000010		249
10100101100		249
10010010100		249
10000010110		249
00111010111		249
00100101100		248
00011101110		248
00000011101		248
11111111101		247
10101101111		247
10011111101		247
01011000000		247
00100000110		247
00011100010		247
00011011101		247
10101000110		246
10001110001		246
01001000111		246
00011100000		246
00001101110		246
00001101100		246
11101000001		245
01010000111		245
10110010101		244
10101001011		244
10011001000		244
10011000001		244
10000000010		244
00100100011		244
00000010111		244
11001000011		243
10011001001		243
01001001100		243
00110000100		243
10110101111		242
00011010100		242
11010101101		241
11010001111		241
10111111101		241
01101001110		241
00001001011		241
10101011101		240
10101011011		240
00111010110		240
00110101111		240
00110010110		240
00011011111		240
11001101111		239
00010011101		239
10110000110		238
10011101000		238
10010100010		238
11100000001		237
10111101001		237
01001001110		237
00010101110		237
00010010100		237
11111100011		236
11010100000		236
10001000110		236
10000000000		236
01011000101		236
00100000101		236
00001001010		236
11111001101		235
10111001001		235
10110101011		235
10010101100		235
01101101111		235
01011001001		235
00101001011		235
11110001111		234
01101101011		234
01010001111		234
00111011111		234
00010001110		234
11001001101		233
00100101101		233
00010010110		233
11011100101		232
10100010100		232
10011101110		232
01011100001		232
00001010100		232
11110000101		231
11100001111		231
10101100001		231
10010101001		231
10010010101		231
01001000011		231
00101001010		231
00001011101		231
11000101101		230
10011001010		230
10010001011		230
11111100111		229
11101001101		229
10101101101		229
10101101010		228
00111011100		228
11101100100		227
11011101111		227
11010000001		227
11001100011		227
10000101011		227
10111011110		226
10100001010		226
10010000010		226
10000011110		226
00111000010		226
00011101101		226
10011100000		225
00011010111		225
00000101010		225
10101011110		224
00111100101		224
00100010110		224
00001100100		224
00001001110		224
11111000011		223
11011001101		223
11010011101		223
10101011001		223
00101001001		223
11000000111		222
10001111101		222
00010000100		222
00001011110		222
11001000110		221
01011010111		221
01001101001		221
00000001011		221
11111001111		220
10110101101		220
10110011111		220
01110100100		220
00011101100		220
00001111111		220
00001100010		220
11100000111		219
10011011001		219
01111010101		219
01111000110		219
01011001101		219
00011000110		219
11011111101		218
10100111001		218
10011111111		218
10001001000		218
10000011001		218
01111000001		218
01001000110		218
00111010100		218
11101101111		217
10111101111		217
10111010110		217
10000100000		217
01111010110		217
01110101101		217
00110000101		217
00010000101		217
11101100101		216
11101100001		216
10110101010		216
00110000110		216
00000101011		216
11110000110		215
11001101101		215
01111010111		215
01011000011		215
00110010111		215
00101010101		215
00100011110		215
11100100101		214
10110101110		214
10011010100		214
10000000011		214
10111001011		213
10111001010		213
10110001110		213
10100000010		213
10001110011		213
10001011001		213
01101100101		213
01010001110		213
00010101010		213
00001101001		213
11100000101		212
10111010100		212
10010101011		212
01111101101		212
01101100010		212
00100001011		212
00011010110		212
10111100101		211
10010101010		211
10000101001		211
00011000001		211
00010101011		211
00001011100		211
00001001001		211
11100100110		210
11100001101		210
11010100011		210
10101000010		210
00111100011		210
00111001011		210
00101000001		210
00100101110		210
11100000110		209
11011101000		209
11001100001		209
01110000110		209
00011101011		209
11011000111		208
10111011011		208
10010011111		208
01100001101		208
00011000000		208
11011100010		207
10100001011		207
11110011101		206
11011000101		206
10111011010		206
10100100010		206
01101001000		206
01100000101		206
01011111101		206
01000001011		206
00111000000		206
00011000101		206
00010100000		206
00001000001		206
11001000101		205
10100111101		205
01100100110		205
01000001110		205
01011000110		204
11110000111		203
11100001001		203
11010001011		203
11001001100		203
10110010110		203
10100011101		203
00111010101		203
11101010100		202
11101000111		202
01010100100		202
01001000001		202
11010111101		201
11010101110		201
10110111101		201
01001001011		201
00001010110		201
00000011111		201
11000001000		200
10100011110		200
10000111100		200
01011101111		200
01011001000		200
01010000110		200
01001100000		200
00000101111		200
11000000101		199
10101101100		199
10100001001		199
00101101110		199
00100101011		199
00000010100		199
11011001001		198
10111000100		198
10110111111		198
10110100000		198
00101101000		198
11110101111		197
11101101101		197
11000101110		197
10101111110		197
10101100000		197
01101100011		197
01100001110		197
00101001000		197
11111000111		196
11101001111		196
11000000110		196
10011111100		196
10000101010		196
00101111111		196
00010001011		196
11100100011		195
10111100000		195
10110001001		195
10001101000		195
10001011010		195
01101001001		195
00000101001		195
11001101010		194
11001001111		194
11001001110		194
11000001011		194
11000000100		194
01011000100		194
00011011010		194
10100101010		193
10010001001		193
01111100100		193
01111000011		193
01000000100		193
00110101100		193
11110010101		192
11000100001		192
11110001110		191
11010001001		191
10110011100		191
01111000101		191
01101010111		191
01011001100		191
00110001001		191
11111001100		190
10100111111		190
10010111111		190
10001011000		190
00101001100		190
00100111111		190
00100010101		190
11011011101		189
10101011010		189
00011100100		189
00011001110		189
00001001000		189
11001101011		188
11000101011		188
11000011101		188
01111100011		188
01100001111		188
01010101110		188
00010101100		188
00001110011		188
11001010111		187
10111000000		187
10010011011		187
10000101000		187
01011101100		187
01001101110		187
11100101110		186
10100101001		186
10011110011		186
10001111011		186
01111000010		186
01110000111		186
01101000011		186
01100101111		186
01001010111		186
00101011101		186
00000001001		186
11001010110		185
01101001101		185
01101000001		185
01011010110		185
11110001100		184
11101100011		184
11010100001		184
10011000000		184
01001011111		184
00100001100		184
10000111111		183
00101011111		183
00011001001		183
11111000000		182
10111111001		182
10111011111		182
10100000011		182
00111000001		182
00110001101		182
00100011111		182
00001111110		182
11111010111		181
11110001001		181
11010000101		181
11001011101		181
10110111100		181
10101101000		181
01110001110		181
00100000011		181
00001011011		181
11101001110		180
11101000000		180
11011101011		180
10100100000		180
10010100000		180
10000000001		180
01001001010		180
11011001111		179
10110100010		179
10101001001		179
00111011101		179
00101101100		179
10011011010		178
01111000100		178
01011011110		178
01001011101		178
00101101010		178
00011011001		178
00000010101		178
10101000001		177
01011101110		177
00111101101		177
00011101000		177
11110100010		176
11100101111		176
01111001100		176
01010101111		176
00111001001		176
00101110011		176
11111000101		175
11110000001		175
10011111110		175
01000000110		175
00000000100		175
11111100010		174
11101010101		174
11011001000		174
11001000000		174
00110100100		174
11101001100		173
11010000111		173
01001101000		173
01001000010		173
00111111101		173
11111101111		172
11111000110		172
11100101000		172
11011000001		172
11010101001		172
01101011101		172
01101000111		172
00110100101		172
11011101100		171
11011101001		171
11011100000		171
10010011100		171
10000011100		171
01010101100		171
01000101110		171
01000100011		171
11000001101		170
10100011100		170
01101000101		170
00100011100		170
00001000000		170
11010001000		169
10111001000		169
10110001010		169
10011110000		169
01011011101		169
01001101011		169
11100001100		168
10111011001		168
01110001101		168
01101000000		168
01011000010		168
01001101100		168
01001010110		168
01001010101		168
00010000011		168
00001100000		168
10110011110		167
10101011000		167
01001011110		167
00011101001		167
00011011110		167
00010101101		167
11101101011		166
11010010101		166
10100000001		166
10010001010		166
00110001011		166
00101101001		166
00010100010		166
11110101101		165
11101011101		165
11001010101		165
01101001011		165
01101000010		165
01011011111		165
00101010110		165
00010001000		165
11111100100		164
11011000000		164
10101110000		164
00111101011		164
00110101011		164
00000001010		164
11110111101		163
11011000011		163
11001101000		163
11000010101		163
01111101111		163
00101011100		163
11111001011		162
11101001010		162
11000101001		162
10111010101		162
00011010101		162
11110001000		161
11101100010		161
11010000100		161
11001110001		161
01100001100		161
01011100000		161
01000101111		161
10111110001		160
10111101101		160
10010011110		160
01101101001		160
01010010100		160
01000101100		160
00000100001		160
11100001011		159
10111101000		159
10110100001		159
01100101100		159
00110101110		159
00001111101		159
01010001001		158
01010000100		158
00100100001		158
11101000010		157
10000001000		157
01001000000		157
00010001001		157
11001101110		156
01101001100		156
00000011110		156
11111011101		155
11110010111		155
11100000100		155
11001100100		155
01111011101		155
01101111101		155
01101001010		155
01010100001		155
11111000100		154
10110101000		154
10000111110		154
10000011011		154
11101101010		153
11011101101		153
11010100010		153
10111111000		153
10101111101		153
10100101011		153
00111000100		153
00100011101		153
00100010100		153
00011001000		153
00000000010		153
10101111100		152
10010001000		152
01011110001		152
01010001100		152
00111011110		152
00101111110		152
00101000000		152
11111001010		151
11111001001		151
11101001011		151
01100000100		151
11000101111		150
10001110000		150
01110000100		150
11010111100		149
10111011100		149
00011001010		149
11111010100		148
11110100000		148
11001001001		148
10010000011		148
00011011011		148
00001101000		148
00000111100		148
10100001000		147
01111100001		147
00100001001		147
00010000010		147
11101111101		146
11100010101		146
10101101001		146
01011101001		146
01000001100		146
00111101111		146
00111001010		146
00001111100		146
11011010110		145
11001111101		145
11001101100		145
10110111110		145
01001111101		145
11110101110		144
11011011111		144
11010000110		144
10110010100		144
10010011001		144
10010000000		144
01001001000		144
00110000001		144
00101111101		144
00010001010		144
11101000110		143
11001010100		143
11001000010		143
10101111011		143
00010011111		143
11101111111		142
11101000011		142
00010101111		142
11101110001		141
11001001011		141
10110101001		141
10101000000		141
10100111110		141
01101111110		141
01100101110		141
01011001010		141
01001100001		141
00011101010		141
00000111111		141
00000001100		141
11110101100		140
11110001101		140
11010101100		140
00110111111		140
00011111100		140
00000001000		140
11011010111		139
11001100000		139
01101010101		139
01010010111		139
01001010100		139
11111101110		138
11111000010		138
11010011100		138
01100000110		138
01000100010		138
00101110010		138
00010011110		138
10110000001		137
10011011000		137
01111100000		137
01101101100		137
00110011100		137
00101100000		137
11100001110		136
11001001000		136
10010111110		136
01101010100		136
00010101001		136
00000111101		136
11101010110		135
11001100110		135
01111001001		135
01110101100		135
01100001011		135
00111111100		135
00111101100		135
00001101010		135
10111101011		134
01101011111		134
01001001001		134
01000101011		134
00010111101		134
11010101011		133
10010101000		133
01110011101		133
01101101101		133
01011101101		133
11101101000		132
11101100000		132
11011001011		132
11000100010		132
01011010101		132
01001011000		132
00001110010		132
11101011111		131
10110000000		131
01111011100		131
01001011001		131
00000000001		131
11111110001		130
11011000010		130
11010001100		130
00111011011		130
00111001000		130
00011111110		130
00011111001		130
11111010101		129
11100010110		129
10010110001		129
10001110010		129
01101100000		129
01010001000		129
00101011110		129
00000010110		129
11111001110		128
11000011110		128
11000000001		128
11000000000		128
01110101111		128
01100101011		128
00110000011		128
11110101001		127
11010001110		127
10001111010		127
01101010110		127
00110001100		127
11011101110		126
11000010111		126
10010111100		126
01111011111		126
01110101110		126
01110010101		126
01001111111		126
01001101010		126
00100001000		126
11100100001		125
11001001010		125
10101001000		125
10000110011		125
01111101001		125
00111100001		125
11111001000		124
01100010110		124
01010010101		124
00111101110		124
00111101010		124
11011101010		123
11000111101		123
01101101000		123
01010100010		123
01001011100		123
00100111110		123
00010100001		123
11101111100		122
11011000110		122
11000011111		122
10111011000		122
01011101011		122
00110101010		122
00100000001		122
11111101101		121
11111101000		121
11111010110		121
11100001000		121
11001111100		121
10111111111		121
01111001011		121
01000100001		121
01000000011		121
00101010100		121
11110111001		120
11110100001		120
01101111111		120
01010111101		120
00110100001		120
00101011011		120
00100101000		120
11111111100		119
11100011101		119
11011011001		119
11001111001		119
11001011110		119
10111111100		119
00100001010		119
11100101100		118
11011011100		118
10110111000		118
01010000000		118
01000010111		118
01000010101		118
00100111101		118
11111011000		117
11110100011		117
01111010100		117
01111001010		117
01100100011		117
11110000011		116
11100011100		116
11000101100		116
10100111100		116
01100101101		116
00001110001		116
11111101010		115
11110010110		115
11110000100		115
11010011111		115
11111100001		114
11000010110		114
10111101010		114
10100111011		114
10011110001		114
10010011010		114
01101101010		114
01011111100		114
00101011000		114
00011111111		114
11010110001		113
10101111010		113
01101000110		113
01101000100		113
00110100011		113
00110011101		113
00110010101		113
11011011011		112
11000111001		112
00000101000		112
11111101011		111
11000001110		111
10111101100		111
10011111001		111
10000111010		111
10000110001		111
01110001111		111
01011010100		111
00101110001		111
11111011110		110
10111111010		110
00110100010		110
11111101100		109
11001110011		109
10101110010		109
01100010101		109
11101001000		108
10111110000		108
00001011010		108
11001011111		107
00011011000		107
10000111011		106
00011110011		106
11100111000		105
11100000011		105
11011000100		105
11010010110		105
11001011100		105
11000001010		105
10110011000		105
01011101010		105
00111110001		105
00111100010		105
00111011001		105
00110001010		105
00110001000		105
00101111100		105
00001011001		105
11110001010		104
11000001100		104
10100101000		104
10010110011		104
01101011110		104
01100010111		104
01011101000		104
01010000001		104
00100111001		104
00010001100		104
11110001011		103
11101101100		103
11100001010		103
11010101000		103
01101011100		103
01000000001		103
00110101001		103
00100000010		103
11111011001		102
11001111110		102
11000011100		102
10101111001		102
01100000001		102
01011011100		102
00111011000		102
00110000000		102
00011111000		102
00000011100		102
11101000100		101
01000011111		101
00110011110		101
00101111000		101
00100100010		101
00010011100		101
11110101011		100
11010010111		100
11000111110		100
10001111001		100
01110000001		100
10110110001		99
10100011011		99
10001111000		99
01111101110		99
00110111101		99
11100111001		98
11100010111		98
11000000011		98
10011111010		98
01111110001		98
01100011111		98
00010111110		98
00010111100		98
11110000010		97
11101001001		97
11011001100		97
11001011011		97
10100110001		97
00110101000		97
00011110000		97
00000000000		97
11111110000		96
11101110011		96
01111101100		96
01100100000		96
00101111001		96
00010101000		96
11110000000		95
11000111000		95
10111110010		95
10011111011		95
01101111100		95
01100100001		95
01010100000		95
00111011010		95
00000011001		95
11100101011		94
11100101001		94
11100011111		94
10010000001		94
01111011001		94
01110001100		94
01110001011		94
11101011001		93
11010111001		93
11000100000		93
10110011010		93
10000111001		93
10000111000		93
01111000000		93
11111011100		92
01110001000		92
00110000010		92
00100101010		92
11101011110		91
11101011000		91
11011111000		91
01111111101		91
01110001001		91
01010011100		91
01001111100		91
01000111100		91
11110011100		90
11000000010		90
10110110000		90
10010110010		90
01100100010		90
01100011100		90
11010000000		89
01110111101		89
01110100011		89
01110010111		89
01110000101		89
01011110011		89
01000000010		89
00100101001		89
11010101010		88
01101100001		88
01000011101		88
00110111100		88
00000111011		88
11011001110		87
10100110000		87
10010110000		87
10000110000		87
01000010100		87
00100100000		87
00011110001		87
00001011000		87
00000111110		87
11111011010		86
01010011111		86
01000101001		86
00101011001		86
11100110000		85
11011110001		85
11011011110		85
11000101010		85
11000010100		85
01100011101		85
00110010100		85
00010000000		85
11111111001		84
11101011100		84
11101011011		84
11000011001		84
10110011011		84
01101011011		84
01000101010		84
11100100000		83
11001111000		83
01010011101		83
01010010110		83
01010000011		83
01001110011		83
11111101001		82
11111100000		82
11000101000		82
01011011001		82
01000111101		82
00101110000		82
00010000001		82
11011011000		81
10110111011		81
01111011011		81
01011011000		81
01000001001		81
00111110011		81
00000110001		81
11100111111		80
01100010100		80
01100000000		80
00000011010		80
10100000000		79
01001111110		79
11100100010		78
11001111111		78
11000110001		78
01110010110		78
01001110001		78
00101111011		78
11110111100		77
11011010101		77
11001011000		77
10010111011		77
10010011000		77
01110100010		77
11100110001		76
10100110011		76
01110100000		76
01110000011		76
01100111111		76
01010111111		76
01000001000		76
00010011001		76
11101111110		75
11101111001		75
11100000000		75
11011010100		75
10110111001		75
10110011001		75
01010101010		75
01000000000		75
00111110000		75
00011110010		75
11111011011		74
11101110000		74
11010001010		74
10010111001		74
01100001001		74
01010101001		74
00010111111		74
11010010100		73
01100111101		73
01011111111		73
01011011011		73
00110011111		73
11100011110		72
10111111011		72
01010001011		72
11011110000		71
10111111110		71
10100111000		71
10100011001		71
01111001000		71
01110100001		71
01001011010		71
01000111001		71
00111111111		71
00111100000		71
00000100000		71
11100111100		70
11100101010		70
10110110011		70
10010111010		70
10000011000		70
01111100010		70
01010001010		70
01010000010		70
00110110001		70
00001111001		70
11111011111		69
11001011001		69
10011111000		69
01000011110		69
00111101001		69
00111101000		69
00101111010		69
00100011011		69
11100111101		68
10000110010		68
01111101011		68
00101011010		68
00100111100		68
11110110001		67
11010000010		67
11001111011		67
01010011001		67
00100111000		67
11110011110		66
11110010100		65
11011001010		65
11010111110		65
01110011100		65
01110001010		65
01010011110		65
11111111000		64
11101101001		64
11011111001		64
11011110010		64
11000111111		64
01111011110		64
01101110000		64
00010011010		64
01111011000		63
01110010100		63
01100000011		63
01010111100		63
00011111011		63
11101110010		62
11100111011		62
11100010100		62
11100000010		62
01100101001		62
11110011001		61
11010011110		61
11010000011		61
01100111100		61
01010101011		61
01001011011		61
01000011100		61
01110011110		60
01100000010		60
00001111000		60
11110011000		59
11011111110		59
11011110011		59
10111110011		59
01010111001		59
01000111111		59
01000001010		59
11111111111		58
11111111110		58
11010111000		58
11001011010		58
01011110010		58
01011110000		58
01000101000		58
01000010110		58
00100000000		58
00010110001		58
11100111110		57
11100011001		57
01101110001		57
01100001010		57
01001111001		57
01001110010		57
00110100000		57
00001111011		57
11010011001		56
10101111000		56
01101110011		56
01101011001		56
11111110011		55
11011111111		55
10100110010		55
01111101010		55
01000011001		55
00100011001		55
00010011011		55
10110110010		54
01110000010		54
01110000000		54
01101011010		54
11011111100		53
11010011011		53
11000011000		53
01011111001		53
01110101000		52
01111110000		51
00111110010		51
00001110000		51
01110111100		50
11100011011		49
11001110000		49
11000111100		49
01001110000		49
00111111110		49
00110011011		49
00011111010		49
00000111001		49
11110101010		48
01111111001		48
01101111000		48
01010110001		48
11000011011		47
00100011000		47
00010111001		47
00000111010		47
00000110000		47
01110101001		46
01100111110		46
01001111011		46
11110111011		45
11110011111		45
11100011000		45
10110111010		45
00110111110		45
00100011010		45
11110111010		44
11101011010		44
11010111111		44
11000110000		44
01101011000		44
01010111000		44
00001111010		44
11001110010		43
01001111000		43
01000110001		43
00110011010		43
00000011011		43
11010011000		42
01101111001		42
01101110010		42
11110101000		41
01111011010		41
01110111110		41
01011111110		41
01010101000		41
00100110011		41
00010111010		41
11010011010		40
11000110011		40
10000011010		40
01111110010		40
01110101010		40
01100110001		40
00111111001		40
00000110011		40
11110110011		39
10010111000		39
01100101000		39
01100001000		39
11101111010		38
11101111000		38
01110011111		38
01110011001		38
01101111010		38
11010110011		37
10100011010		37
01111111100		37
01110101011		37
00100110001		37
00000011000		36
01100101010		35
01011111011		35
01010110011		35
00100111011		35
01111111111		34
01111110011		34
01110111001		34
01100111001		34
01000111110		34
00110110000		34
00100111010		34
00000110010		34
11110111110		33
10100111010		33
01110111111		33
01100011001		33
01011111000		33
11110111000		32
11100110011		32
11001111010		32
10100011000		32
01011011010		32
00010111011		32
11111110010		31
00111111000		31
11111111010		30
11110011011		30
11011011010		30
01100011000		30
01010011000		30
00110111000		30
11110111111		29
11110110000		29
11011010001		29
01100011011		29
01000100000		29
00010110011		29
00000111000		29
11011111011		28
01110110001		28
01010111110		28
01010110000		28
00110011001		28
11110011010		27
01110111000		27
01100110011		26
01011111010		26
01000110000		26
00010110000		26
11010110010		25
11000111010		25
01111101000		25
01000111000		25
01000011000		25
00110111001		25
00110110011		25
00100110010		25
00010111000		25
11111111011		24
11010111010		24
11000110010		24
01010110010		24
01000111011		24
11011111010		23
01111111110		23
01110011011		23
00100110000		23
00010011000		22
11110110010		21
11010110000		21
01100011110		21
00110011000		21
11101111011		20
11010111011		20
11000011010		20
10001010010		20
01001111010		20
00111111011		19
01111111010		18
01010011010		18
00111110100		18
00010110010		18
10001010011		17
01110110010		17
01100111011		17
11000111011		16
10010110100		15
00110110010		15
11100011010		14
01111111000		14
01110011000		14
01100111010		14
01000011010		14
11100110010		13
01100110000		13
01000110011		13
10101010000		12
01101111011		12
01100111000		11
11100111010		10
10110110111		10
01100110010		10
01000110010		10
01100011010		9
01010111011		9
11111010011		8
11110010011		8
11101110100		8
01110110000		8
01010011011		8
00110111011		8
10101110111		7
10001110101		7
01111111011		7
01110111010		7
01110110011		7
01000011011		7
11100110101		6
10000110100		6
01110011010		6
01101010011		6
01010111010		6
00111111010		6
00011110101		6
00011010010		6
00000010010		6
01111010011		5
01110111011		5
01011010001		5
00110111010		5
00000010011		5
11101010011		4
11011110101		4
11000010001		4
10111010001		4
10111010000		4
10011110111		4
10010010001		4
10001010001		4
10001010000		4
00111010000		4
11110010000		3
10011110101		3
10011010011		3
01001110111		3
00110010011		3
00100110100		3
00011010000		3
00001010011		3
11111010000		2
11110110101		2
11110010010		2
11101010010		2
11011010000		2
11010110111		2
11010110110		2
11010110100		2
11001010010		2
10111010011		2
10111010010		2
10110110110		2
10101010001		2
10011010010		2
10010110101		2
10010010011		2
10001110111		2
10001110100		2
10000110101		2
10000010011		2
01111010010		2
01110110100		2
01011010011		2
01011010010		2
01010110100		2
01000111010		2
00011010001		2
00010010000		2
00000110111		2
00000110100		2
11111110110		1
11111110101		1
11110110111		1
11110110100		1
11101110101		1
11100110111		1
11100010011		1
11011110111		1
11011010011		1
11011010010		1
11001010000		1
11000110100		1
11000010010		1
10111110111		1
10111110100		1
10110010011		1
10101110100		1
10101010011		1
10100110111		1
10100110101		1
10100010000		1
10011110100		1
10011010001		1
10011010000		1
10010010000		1
10000010010		1
01111010000		1
01110110111		1
01101110111		1
01101010001		1
01100010011		1
01011110101		1
01011010000		1
01010010001		1
01010010000		1
01001110101		1
01001010011		1
01000010011		1
00111110101		1
00111010011		1
00111010010		1
00110110111		1
00101110100		1
00100010001		1
00100010000		1
00011110100		1
00010110110		1
00010110101		1
00010110100		1
00010010011		1
00001110111		1
00001110101		1
00001010000		1
00000110110		1
