01010100111		475
01011111101		416
01000100111		379
01011110011		365
01010111101		365
01100100111		356
01010111111		356
01011111100		355
11010100111		353
01010100110		351
01110100111		333
01011100111		329
01001100111		328
01000111101		324
11010100101		309
01011111111		309
11011111101		305
11000100111		302
01011010111		297
01010110011		297
01000100110		295
01001111101		293
01001111111		292
11010111101		291
01101100111		288
01100111111		284
01111111101		282
01010100101		276
11001100111		273
01110111111		273
11111100111		271
11110100111		271
11000100110		268
01110111101		267
11110100110		266
11000111101		264
11110111111		263
01001110011		261
01000111111		261
01111100111		259
01011111011		254
11111111101		253
01010111100		253
01001111011		251
11110111101		250
01001111110		250
11010100110		249
11001111111		249
01011100011		247
01010000111		247
01010111011		245
11011100111		244
11000100101		242
11010111100		241
01001111100		239
10000111101		238
01111111100		238
01111100110		238
01110100101		238
11110100101		237
01111010111		236
01011100110		236
01011110001		233
11010100001		232
01010100011		232
11111100110		230
01010010111		229
01011110010		228
11011011111		227
01011000111		226
11111100011		223
01101111111		221
01001100110		221
11100100111		218
01110100110		218
01110100100		218
01011100101		218
01011011111		217
11001110001		216
01010111000		216
11110011101		215
11100111111		215
11010100011		215
01111100101		214
01011111110		214
01010111001		214
01000111011		214
11101100111		213
11010101111		213
10010100111		213
01110111110		213
01011011101		213
01100111011		212
11000100100		211
10010111101		211
01000111001		209
11111110001		208
11001111110		207
11001111101		207
11111111111		206
11011110011		205
01101110011		205
01001110001		205
11101111101		204
01101100110		204
01000111100		204
10010111111		203
11001110011		202
01111110001		202
01010110001		202
01110111001		201
11110111001		200
11010111111		200
01111111111		200
01010100100		200
11000111111		199
11110100100		198
11000111000		198
01110111100		198
11011100011		197
11010011101		197
01100111101		197
01100100110		197
01001100011		196
11111111100		195
01011110000		195
11011011101		194
11010100100		193
11001011101		193
11001010111		193
10001111111		193
11110111100		192
11110111011		192
11011011011		192
01000111110		192
11011111100		191
11111011101		190
11000110011		190
01111110011		190
01010111110		190
11111100101		188
11010010111		188
01011100010		188
01000100101		188
11111010111		187
11101110001		187
11001111100		187
11001011111		187
01111010110		187
01110111011		187
01000110001		187
01011111010		186
01010011111		186
01000011111		186
01000000111		186
11010111011		185
01101111110		185
11000010111		184
11000010101		184
10000100111		184
01001011101		184
11011010111		183
01011111001		183
11011111111		181
01100111100		181
11011100110		180
11011100101		180
10010111100		180
01111111110		180
01001111001		180
11100100100		179
11010110011		178
11000111100		177
11000011111		177
10110100111		177
01101111101		177
11001100010		176
10100100111		176
01001110010		175
11111011110		174
11110010111		174
11110000110		174
10111100111		174
11101110011		173
11010011100		173
11001101011		173
11001101001		173
11000111001		172
11000000111		172
11011110001		171
11001011011		171
10011111101		171
11100111011		170
10111111101		170
01111110000		170
01011100100		170
01011010110		170
11010011111		169
01111111001		169
01110010111		169
01000010111		169
11110000111		168
11101111111		168
11010111110		168
11001110000		168
10010000111		168
01110000111		168
01100000111		168
01010111010		168
01010000110		168
01001010111		168
01000100100		168
11000011101		167
11110110001		166
11000100011		166
10001111101		166
01010010101		166
11101111100		165
10110111111		165
01111000111		165
01110111010		165
11100100101		164
01111101111		163
01010110010		163
01010100001		163
11111111011		162
11111011100		162
11100100110		162
11001111001		162
01001100100		162
01001011111		162
11100000111		161
01010011101		161
11000000110		160
10100111111		160
01001100101		160
11010101101		159
11000100001		159
10001111100		159
10001100111		159
01111011011		159
00000100100		159
11011110010		158
11011100100		158
11010111001		158
11000111011		158
10001110011		158
01100100101		158
01100010111		158
11100100011		157
10001011111		157
01111011111		156
11110011110		155
11110010101		155
11011100010		155
11001100011		155
11001000111		155
01101111011		155
01101110010		155
01000110011		155
01000000110		155
11101110000		154
11101100110		154
11101011111		154
11101010111		154
11010100000		154
11000111110		154
10010100110		154
10001011011		154
10000011101		154
01101111100		154
01100111001		154
01000111000		154
11110011100		153
11101011101		153
11000110001		153
01111011101		153
01011111000		153
01001100010		153
11010010101		152
11001100100		152
11001100001		152
10111011101		152
01110000110		152
01100111110		152
01001110000		152
01000111010		152
00010100100		152
11011100001		151
11010000111		151
10011100111		151
10011010111		151
11101100101		150
11010111000		150
11010110001		150
11010000101		150
10100111101		150
10100010111		150
10000111111		150
11110101111		149
11100010101		149
10011110011		149
01110101111		149
11110010110		148
11100111000		148
11001100101		148
01101111010		148
01011010101		148
11100111110		147
10000100110		147
01101010111		147
11111011011		146
11111000111		146
11110111110		146
11101110010		146
11100111100		146
11001010101		146
10111111111		146
10110011101		146
01011000110		146
01000011101		146
11111000101		145
11110111010		145
11100011111		145
11100010110		145
11000011110		145
10110100110		145
01011101111		145
11111110011		144
11111101011		144
11101010100		144
11100111101		144
11011111110		144
11011000111		144
10010011111		144
10010011101		144
01111111011		144
01001100000		144
11111011001		143
10000111100		143
11110110010		142
11101010101		142
11100110011		142
11001110010		142
10101100111		142
10001111110		142
01011011100		142
11000101111		141
10011111100		141
10000000111		141
01011000000		141
01001111010		141
10111110001		140
10011110010		140
10011011100		140
10011011001		140
01001011000		140
11111010100		139
11110101101		139
11101000101		139
11100000110		139
10101111111		139
10010111011		139
10001100110		139
01010010110		139
00011111101		139
11111101111		138
11101100011		138
11100101101		138
11001111011		138
10010010111		138
10000010101		138
01111100100		138
01001101111		138
11100010111		137
11011011001		137
11001011110		137
10011111111		137
01110010110		137
11100110000		136
10001010111		136
10000010111		136
01101111001		136
11111111000		135
11010010100		135
11000101011		135
11000011100		135
10111011111		135
10110111100		135
10010010101		135
01110110011		135
01100110011		135
01011100001		135
01010011110		135
11010111010		134
10010111110		134
10010100101		134
01111100011		134
01110111000		134
01101100011		134
01100100100		134
01011011000		134
01010101101		134
01000000101		134
11001000011		133
01011011001		133
01010101111		133
01010010100		133
10001011101		132
01101110001		132
01101100100		132
11111100010		131
11101111110		131
11101111011		131
11101011011		131
11100111001		131
11011011100		131
11011000101		131
11000101101		131
11000010110		131
10111000111		131
10101111100		131
01111110010		131
01111011001		131
01101011011		131
01001011001		131
01001010110		131
11111110010		130
11111010110		130
11101101111		130
11101100001		130
11010000110		130
11001100110		130
11001000110		130
11000011011		130
10110111101		130
10101110011		130
10101100110		130
01010100010		130
01000100011		130
01000011110		130
11110100001		129
10111010111		129
10110011111		129
10011011101		129
10000100101		129
01101110000		129
01011011011		129
00000111011		129
11110100000		128
11011111011		128
10011100110		128
01101010110		128
01100101111		128
01010110000		128
00101100010		128
00011111111		128
11100110001		127
11100011110		127
11011111010		127
11011101011		127
11011010110		127
11010110000		127
01110011110		127
01101101111		127
01100111000		127
11111110000		126
11111100100		126
11110011111		126
11100011100		126
11010011011		126
11001111000		126
11001010100		126
10000011111		126
00010100011		126
11111111010		125
11001101000		125
10011011011		125
01010011100		125
01000110010		125
11111111110		124
11111011111		124
11011101111		124
10100111001		124
10100100110		124
01001000011		124
01000101111		124
00100100111		124
11110100011		123
11100011101		123
11001111010		123
11001011100		123
10100111100		123
10001110010		123
10001010101		123
10000010110		123
01110100011		123
01011100000		123
11101100100		122
10111111001		122
10101110001		122
10101010111		122
10011111110		122
10010100100		122
01011000001		122
00010111111		122
00001100001		122
11111000110		121
11110000101		121
11011000011		121
11001011001		121
11001011000		121
10001011001		121
01111010101		121
01110011101		121
01011101001		121
01001011100		121
01001000001		121
11111101100		120
11001000010		120
11000101001		120
10101011111		120
10011010100		120
10010110011		120
01000011100		120
00111100111		120
00010100111		120
00000100111		120
11110111000		119
11010011010		119
11001000100		119
11000111010		119
11000110010		119
10110100100		119
10110011100		119
10100111011		119
10001011100		119
10000111011		119
10000111001		119
01011011010		119
11111101010		118
11111011010		118
11110110011		118
11101011001		118
10111110010		118
10011010110		118
10001111011		118
01110110001		118
01110011100		118
01011101011		118
01011010100		118
01001100001		118
11111100000		117
11010011110		117
11001101101		117
11001010110		117
11000000100		117
10110100101		117
10101011100		117
10101011011		117
10001110001		117
01011000101		117
01001010101		117
00010111101		117
00001100011		117
00000100010		117
11110100010		116
11010110010		116
10010110010		116
10010011100		116
01111011110		116
01110101101		116
01011101110		116
01011101101		116
01011011110		116
01001011110		116
01001000110		116
11110010100		115
11010010110		115
10110111110		115
10000111110		115
01111000110		115
01100100001		115
01010011001		115
01000100001		115
11111010101		114
11110101100		114
11011111001		114
11010011000		114
10101010100		114
10100010110		114
10000011100		114
10000011011		114
01110110000		114
01110011111		114
01001000111		114
01000110000		114
01000010110		114
00111111111		114
00000101101		114
11111100001		113
11101011000		113
10111011011		113
10110111011		113
10101111101		113
10100010101		113
10011010101		113
01111111010		113
01111011100		113
01011000010		113
00101100100		113
00101100011		113
11111011000		112
11100101111		112
11000011001		112
10110000111		112
10010011001		112
01111111000		112
01110110010		112
01100010110		112
00110100111		112
11011010101		111
11001000101		111
11001000001		111
10111010101		111
10011011010		111
01100011100		111
01001011011		111
11110011011		110
11101011110		110
11010101011		110
10111111100		110
10110110011		110
10010010110		110
01010101011		110
01000001011		110
00101100111		110
00000011111		110
11110101110		109
11100000101		109
11001101100		109
10101111110		109
10010010100		109
10001010110		109
10000110011		109
10000011110		109
01101111000		109
01101100000		109
01000101101		109
00011100011		109
11100011000		108
11011101001		108
11011011000		108
11000010100		108
10100011111		108
01110100001		108
11101111010		107
11101000111		107
11100101100		107
11011110000		107
11010101100		107
11010000100		107
11000110000		107
10011011110		107
01101011111		107
01100110001		107
01010100000		107
01001111000		107
11101100000		106
11011100000		106
11011011010		106
11001101010		106
10101110010		106
10101011001		106
10011000111		106
10001100011		106
10001011110		106
10000100100		106
10000010100		106
10000000110		106
01101000111		106
01101000011		106
01010000101		106
00010100000		106
11111111001		105
11111000001		105
11110000011		105
11011010100		105
11010101001		105
10111011010		105
10101011101		105
10011100100		105
10010011110		105
10001011000		105
10000101111		105
01100011111		105
01100010101		105
00100111101		105
00001111101		105
00001100000		105
11011101100		104
11001101111		104
10110010101		104
10101010101		104
10011111011		104
10011110001		104
10011011111		104
01111101011		104
01111101001		104
01100101101		104
01010101100		104
01001101101		104
01000010100		104
00111010111		104
00100100110		104
00011011001		104
00011010111		104
00010000111		104
00001010111		104
11101011100		103
11100000001		103
11011000001		103
11010011001		103
11001101110		103
11000101100		103
10111110000		103
10110101101		103
10100011101		103
10001111000		103
01111100001		103
01111011010		103
01110010101		103
01001000010		103
00100111111		103
11111000011		102
11101010110		102
11011101101		102
11011101000		102
10100011110		102
01111011000		102
01101100101		102
01011101100		102
01001101001		102
00100101111		102
00001100010		102
00000100110		102
11111101101		101
11101000000		101
10110111000		101
10011011000		101
01111010100		101
01100111010		101
01010101110		101
01010011011		101
00011011111		101
00010100101		101
00010011101		101
11101000001		100
11100101110		100
11010101110		100
10111111110		100
10111100110		100
10111011110		100
10101110000		100
10100101101		100
10010011011		100
10001000111		100
01111000001		100
01101101001		100
01101010100		100
01100010100		100
01011101000		100
01000100010		100
01000011001		100
00000100101		100
00000000111		100
11101101101		99
10111111000		99
10110010111		99
10100101111		99
10100000111		99
01000000100		99
00011100001		99
00000010111		99
11101100010		98
11011111000		98
11000100010		98
10111011001		98
10110000110		98
10100111110		98
10100100100		98
10011101100		98
01101100010		98
01100100011		98
00101111101		98
00001011000		98
11011000000		97
11001011010		97
10111100101		97
10100100101		97
10011100011		97
10010111010		97
01110101011		97
01001101011		97
01001010100		97
00111110011		97
00101100001		97
00100100100		97
00011011101		97
00011000000		97
00000011101		97
11110101011		96
11011011110		96
11000011000		96
11000000101		96
10111111010		96
10111110011		96
10111101101		96
10110111001		96
10110010110		96
10011110000		96
10011101101		96
10011100010		96
10010101111		96
10000111010		96
01111100000		96
01110100010		96
01100011101		96
00111100100		96
00110111111		96
00110100001		96
00011111100		96
00011100010		96
00010010111		96
11100011011		95
11000101010		95
10010000110		95
10001101111		95
10001101110		95
10001100101		95
10001011010		95
10001010100		95
10000111000		95
01111100010		95
01111000010		95
01100000110		95
01010000011		95
00111111101		95
00111100011		95
00011100000		95
00001100101		95
11000100000		94
11000001011		94
10111111011		94
01010001011		94
00101111111		94
00001111111		94
11110001111		93
11101111001		93
10111100100		93
10110101111		93
10010111001		93
10010101110		93
10001100010		93
01010101001		93
01010000100		93
00011110011		93
00000101010		93
00000010101		93
11100100010		92
11000000011		92
10111010110		92
10000101101		92
10000100010		92
01101010101		92
00111011001		92
11111001011		91
11101101010		91
11100010100		91
11010000001		91
01110101110		91
01011001111		91
01010001111		91
01001101110		91
01001011010		91
00110101101		91
00100100101		91
00011111110		91
00001011100		91
10101000111		90
10100110011		90
10001111001		90
01100101100		90
01001000100		90
00111111100		90
00111110001		90
00111000011		90
00110111101		90
00110010111		90
00110000111		90
00011010100		90
11100101011		89
11000001111		89
10101111011		89
10101100101		89
10011111010		89
10011100101		89
10010011010		89
10000011001		89
01111101110		89
01111000101		89
01110000011		89
01101100001		89
01010001101		89
01001101000		89
01000010101		89
00111100110		89
00101100110		89
00101011101		89
00000111111		89
00000100000		89
11111000100		88
11101111000		88
11101101110		88
11100011001		88
11001100000		88
10111010100		88
10101011110		88
10011101111		88
10010101101		88
01111101101		88
01111000011		88
01111000000		88
01101101011		88
01101011110		88
01101011001		88
01010101010		88
01010000000		88
01000101011		88
00111011101		88
00110101111		88
00010101110		88
00001110011		88
11111101110		87
11111000000		87
11110011010		87
11101000110		87
11100111010		87
11011001111		87
11010100010		87
10001100001		87
01101011100		87
01101000000		87
01011000100		87
01011000011		87
00111000111		87
00101010111		87
00011100111		87
00010000011		87
00001011101		87
00000101011		87
11010001001		86
10111101111		86
10100011100		86
01111000100		86
01001001101		86
01001000000		86
00111100001		86
00110000101		86
00100111011		86
00010111100		86
00010100110		86
00001111110		86
11110011001		85
11001001111		85
10101010110		85
10010110000		85
10001111010		85
10001110000		85
01110000100		85
01101000010		85
01011001011		85
01001000101		85
00111000110		85
00101110011		85
00011000011		85
00011000010		85
00001001000		85
00000100001		85
11110110000		84
11100100001		84
11100000100		84
11010101000		84
11010001011		84
11001001010		84
10100010100		84
10010111000		84
10001000010		84
01110011011		84
01101011101		84
01100101110		84
00111010100		84
00101000111		84
00101000011		84
00100100001		84
00011011010		84
11011000110		83
11011000010		83
10111100011		83
10100100011		83
10010100011		83
10000011010		83
01110000001		83
01101000100		83
01000100000		83
00111000101		83
00001011011		83
11000001101		82
10111000110		82
10110110001		82
10110011110		82
10101111010		82
10001101011		82
01110101100		82
01110001111		82
01110001100		82
01100000101		82
01011001101		82
01000001101		82
00111111110		82
00111101011		82
00100000111		82
00011000100		82
00010100001		82
11101101011		81
11011001101		81
11001000000		81
11000101110		81
10001101101		81
10001100100		81
01110100000		81
01100011110		81
01010001010		81
01010000010		81
01001101010		81
01000101100		81
00110100110		81
00001100111		81
00000111101		81
00000100011		81
00000000101		81
00000000011		81
11111101000		80
11111000010		80
11110101001		80
11101000100		80
10111101100		80
10100111000		80
01100110000		80
01011101010		80
01010011000		80
01001101100		80
00111000000		80
00110100101		80
00110100011		80
00101101101		80
00101100000		80
00101011011		80
00101000101		80
00100111100		80
00100100011		80
00010011100		80
00001110010		80
00000001011		80
11111001101		79
11000000001		79
10101101111		79
10101100100		79
10101011000		79
10010110001		79
10010100001		79
01101101110		79
00110100100		79
00010110011		79
00010101010		79
00010010101		79
11110000100		78
11101101000		78
11100101000		78
11100100000		78
11011000100		78
11000011010		78
11000000010		78
10110101100		78
01111001101		78
01111001100		78
01100110010		78
01001001000		78
01000101110		78
01000000010		78
00101111100		78
00101101011		78
00100111001		78
00011100110		78
00011000111		78
00010111011		78
00010101100		78
00010000110		78
00001101011		78
11011001011		77
11000001010		77
10110110010		77
10010101100		77
10000001111		77
01110000101		77
01101000110		77
01100101011		77
01100100000		77
01100000001		77
01011001100		77
01001001111		77
01000000011		77
00111110000		77
00111000010		77
00011011100		77
00010101111		77
00001011111		77
00000001101		77
11110001110		76
11101001010		76
11011101010		76
10110101110		76
10101011010		76
10100100001		76
10011001111		76
10011000110		76
10001101001		76
10001000001		76
10000110001		76
01110010100		76
01100001011		76
00111011100		76
00110010110		76
00101000010		76
00101000001		76
00011101011		76
00010001011		76
00001101100		76
00000111010		76
11110101010		75
11101000011		75
11010000011		75
11001001011		75
10100110001		75
10011000001		75
10010011000		75
01111001111		75
01110101010		75
00111100101		75
00111011011		75
00110111100		75
00101011001		75
00100101110		75
00010111110		75
00010011111		75
00010010100		75
00001110000		75
00001011001		75
00001001001		75
00001000111		75
00000011100		75
00000010100		75
10110111010		74
10100000110		74
01111101000		74
01101011000		74
01101000101		74
01010101000		74
01000101001		74
01000001111		74
00111010101		74
00101100101		74
00100101100		74
00011101000		74
00011001100		74
00011001011		74
00010101011		74
00001000011		74
11101000010		73
10110010100		73
10000101110		73
01101001000		73
01100101001		73
01001001100		73
00101111010		73
00101101111		73
00101101000		73
00101011100		73
00011110000		73
00010011010		73
00010010110		73
00001111100		73
00001100110		73
00001000010		73
00000111100		73
11100001111		72
11011101110		72
11010101010		72
11001001101		72
10111100001		72
10100011011		72
10001000110		72
01110011001		72
01101101101		72
01101001010		72
01101000001		72
01100001111		72
01011001001		72
01011001000		72
01010011010		72
01000101000		72
00111100010		72
00110000100		72
00101001111		72
00100011100		72
00011111001		72
00000101111		72
00000011110		72
11100110010		71
10110110000		71
10110100001		71
10110001111		71
10011111001		71
01110101000		71
01100011011		71
01100000000		71
01010000001		71
01001001011		71
01000011011		71
00111101111		71
00110011100		71
00101000100		71
00100111110		71
00011010101		71
00011000001		71
00001011110		71
00001001100		71
11110000001		70
11101001111		70
11010001101		70
11010000010		70
10111000101		70
10110011001		70
10000110000		70
01110001101		70
01101101000		70
01101001011		70
01010001000		70
00111011111		70
00011100101		70
00011000101		70
00010000101		70
00001110001		70
00001101000		70
00001001101		70
00000111110		70
00000011000		70
11111101001		69
11011001110		69
11010001111		69
11010000000		69
11000001001		69
10110100011		69
10101100011		69
10100111010		69
10001001111		69
10000101100		69
01111101010		69
01101011010		69
01100011001		69
01100001110		69
00110001110		69
00100101000		69
00100011110		69
00100010101		69
00011010110		69
00000111001		69
00000101001		69
00000001001		69
00000000110		69
11101101001		68
10111011100		68
10110011011		68
10101100010		68
10101100001		68
10100110000		68
10011100000		68
10000001101		68
01110101001		68
01110001011		68
01101101100		68
01011001010		68
01001001001		68
01000011010		68
01000011000		68
00111101101		68
00111001101		68
00110111011		68
00110101110		68
00001101010		68
00000101100		68
00000011010		68
11111001111		67
11110101000		67
11110001010		67
11100101001		67
10101000110		67
10011100001		67
10011000101		67
10001000100		67
01000001100		67
00111101000		67
00111001100		67
00101011010		67
00101001100		67
00100011111		67
00010111000		67
00010011110		67
00001111000		67
00001101101		67
00001101001		67
00001010101		67
00001010100		67
00000101000		67
00000011001		67
11100011010		66
10110011000		66
10100110010		66
10011111000		66
10010000011		66
10001100000		66
10000110010		66
00111000001		66
00100100000		66
00100001110		66
00100000001		66
00001111010		66
00001000000		66
11110000010		65
11101101100		65
10111000001		65
10110100000		65
10101000101		65
10011101110		65
10010001011		65
01111001011		65
01101001101		65
01000101010		65
01000001110		65
00110001101		65
00101110010		65
00101000000		65
00011101100		65
00010100010		65
11100001011		64
11000001000		64
10111001110		64
10110000100		64
10110000011		64
10101111000		64
10100101110		64
10011101011		64
10010001111		64
10001000011		64
01111001110		64
01101101010		64
01100101010		64
01000001010		64
00110100010		64
00110100000		64
00110011011		64
00110000110		64
00101101001		64
00100111010		64
00100010111		64
00011101110		64
00011000110		64
00010111001		64
00010110000		64
00001001010		64
00000110011		64
00000110010		64
00000001010		64
11110011000		63
11110001100		63
11000001110		63
10011000000		63
10010100000		63
10001101100		63
10001001100		63
10000011000		63
01101001111		63
01100001100		63
01011001110		63
01010001001		63
01001001010		63
01000000000		63
00110011111		63
00101111110		63
00101001101		63
00100100010		63
00100010100		63
00100000100		63
00011111011		63
00011011011		63
00010111010		63
00001100100		63
11110001011		62
11011001001		62
11001001001		62
10110100010		62
10100100000		62
10000101001		62
10000100011		62
10000000101		62
00110111110		62
00110011101		62
00101110000		62
00010110010		62
00010110001		62
00010001101		62
00010001010		62
00010001000		62
00001001011		62
00001000101		62
00000101110		62
11101011010		61
11101001110		61
10110011010		61
10010000101		61
10001101010		61
10000100001		61
01110001110		61
01110000010		61
00101101010		61
00101011110		61
00100101101		61
00011111010		61
00011101111		61
00011101101		61
00011100100		61
00010101101		61
00010011001		61
00001000001		61
11111001110		60
11100001100		60
11001001000		60
10111101110		60
10111000011		60
10110000101		60
10101101101		60
10101101000		60
10010000100		60
01100100010		60
00111111011		60
00111011000		60
00110001111		60
00100010110		60
00011111000		60
00011011000		60
00011001001		60
00001101111		60
00000110001		60
00000001100		60
00000001000		60
11110001001		59
11100101010		59
10111011000		59
10111001111		59
10100100010		59
10011000100		59
10011000011		59
10010001100		59
10010000010		59
01010001100		59
00111100000		59
00110101010		59
00101111011		59
00101111000		59
00101110001		59
00101010101		59
00101001011		59
00100000110		59
00010001001		59
00001011010		59
11110001101		58
11000101000		58
10101111001		58
10101101110		58
10010100010		58
10000100000		58
01110011000		58
01100000100		58
01001001110		58
00101111001		58
00101001001		58
00000110000		58
11100001110		57
11010001100		57
11001001110		57
11000001100		57
10111101011		57
10111100010		57
10101001100		57
01111001010		57
01100011010		57
00110011001		57
00101011000		57
00100101001		57
00100001111		57
00100000101		57
00010011000		57
00010001110		57
00010000100		57
00010000010		57
00001001111		57
11110000000		56
11010001010		56
10101000100		56
01111101100		56
01111001001		56
01100000010		56
00111110010		56
00111001001		56
00110001011		56
00100110001		56
00011110001		56
00001000110		56
00001000100		56
00000000000		56
11101001101		55
11101001011		55
10001101000		55
10000101000		55
01100001101		55
01010001110		55
00110110011		55
00110110000		55
00110101100		55
00100110010		55
00100101011		55
00100101010		55
00100011011		55
00011101010		55
00011011110		55
00011001101		55
00010011011		55
00000111000		55
00000000100		55
11111001100		54
11111001001		54
11100000011		54
11100000010		54
10101000001		54
10001001101		54
10000000010		54
01100011000		54
00111111010		54
00110011110		54
00101101110		54
00011110010		54
00000001111		54
11100001101		53
11100001001		53
11100000000		53
11011001000		53
10101001111		53
10100011001		53
10100000101		53
10011000010		53
10001001000		53
10000001000		53
00111101100		53
00111010110		53
00110101011		53
00110000011		53
00100110011		53
00011101001		53
00011001010		53
00010001100		53
00001111001		53
11110001000		52
10110001110		52
10101100000		52
10101000011		52
10000101011		52
10000001001		52
01101001001		52
00110000010		52
00101010110		52
00100111000		52
00010101000		52
00001010110		52
11101001100		51
10111101000		51
10111001101		51
10111000100		51
10110101011		51
10110001101		51
10100001111		51
10001000101		51
01101001100		51
01000001001		51
00111001011		51
00100000011		51
00010001111		51
00001111011		51
00000001110		51
11010001110		50
11010001000		50
11001001100		50
01110001001		50
01000000001		50
00110010101		50
00110001001		50
00100011001		50
00100001010		50
00000010110		50
10111100000		49
10100001110		49
10001001011		49
10000001011		49
01100001010		49
00111101010		49
00100001011		49
00010101001		49
00010000000		49
11101001001		48
11000000000		48
10111101001		48
10100001100		48
10011101001		48
10010001101		48
10000001110		48
01101001110		48
00111111001		48
00111011010		48
00110001100		48
00110001000		48
00101001010		48
00101000110		48
00100011101		48
00000000010		48
11111001010		47
11100001010		47
10110000010		47
10010101001		47
10010000000		47
10001001110		47
01100001001		47
00111001111		47
00110011010		47
00110010100		47
00110000001		47
00001101110		47
00001001110		47
10110000001		46
10100101010		46
10001000000		46
10000001100		46
01111001000		46
01100101000		46
00111001110		46
00110011000		46
00101101100		46
00100011010		46
11011001100		45
10101101011		45
10100101000		45
10010001110		45
10000000100		45
01110000000		45
00111101110		45
00111000100		45
00110111001		45
00110110001		45
00101011111		45
00100001101		45
11101001000		44
11100001000		44
10110001100		44
10101101100		44
10101101001		44
10011001101		44
10000000011		44
01100001000		44
00111011110		44
00110111000		44
00110001010		44
10101001110		43
10100101001		43
10010001000		43
01110011010		43
01110001000		43
01000001000		43
00111111000		43
00110110010		43
11011001010		42
10111101010		42
10110001011		42
10010101010		42
00111001000		42
00100000010		42
00011001000		42
00000000001		42
11111001000		41
10111001100		41
10100101011		41
10011001000		41
10001001001		41
10000000000		41
00101001110		41
00101001000		41
00010000001		41
10110000000		40
10101000010		40
10011001100		40
10000101010		40
01100000011		40
00110111010		40
00110101000		40
00101010100		40
00100011000		40
00100001100		40
00011001111		40
10111000000		39
10110101010		39
10110101001		39
10101001101		39
10100000100		39
10100000010		39
10011101000		39
00111101001		39
00011001110		39
10111000010		38
10100011010		38
10100001010		38
10100001000		38
10011001011		38
10011001010		38
10010101011		38
10010000001		38
00100001000		38
10111001011		37
10100101100		37
10100001101		37
10011001110		37
10011001001		37
00100110000		37
00100001001		37
00100000000		37
10111001010		36
10011101010		36
10000001010		36
00110101001		36
10100000001		35
10010001001		35
00000011011		35
10110001010		34
10110001000		34
10101001001		34
10100001001		34
10010001010		34
01110001010		34
00110000000		34
10101101010		33
10001001010		33
10110101000		32
10110001001		32
10101001011		32
10100011000		32
10100001011		32
00111001010		32
10101001000		31
10101000000		31
11011010001		30
10101001010		30
10000000001		30
10010101000		29
10111001000		28
10100000011		28
10111001001		27
01001110111		21
10100000000		19
11001010010		11
10010010001		11
11111010011		9
11001010011		8
10110010000		8
10001110101		7
01110110100		7
01100010001		7
01011110110		7
01001010011		7
01001010010		7
10100010000		6
01101010011		6
01001110110		6
00011010000		6
11111010001		5
11110110101		5
11110010000		5
11101110100		5
11101010011		5
11100110101		5
11100010001		5
11011010000		5
11001110111		5
10111010011		5
10011110111		5
10001010000		5
10000110100		5
01111010010		5
01100010010		5
00111110100		5
00110010011		5
00101010010		5
00001010011		5
11100010000		4
11011110101		4
11001110100		4
10111010000		4
01100110101		4
00100010011		4
00100010000		4
00010110101		4
11111010000		3
11110110110		3
11110110100		3
11110010011		3
11101010001		3
11011110111		3
11010110110		3
11010110100		3
11010010000		3
11001010000		3
11000110110		3
11000010001		3
11000010000		3
10101110111		3
10011010000		3
10001110111		3
10000110101		3
01111010011		3
01110110111		3
01100010011		3
01011010001		3
01010110101		3
01001110101		3
01000110111		3
01000110110		3
01000010010		3
01000010001		3
00110110111		3
00000010010		3
00000010000		3
11111110111		2
11110110111		2
11110010001		2
11101010010		2
11101010000		2
11011010010		2
11010010010		2
11001110101		2
11000110111		2
11000110101		2
11000010011		2
10111010010		2
10111010001		2
10101010000		2
10100110100		2
10011110110		2
10010110110		2
10000110111		2
01111110111		2
01111110100		2
01110010011		2
01110010010		2
01110010000		2
01101010010		2
01101010000		2
01100110100		2
01011110111		2
01010010001		2
01001010001		2
01000110100		2
01000010011		2
00101110110		2
00101010011		2
00100010001		2
00011110101		2
00011010011		2
00011010010		2
00010010010		2
00010010001		2
00000110110		2
00000010001		2
11111110100		1
11111010010		1
11110010010		1
11101110111		1
11100110111		1
11100010011		1
11011110110		1
11011010011		1
11010110101		1
11010010011		1
11001110110		1
11001010001		1
11000110100		1
11000010010		1
10111110111		1
10111110100		1
10110110111		1
10110110110		1
10110110101		1
10110110100		1
10110010001		1
10101110110		1
10101110100		1
10101010011		1
10101010010		1
10100110101		1
10100010010		1
10100010001		1
10011110100		1
10011010011		1
10011010010		1
10011010001		1
10010110101		1
10010110100		1
10010010011		1
10010010010		1
10010010000		1
10001110100		1
10001010011		1
10001010010		1
10001010001		1
10000110110		1
10000010011		1
10000010010		1
01111010001		1
01111010000		1
01110010001		1
01101110111		1
01101110101		1
01101110100		1
01011110101		1
01011010011		1
01011010010		1
01011010000		1
01010110111		1
01010110100		1
01010010011		1
00111110101		1
00111010011		1
00111010000		1
00110010010		1
00110010001		1
00110010000		1
00101110100		1
00101010001		1
00101010000		1
00100110100		1
00100010010		1
00011110111		1
00011010001		1
00010110100		1
00010010000		1
00001010010		1
00000110100		1
