01010110000		832
11111011100		665
01001011101		662
00010011010		660
00000001011		656
01010000111		629
00000111011		575
01110000111		568
00000001000		556
11011011111		554
00011011111		540
00000001010		521
00110101110		517
10000011000		504
01000011110		500
01010011110		497
11011011011		493
01001001100		492
01110101001		490
00100011101		487
00000011000		480
00100011100		479
01000100100		473
01000111100		471
00000111001		465
11001011011		464
01011100100		460
11110011110		457
01010100000		456
01011111100		455
00111100000		449
10000011101		447
01111111101		441
01011111101		438
01010110001		436
11001010110		435
01000011111		435
10001111111		431
01000001010		430
01010001111		429
00000010111		429
11111011101		425
10010100111		424
01010100010		424
01000001011		423
01011000000		422
00000100100		422
00001011011		420
00011011100		417
00111110011		416
01101101110		415
11000000011		412
10110011101		410
01011011110		409
11010000110		398
11001011010		398
01001110011		397
01011011111		396
00111011111		396
11001011110		393
10110100011		393
11000000100		390
11000011010		389
10000011010		389
10000000110		385
01011001100		385
01011100000		384
01011000001		381
01110011100		378
01100100111		378
01000100000		378
01011001110		376
00000100000		375
11010100101		374
11010000100		374
11000111001		373
01011000010		373
01000001111		373
11001000000		371
01101010110		369
00110011110		369
00011011001		369
01000001000		367
00111111110		367
00001001010		366
00110000011		362
00110000101		361
01110111100		360
00000111010		360
00000100001		358
11110111101		355
01010011111		354
11111010110		353
10100101011		353
11000100110		351
01000000100		351
00110001100		351
00011011101		351
00010010111		350
11101111101		349
01111011100		349
01011100011		349
01010110010		349
10111011111		348
11000011111		347
01110011110		346
00111011110		346
01110100011		345
10011111111		343
01110001011		343
01011110010		343
01011110011		340
10111111110		339
00010000101		339
00000001101		339
11011000010		338
01010111111		338
11010011100		337
01111111100		335
11011001100		334
10001001100		334
01000100101		334
00000101101		334
11001100010		333
00011010110		333
11111011110		332
10100000001		332
01011100101		332
01000011010		332
11111111100		331
01111111110		331
00111011100		330
01010100111		329
11010011111		328
10010000111		328
01010010110		328
01001100000		327
00110011100		327
10000111101		326
00110001101		326
00001110011		326
11100011111		325
00110000100		325
11001000001		324
01010101100		324
11010011101		321
01011001111		321
01001001111		321
11010100111		320
11100110011		319
01111011101		319
00000011010		319
11010000011		318
01000011101		317
00011010111		317
01011010111		316
00111000000		316
11011111111		315
10110100001		315
10001111100		315
01001100110		315
01110010110		314
01001011110		314
11101100101		312
10001001101		312
10001000100		312
00100111101		312
10101100001		311
00010000111		311
11110110001		309
01010011100		309
01001100111		309
00010000011		309
11011101001		308
10110100000		308
01100111111		307
00101011101		307
11110001100		306
10000001100		306
00011010100		306
11011110011		305
01010001100		305
01100111011		304
00011000100		303
10001111110		302
01011100110		302
00001100001		302
00100001100		301
01000111101		300
01000100111		300
01101100110		299
01000010111		299
00101010110		299
00001110010		299
11000011110		298
10011100110		298
10001101011		298
00011011011		298
10100011100		297
01110111111		296
01110010111		296
01101101011		296
01010000100		295
00101001111		295
00001001101		295
11100011101		294
11011010111		294
10000100010		294
01001011100		294
00011011000		294
00000101010		294
10110100110		293
10010011111		292
01010000001		292
10010111111		291
01101110000		290
01010101101		290
11110100110		289
10011111100		289
01010010100		289
00110111010		289
00101011110		289
00000110000		289
10111011101		288
10011011110		288
11100011110		286
01011000100		286
01010100001		285
10001100010		284
01011011001		284
01001111110		284
11101100000		283
10011010110		283
01111010110		283
00110010110		283
00101100111		283
00011010101		283
11000111101		282
10010100001		282
01110100111		282
00000010101		282
01000011100		281
11001101100		280
10001001010		280
01100010101		280
00010110000		280
11110011101		279
01011011100		279
00110100101		279
00100111100		279
00100011110		279
00011011110		279
10100111001		278
10011100100		278
00001111000		278
10100011110		277
10000111100		277
01110100100		277
01000101101		277
00101000011		277
10000001011		276
01100001000		276
10111111111		275
10011100001		275
10011001111		274
01011011000		274
01001110001		274
11000111100		273
01100000111		273
01001001101		273
00011000010		273
01110001100		272
01001111101		272
10110100010		271
10000011111		271
00011110000		271
10101110001		270
10001000010		270
00111001000		270
00100001110		270
00011011010		270
00000001001		270
11101011111		269
11010100000		269
10001110011		269
01010110011		269
01010000000		269
01000010110		269
11111110000		268
11101011011		268
11000111010		268
01010010111		268
01000111111		268
11110011111		267
10011110011		267
00000111000		267
10011111010		266
01011100010		266
00111110001		266
10110011110		265
11111111010		264
11110111010		264
01111001010		264
01010011101		263
01000101110		263
00001000011		263
11010101101		262
10100111100		262
10000111011		262
01111111010		262
01001111011		262
01001110010		262
00000011111		262
11111111111		261
11101100110		261
10110011111		261
10011100101		261
10010100110		261
01110100010		261
01101011011		261
01010100100		261
10001101010		260
01111011110		260
01010000110		259
01001100100		259
00101111100		259
00101000001		259
11000000110		258
10100011101		258
00000001111		258
10100111101		257
10000100110		257
01111100101		257
01110011011		257
00010011110		257
00001110001		257
00000110001		257
11111100110		256
11000100111		256
10101100111		256
01110011000		256
00101011111		256
00000100011		256
10101100011		255
10000100100		255
01011111000		255
00000111100		255
11100100000		254
10000010111		254
01111011011		254
00100011111		254
11110010101		253
01101111111		253
01001100101		253
00010011001		253
10110111111		252
01110011101		252
00111111100		252
00100001111		252
11100011100		251
11010111001		251
11000111000		251
10101011000		251
01110111010		251
01100011100		251
01011011101		251
01010001101		251
11100011000		250
10101101000		250
10010001101		250
01110001110		250
01001111111		250
00110100001		250
00010101101		250
11001110011		249
11000001100		249
01100011110		249
00111111000		249
00010011100		249
11011011110		248
11000001000		248
10100001100		248
01100001111		248
11101110010		247
11011111101		247
11001010100		247
11000100101		247
00011000011		247
00000000011		247
11101101000		246
10110001100		246
10011011101		246
01010001110		246
00001011100		246
00000010110		246
11101111100		245
11101110000		245
11101101010		245
11011011001		245
11001100111		245
11000101110		245
01110111000		245
01001101011		245
00101111010		245
11111011001		244
10110001110		244
01011000110		244
00110101111		244
00010001111		244
11101111111		243
11101011001		243
11011010100		243
11011000000		243
01100011010		243
01001011011		243
00101011010		243
00010100100		243
00010011101		243
00000011110		243
11111111110		242
10101001111		242
10011010100		242
00100000001		242
11110001101		241
11100100100		241
10100100001		241
10011011100		241
10010111100		241
10000010110		241
01111111111		241
01110101011		241
01001000011		241
01000010100		241
11110000100		240
10101000111		240
01100100100		240
00011001010		240
10111111011		239
10000100111		239
01110110001		239
01011101010		239
01011001011		239
01010001011		239
00100111010		239
11110111111		238
11010110011		238
11001001111		238
10101111100		238
01111111001		238
01110100101		238
01110001010		238
00110100111		238
00000101110		238
01100001011		237
10100100000		236
01001100011		236
00001001100		236
00000100110		236
00000011100		236
00000000000		236
10110000011		235
01110001001		235
01110000011		235
01100111100		235
01000000110		235
00101100000		235
11110111011		234
11100111001		234
11000100100		234
11000011100		234
01001011111		234
00100000010		234
00011001100		234
01111001101		233
01101100111		233
11011011100		232
11001100001		232
11000001011		232
10100111010		232
10010111101		232
10000111110		232
01011011011		232
01010100011		232
00111100100		232
00111000010		232
00001010111		232
11100111101		231
11100010100		231
01111011010		231
00100101111		231
11111100101		230
11101000101		230
11001111111		230
10011101000		230
01011000111		230
00000011101		230
01011110000		229
01010001010		229
00010101110		229
00001010110		229
11101011000		228
10100011111		228
10000010100		228
10000000011		228
01001010111		228
10101110010		227
00010001101		227
00001010100		227
00000000110		227
11110000111		226
11011100110		226
10110001101		226
10010101010		226
10001001111		226
10000100101		226
01011000101		226
01010111100		226
01000100110		226
00100111001		226
00010010110		226
11010110000		225
10001011000		225
10000000010		225
00100000011		225
11011111011		224
10011011111		224
10011011010		224
01010111000		224
00101100100		224
00011110011		224
00010111110		224
11111010100		223
11101100001		223
11010001111		223
10011110010		223
10001110001		223
01000111110		223
01000000111		223
00001101011		223
11101001111		222
01111001111		222
01100001110		222
00100010110		222
00011101110		222
00011100000		222
00010100111		222
00000100111		222
11111011000		221
11010100011		221
10101110011		221
01111110011		221
01011111111		221
00000011001		221
00000000111		221
11101001110		220
11010000001		220
10000001010		220
01100101101		220
01100001101		220
01011111110		220
01010111110		220
00001011111		220
11011100011		219
11011011101		219
11000011000		219
10100110011		219
10011111101		219
10011100000		219
11000010100		218
10110000111		218
10100011011		218
10000001110		218
01010011011		218
01010011000		218
00111100111		218
00100101110		218
11110011010		217
11001001110		217
10111111010		217
10001011110		217
01110101010		217
01100010100		217
11000111110		216
01111100111		216
01001111100		216
00111111111		216
00011111111		216
11000010110		215
10101101100		215
10101011111		215
01101001110		215
01001010110		215
00001100010		215
00000111111		215
11100100111		214
10101101110		214
10000101100		214
10000011110		214
01101001010		214
00110100000		214
00010100101		214
00010001100		214
11100111000		213
11010001010		213
10101011100		213
10010001010		213
10001011001		213
00101110000		213
00011111001		213
00011100111		213
11111110011		212
10011000001		212
10000001111		212
01110100110		212
01001101000		212
11011000011		211
10110011100		211
01110100001		211
00101100001		211
11000101101		210
11000100000		210
10111011011		210
10001111000		210
10001100111		210
01010100101		210
01010000101		210
00110100100		210
00100101100		210
10111000010		209
10010100100		209
01000100001		209
00111110000		209
00010001110		209
11101010100		208
11010111000		208
11000010101		208
10100111111		208
10010100000		208
00000010100		208
10010110010		207
00010110001		207
11111010111		206
11101101101		206
11000101111		206
11000001111		206
10111100111		206
01100101011		206
01000100011		206
00101011100		206
11110000110		205
10111101100		205
10001110010		205
10000001000		205
01111101100		205
01110000110		205
01011110001		205
00001011101		205
11111000001		204
11011011000		204
10101000000		204
10100010100		204
10001010100		204
01111100110		204
01011001101		204
01001011010		204
00101101000		204
01111010111		203
01000101100		203
00101000100		203
11111011010		202
11110011100		202
11100001011		202
10000001101		202
00110011101		202
00110010111		202
00100001101		202
00011100100		202
00010001010		202
00001001111		202
11010001110		201
11001000110		201
11000111011		201
11000110000		201
10110101101		201
10000111001		201
01101011000		201
01011010110		201
00111100011		201
00000101001		201
11011000100		200
11010001011		200
11001100000		200
11000011101		200
10111001100		200
01111101000		200
11110011000		199
11110000010		199
10110000100		199
10010001111		199
10001011111		199
10001011100		199
01110001101		199
00010000000		199
00001100011		199
10100001111		198
01110011010		198
01101110010		198
00111011001		198
00000001100		198
11000000001		197
10111010100		197
10010110000		197
00111011011		197
00111011010		197
00101010100		197
00101001100		197
00001011010		197
00000111101		197
11010100100		196
11001011101		196
10110001111		196
01111101111		196
01110111110		196
01110011001		196
01100101000		196
01011001000		196
01001011000		196
11010001100		195
10100000100		195
10001011011		195
01111100100		195
01110101110		195
01011101110		195
01001001010		195
01000111010		195
00100101011		195
00000101111		195
11111101111		194
11011101000		194
11000110010		194
10110110000		194
10101011001		194
10000000000		194
00111000111		194
00101111101		194
00001110000		194
11100111011		193
11000001001		193
10010000010		193
10001101110		193
01110111101		193
11011111110		192
10110110011		192
10110101000		192
10101111010		192
01010111001		192
00111001100		192
00001111111		192
00001111110		192
00000100010		192
10010101101		191
10000011001		191
01111110010		191
01101101001		191
01100011111		191
01001001011		191
00101101100		191
00101011011		191
00011111110		191
11101111001		190
11101110001		190
11000100010		190
10111110010		190
10111000011		190
01100001100		190
01010011010		190
01001101101		190
01001000010		190
01000100010		190
00000000001		190
11011100000		189
11011001000		189
10100001010		189
01010001000		189
11110100111		188
11010110001		188
11001011111		188
10110111010		188
10101011101		188
10001110000		188
10000011100		188
01111000010		188
01010101011		188
00010010100		188
11111001010		187
11101011110		187
11100010110		187
11010010111		187
10110111000		187
10001011010		187
00010010101		187
00001111100		187
11110000101		186
11101001000		186
11100001111		186
10100110010		186
01110000100		186
01101111110		186
01000110011		186
00110001110		186
00101110011		186
00011100011		186
00000000100		186
11111001110		185
11010101100		185
10101000011		185
01111011001		185
01101111101		185
01001010101		185
11011000110		184
11010100110		184
10011000000		184
10001001001		184
10000111111		184
01111011000		184
01010111011		184
00110001111		184
00100000110		184
11110111100		183
11110110000		183
11001111110		183
11000101100		183
10000011011		183
01111000000		183
01011101000		183
01010111010		183
01001001000		183
00001100100		183
00000100101		183
11111100010		182
11100111111		182
11100010101		182
10011100111		182
10011010111		182
10000110000		182
00011101000		182
11010111100		181
10111010111		181
10100111011		181
01100111000		181
01011001010		181
00111001011		181
00110001000		181
00110000010		181
00000101000		181
11100001001		180
11011010110		180
11010100010		180
11000001101		180
10010010110		180
01011011010		180
00111101011		180
00101000010		180
00011111100		180
00001011000		180
11111111011		179
11111101000		179
11101011100		179
10111011100		179
01111101110		179
01000000001		179
00010011011		179
00000000101		179
11111100111		178
11011100111		178
11010011110		178
11000101001		178
11000100011		178
11000000101		178
10110111011		178
10110000001		178
10101010100		178
10011100010		178
10010011110		178
10010011101		178
01000011000		178
01000001110		178
00111111011		178
00101100110		178
11010000111		177
11001000101		177
10110010100		177
10101111101		177
10100001011		177
10010000000		177
01010100110		177
00111001110		177
00011101011		177
11101011010		176
11010010110		176
10101011011		176
10001101100		176
10001011101		176
00100111000		176
00010111011		176
00001100000		176
11100110000		175
11000111111		175
10110100100		175
10011110000		175
10011001100		175
01001100010		175
00110011011		175
00110011000		175
11111110010		174
11100111100		174
11100000010		174
10111110001		174
10111000100		174
10111000000		174
10100101111		174
01111101001		174
01110000101		174
01101101111		174
00111000110		174
00101001001		174
00100000111		174
00001100101		174
00000111110		174
11111111101		173
11110101010		173
11110100010		173
11000100001		173
10110000010		173
10100100011		173
10010001110		173
01100011001		173
11111011111		172
11100001110		172
11100001000		172
10111101101		172
10110100111		172
10010111110		172
10001100011		172
00111010110		172
00010101000		172
00000011011		172
11110010110		171
11100000001		171
11011000111		171
10110111110		171
10110011000		171
10110000110		171
10011001010		171
10011000100		171
10001111101		171
01111001110		171
01010011001		171
00111111010		171
00101110010		171
00101000000		171
00100011000		171
00011001011		171
11111101001		170
11101100100		170
11010111011		170
10110101110		170
10010000100		170
10001111001		170
10000001001		170
01100101100		170
00111010111		170
00110111100		170
11101011101		169
11010111111		169
11001010101		169
11001001101		169
11001000100		169
10001101111		169
01110100000		169
01001000000		169
00110100110		169
00100110001		169
00100100110		169
11100111110		168
11011001010		168
10011011001		168
10011001000		168
01111011111		168
01101011001		168
01101001011		168
01100111001		168
01100110000		168
01011100001		168
00111001101		168
00010100000		168
00001000100		168
11111000000		167
11010010100		167
10010011001		167
10001001110		167
10000000101		167
01111110000		167
01111000100		167
01110111011		167
01011111010		167
01011100111		167
10111011110		166
10110000101		166
01101000011		166
01001010100		166
01000111001		166
00000101011		166
11111111000		165
11011001110		165
10111111100		165
10101001110		165
10011001011		165
01101011110		165
01101000010		165
00101010111		165
00100110010		165
00100100100		165
11100000000		164
10110010110		164
01101100000		164
01100101110		164
01100001010		164
00011111101		164
00010100011		164
11100111010		163
11011100101		163
11010111101		163
11010100001		163
10110001010		163
10101001001		163
10010010100		163
01111010101		163
01101100101		163
01011000011		163
01010111101		163
00100100001		163
11110111110		162
11010011010		162
11001110000		162
11000001010		162
10111100011		162
10100101010		162
10011011011		162
01100100010		162
01010101110		162
00110111000		162
11001011001		161
10101001000		161
01110110011		161
01000001101		161
01000000010		161
11110000011		160
11101001100		160
11001111100		160
11000011011		160
10101100000		160
10000111010		160
01101100100		160
00001101000		160
11111010101		159
11101111110		159
11001111000		159
11001110010		159
11001100011		159
11000101011		159
10111101111		159
10101100100		159
10101001101		159
10100111110		159
10100100101		159
10000100011		159
01101101000		159
01100011101		159
01100010110		159
01001010011		159
00100100011		159
00100001001		159
00001000010		159
11010110010		158
10111100110		158
00000000010		158
11110100100		157
11110000001		157
11101111011		157
11100000111		157
11011111100		157
11001001100		157
10101100010		157
10100001000		157
10011011000		157
10001010110		157
01111001000		157
00010011111		157
11111110001		156
11110010111		156
11001101010		156
10111001110		156
01101010101		156
01100011000		156
01011111001		156
01011010100		156
00111110010		156
00111000101		156
00111000001		156
00011001111		156
00001101010		156
00001011001		156
11101000011		155
11100001100		155
11011110010		155
10100000101		155
01101010111		155
11111101011		154
11100100011		154
11001111101		154
10110110001		154
10100100111		154
10000111000		154
01110011111		154
01000111000		154
00100100111		154
00010000100		154
11111101010		153
11011001011		153
11000010111		153
10111100100		153
10011111110		153
01111101011		153
01010000011		153
00100011010		153
11101010110		152
11100000101		152
11010000000		152
10111000110		152
10110111100		152
10101000110		152
10100101110		152
10010100010		152
10010011010		152
01111010100		152
01111001100		152
01101111100		152
01001001110		152
01000001100		152
01000001001		152
00111010100		152
00110000110		152
00100101101		152
00011110010		152
00011000101		152
11111100100		151
11011101100		151
11011000001		151
11001110001		151
10110001000		151
10100011001		151
10100001110		151
10010001011		151
10001100000		151
10000100000		151
01100111101		151
01100010001		151
01011111011		151
01011101101		151
01001111001		151
00110100011		151
00101100011		151
00100110000		151
00010111101		151
00010101100		151
11110001110		150
11101010111		150
10011101001		150
10011001001		150
01111100011		150
01101001100		150
01000110010		150
00101011001		150
00100000100		150
11101000001		149
11100110001		149
10111001000		149
10100101100		149
10100100110		149
10011001110		149
10010001000		149
00111101101		149
00100011011		149
00011001000		149
00011000110		149
00011000000		149
11110100011		148
11011100100		148
10111010101		148
10010101100		148
10010011000		148
01101111011		148
01101000001		148
01001011001		148
00101000110		148
11111111001		147
11001101110		147
11000101000		147
10100010110		147
10011100011		147
10000100001		147
01111000111		147
01011001001		147
00111101111		147
00101000111		147
11011001001		146
11010000010		146
10010111011		146
10010010111		146
10000000111		146
01111101101		146
01111100001		146
01101101010		146
01000101111		146
11111000011		145
11110110011		145
11001001010		145
01001001001		145
01000111011		145
00100001011		145
11011111010		144
01010000010		144
01000101000		144
00111101000		144
00101111000		144
00101101110		144
11111000110		143
11110001010		143
11101111010		143
11100100101		143
11011111000		143
11000110011		143
10110101010		143
01101110011		143
01100000001		143
01000010101		143
00110001010		143
00010111001		143
11111001000		142
11101001010		142
11000001110		142
10111101010		142
10110101100		142
10101111111		142
10100100100		142
01101000100		142
01100100001		142
00100111110		142
00100001000		142
11110001111		141
11101110011		141
11001010111		141
10000101111		141
01111000011		141
01100101111		141
01100000110		141
01011101100		141
01010001001		141
00100111111		141
11111011011		140
11011011010		140
10111010110		140
10100001001		140
10010111010		140
10001010101		140
01001000001		140
01000011001		140
00110111110		140
11111000111		139
11110110010		139
11011101101		139
11010010101		139
10100000010		139
10010001100		139
01101011010		139
01001110000		139
00111101110		139
00110110011		139
00101111111		139
10010101111		138
01111100000		138
01100101010		138
00111001001		138
00011100001		138
11101001001		137
11001011100		137
10011000010		137
01110101101		137
01110001111		137
01101000000		137
01100111010		137
01011101011		137
01001000100		137
00111100110		137
00110110010		137
00101101010		137
00100010101		137
00010111100		137
00001000101		137
00001000000		137
11011101110		136
10111111001		136
10110011010		136
10100101101		136
01110000010		136
01100001001		136
01001111010		136
01000101010		136
01000000000		136
00110000111		136
00100101000		136
00100010100		136
00100001010		136
00011111010		136
00001010101		136
00000001110		136
11101000010		135
11010101010		135
10101101001		135
10000000100		135
01111000110		135
01011101111		135
01001100001		135
11111000100		134
11101101110		134
11011001111		134
11010011000		134
10000010101		134
01101001001		134
01100100110		134
00111100001		134
00110011010		134
00001101001		134
11100001010		133
10101010101		133
10100001101		133
10100000110		133
01101011101		133
01000000101		133
00110101011		133
00101110001		133
00101001110		133
11110101011		132
11100001101		132
11001111001		132
10111111101		132
10111011010		132
10110001001		132
10101001100		132
01010101000		132
00111011101		132
00111001010		132
00011111000		132
11111000010		131
11110100000		131
11101101011		131
11101100111		131
10111110000		131
10101011010		131
10010000011		131
01000110001		131
00111111101		131
00011100110		131
00001011110		131
11100101111		130
11001001001		130
11000110001		130
10111110011		130
10101110000		130
10101101111		130
10100010101		130
10100000111		130
10010111000		130
10010110011		130
10000110001		130
01111100010		130
01101001111		130
00101101011		130
00101100101		130
00011111011		130
00010111111		130
00010000010		130
00001001011		130
11110101110		129
10111011000		129
10010100011		129
01000110000		129
00110011001		129
00010100110		129
00001111001		129
11110101111		128
11010011001		128
11001101000		128
11000011001		128
10011111011		128
10011101100		128
01101100010		128
01100100000		128
00100100101		128
11011101111		127
01011010101		127
01001101111		127
00101101101		127
11001101001		126
10110101011		126
10101111001		126
10100111000		126
10001100110		126
10001001000		126
01101110001		126
00110111001		126
00101001101		126
00100010111		126
00010100001		126
11101000100		125
11010101110		125
10111101110		125
10001111010		125
10001010111		125
01110101100		125
00101000101		125
00010001011		125
11000101010		124
10101000001		124
10010101110		124
10010101011		124
10010000101		124
01110010101		124
01110000001		124
00100011001		124
00011100010		124
10101100101		123
10001100101		123
01110101111		123
01101010100		123
01010101010		123
01001101010		123
01001000110		123
00011101101		123
00001111101		123
11111100000		122
11010000101		122
10111101011		122
10111011001		122
10010100101		122
10000101110		122
01110101000		122
01100000100		122
00100100000		122
00010101001		122
11100000011		121
10010011100		121
10001100001		121
01011101001		121
00001111011		121
11110111000		120
11001011000		120
10110000000		120
10100000000		120
10011001101		120
10001101001		120
00110011111		120
00001001001		120
11111001011		119
11110101101		119
11001000011		119
10011101101		119
10011000011		119
10001001011		119
10000110011		119
01101011100		119
01100110001		119
01100000000		119
00111100010		119
00011101100		119
00011000001		119
00001101110		119
11100101110		118
11001100110		118
00111101010		118
00111000011		118
00011001101		118
00000101100		118
11100010111		117
11100000110		117
11000000000		117
10001111011		117
10000101101		117
11100101011		116
11100011001		116
10111100010		116
10101011110		116
10100101000		116
01100011011		116
00110100010		116
11001010010		115
11001001011		115
10111100000		115
10001000000		115
01111111011		115
01101001101		115
01100100101		115
00010101111		115
11111001111		114
11111001100		114
11110001000		114
10110001011		114
10100100010		114
10011101111		114
10010000001		114
01101001000		114
00110111011		114
00101100010		114
00101011000		114
00101010101		114
10111001101		113
10110100101		113
10101000010		113
10010011011		113
01100110010		113
00001111010		113
00001001000		113
11111001101		112
11110100001		112
11101000000		112
10111101001		112
10011111001		112
10010000110		112
10001101101		112
01111001001		112
00111100101		112
00000110011		112
11110010100		111
11001001000		111
10111101000		111
10111001011		111
10111000111		111
10110111101		111
10110010111		111
10010001001		111
10001000101		111
01000000011		111
11001111011		110
10111000001		110
01111001011		110
01100000011		110
01000101011		110
00110111111		110
00110111101		110
00001001110		110
10111001010		109
10011101110		109
10001000011		109
01101000101		109
01100110011		109
01000011011		109
00101101001		109
00011101111		108
00010111010		108
00010011000		108
11110001011		107
11101010011		107
11001100101		107
10101010111		107
01111000101		107
01110110010		107
00011110001		107
00010111000		107
10101010110		106
10001100100		106
01001101001		106
00111011000		106
00010000001		106
00001000001		106
11101100011		105
11101010101		105
11101001101		105
11010001101		105
11001101101		105
11001000111		105
01110111001		105
01001111000		105
00101101111		105
00100000101		105
00010000110		105
11101111000		104
10010110001		104
10000101011		104
00111101100		104
00100100010		104
00011101001		104
11100100010		103
11100100001		103
11011010101		103
11010111010		103
11010001000		103
10100011000		103
01010010101		103
00111001111		103
00101001000		103
00010001001		103
11111101100		102
11111100011		102
11110100101		102
10111000101		102
10110011001		102
10101000101		102
01111111000		102
00010001000		102
11100101101		101
11011110001		101
11010011011		101
00110110001		101
00110101101		101
10111100101		100
10101111110		100
10100010111		100
01111000001		100
01110010100		100
11100101000		99
11011101010		99
11010101111		99
11010101011		99
10110010101		99
10011111000		99
11000000111		98
10111111000		98
10111001111		98
10110111001		98
10011000111		98
10010111001		98
01111110001		98
01100000010		98
01010101111		98
00110010100		98
00001100111		98
11001111010		97
11001101111		97
10110110010		97
10010101001		97
00111010101		97
00011101010		97
11111101101		96
11100110010		96
11011101011		96
11011001101		96
11011000101		96
11001100100		96
10110101111		96
00100101010		96
00010101011		96
11110001001		95
11100101010		95
11001000010		95
11000000010		95
10101101010		95
10011101011		95
10000101000		95
01110110000		95
01101101100		95
00110101010		95
11110111001		94
11101100010		94
10110101001		94
10100101001		94
10011000110		94
10000101001		94
01101100001		94
01101000110		94
00001101111		94
11101010001		93
11101000111		93
10101111011		93
10011101010		93
01100101001		93
00110110000		93
00110010101		93
00100111011		93
11111000101		92
11010001001		92
11001101011		92
10101100110		92
10001101000		92
10000000001		92
01100100011		92
00110001011		92
11101101111		91
11101000110		91
10100110000		91
01101011111		91
00110001001		91
00001000110		91
11111101110		90
10111001001		90
10101000100		90
10001000001		90
01110001000		90
01101111001		90
01100111110		90
01000101001		90
00101111110		90
00011001110		90
11100100110		89
11011100010		89
01001101110		89
11011110000		88
11011100001		88
10101111000		88
01100010111		88
00110101001		88
11110000000		87
11101001011		87
11010101000		87
01101111010		87
00110000001		87
00101111011		87
00100110011		87
11100000100		86
00110101100		86
00011001001		86
10000110010		85
01100000101		85
11110011011		84
10000101010		84
01010101001		84
00011100101		84
00010110011		84
00001101100		84
00000110010		84
10011010101		83
10010010101		83
01111101010		83
00100000000		83
00001100110		83
00010110010		82
11100101001		81
01101100011		81
01101000111		81
00101111001		81
11100101100		80
00110000000		80
00010101010		80
11111100001		79
00110101000		79
00001101101		78
11110101100		77
11110101001		77
00111111001		77
10101101011		76
10001000110		76
00111000100		76
10100011010		75
01001000101		75
00010100010		75
11101101001		74
10111100001		73
01001000111		72
11111001001		71
11110101000		71
11011111001		71
10100110001		71
00101001011		71
11101101100		70
11010101001		70
10100000011		70
10010101000		68
01001101100		68
01111010011		66
10011000101		65
10001000111		65
11110011001		63
10101001011		63
01101111000		63
11000010011		61
01110000000		61
00011000111		61
11100011010		60
10101101101		59
11010111110		58
10110010000		58
10010010001		58
00111101001		58
01101101101		57
00101001010		54
11100011011		51
10101001010		50
10011110001		50
01011010010		50
01001010010		50
10110011011		49
00001000111		48
01111010010		47
00100101001		45
11001010000		44
10011010011		39
10011010001		39
00101110101		36
11010110100		35
10000010001		34
00000010001		31
11101010010		26
00110010011		25
01001110111		22
11011010001		21
10100010000		21
00101010010		21
00001010011		21
11001010011		20
11110010000		19
10100110100		19
01101010011		19
10001010000		18
10101010000		17
01100010000		17
00111010011		17
11101010000		16
01101010001		16
10001010010		15
11111010011		14
10111010001		13
10111010000		13
10101010011		13
10101010010		13
01011010011		13
00001010010		13
10001010011		12
01000010000		12
00011010010		12
11100010001		11
11100010000		11
01010010010		11
01000010010		11
11010010001		10
00110010000		10
00100010001		10
00100010000		10
00011010011		10
11011010011		9
10101110111		9
01011110111		9
01010010001		9
00101010001		9
00011010001		9
11100110100		8
00101010011		8
00010010001		8
11111010010		7
11010110101		7
10110010001		7
01011010001		7
00110010010		7
00000110100		7
11011010010		6
11000010010		6
10100010001		6
10000010011		6
01100110100		6
01010110100		6
01010010011		6
01000010001		6
00111010010		6
00101010000		6
00011010000		6
00001010000		6
11110010001		5
11001010001		5
11000010001		5
10111010011		5
10101010001		5
10010010000		5
01111010001		5
01110010000		5
01101010010		5
01101010000		5
01000010011		5
00111010000		5
00100110100		5
00000010011		5
11111010001		4
11110010011		4
11101110111		4
11010010000		4
10110010011		4
10100110101		4
10011010000		4
10010110100		4
10010010010		4
10001010001		4
10000110100		4
01101110111		4
01100010010		4
01010010000		4
01000110100		4
00101110100		4
00100110101		4
00010010011		4
00010010010		4
00000010010		4
00000010000		4
11111010000		3
11101110100		3
11001110101		3
11000110100		3
10011010010		3
10010110110		3
10000010010		3
10000010000		3
01111010000		3
01100010011		3
01011010000		3
01001110110		3
01001010001		3
01001010000		3
00111010001		3
00100010011		3
00100010010		3
00001010001		3
11111110100		2
11101110110		2
11100110101		2
11100010010		2
11010110110		2
11010010011		2
11010010010		2
11001110111		2
11001110110		2
11000010000		2
10100010011		2
10010010011		2
10001110111		2
10001110110		2
10001110101		2
01110010001		2
01100110101		2
01011110101		2
01010110110		2
01000110111		2
00110110100		2
00110010001		2
00011110111		2
00010010000		2
11111110111		1
11110110101		1
11110010010		1
11101110101		1
11011110111		1
11011110110		1
11011010000		1
11000110101		1
10111110111		1
10111110110		1
10111110101		1
10111010010		1
10110110101		1
10110110100		1
10110010010		1
10101110110		1
10100110111		1
10011110110		1
10011110101		1
10011110100		1
10000110101		1
01111110110		1
01111110100		1
01110110100		1
01110010010		1
01101110100		1
01100110111		1
01100110110		1
01011110110		1
01011110100		1
01010110111		1
01001110100		1
00111110100		1
00101110111		1
00101110110		1
00100110111		1
00100110110		1
00011110110		1
00011110100		1
00010110100		1
00001110100		1
