00011011111		403
01010000111		379
01001011101		377
01000011111		371
01001110011		370
01011111100		366
01011110011		364
11011011011		360
01101011011		354
11111011100		343
01010011110		318
01010001111		314
01010111111		313
01100111111		310
01000010100		310
00000001011		304
01010100000		303
01010011111		302
01010110001		300
00010011010		300
11010000011		299
01111011011		289
01010110011		286
01010010100		286
01011100000		285
01001100110		283
11110111011		282
01110000111		281
00000010111		278
11010100101		276
01011111011		275
11011000011		274
01011111101		271
01011001111		271
01010110000		271
01000011110		270
11001000001		267
00000111011		267
11011011111		263
01011000010		262
00010010111		261
01010100011		257
01111011001		256
01011010110		253
01000100100		253
01011111010		250
11011010111		249
11000011110		249
01010011101		249
01011100110		248
01010000110		247
01111111101		246
01011000000		246
11010011111		245
01011011100		243
00011011100		243
00001110011		243
11101111101		242
11001011011		241
01010010111		241
01000111100		241
11001011110		240
01001100000		239
01000011100		239
01011001100		238
01001001100		238
01110101011		237
11001010110		234
01010011000		234
01101010110		233
11111111100		232
01010111011		232
10111011111		231
01010100111		230
00111011011		230
01110011100		229
11110011100		228
01000111110		228
01010100101		227
00100011100		225
00110011110		223
10111011101		222
10011100001		222
01110111110		222
01011001110		222
11100111011		221
01110000100		221
01011011111		221
01100011100		220
00000001000		220
11100011100		219
01010111001		219
01111011101		218
01011010111		218
11010101101		217
01000111111		217
00110101110		217
11101100000		216
01010010110		216
01110000011		215
01000001010		215
11010000100		214
11101101101		213
01000111101		213
01010100110		212
00001011011		212
00111110011		211
01111001010		209
01110111111		209
11111011011		206
10010011111		206
01111111111		206
11010010111		205
01110011110		205
01011011110		205
11110011110		204
11001111101		204
11000111110		204
11000100111		204
01000101100		203
00101100000		203
01111111010		202
01011000101		202
00000100001		202
11010000110		201
01011010100		201
01010011100		201
10000011101		200
01111011111		200
00101111010		200
11101111100		199
10001010100		199
11111011101		198
11001000000		198
00111100000		198
10111111011		196
10010100111		196
01110111000		196
01010100010		196
00100000011		196
11111010110		195
11010111101		195
11010110000		195
01110111101		195
01011100010		195
00111011111		195
00011010100		195
01100011001		194
01011011101		194
00011010111		194
11110111101		193
11010000101		193
01000101101		193
01000001011		193
11111011010		192
01111101000		192
11111111110		191
10011100011		191
10010100001		191
01110100011		191
11010011101		190
11001100111		190
11001011111		190
11000111011		190
01111011000		190
01000111000		190
01000000100		190
11010111011		189
00101010110		189
11101011010		188
01111010110		188
01110001110		188
01011000100		188
01110011101		187
01100011010		187
01011011011		187
00100100011		187
11000010111		186
10010000111		186
01010001010		186
01001111011		186
11101011111		185
11001111111		185
11000001101		185
01110111011		185
01010001100		185
11101100101		184
11011110011		184
11011000010		184
01101101011		184
01011110010		184
01011011010		184
00000001101		184
11011000000		183
11001101001		183
01101011010		183
01010011011		183
11101100100		182
11010011110		182
01011111001		182
01000100101		182
00011000100		182
00000111111		182
00000011000		182
10001110011		181
10000011010		181
00011110000		181
11001011010		180
01001011011		180
00101111011		180
11111111101		179
11011111111		178
11010010100		178
11000011111		178
10001001100		178
01111011100		178
01100111100		178
01001001111		178
01001000011		178
00011111110		178
10100011100		177
01101101110		177
00001000101		177
11010100111		176
10100100000		176
00111100011		176
11110011101		175
10000100100		175
01110111100		175
01011101100		175
01001111100		175
01001011100		175
01001010111		175
11011000101		174
01100000111		174
00010111010		174
00000011101		174
11100100101		173
10001110000		173
00110100101		173
11000101110		172
01001011111		172
11010011100		171
11000100001		171
11000001000		171
01100010100		171
00101011010		171
11110010101		170
11101101000		170
11010110001		170
10110100001		170
10110011111		170
10000111110		170
01111100110		170
01110010111		170
01101010111		170
01011001011		170
01011000001		170
00110111010		170
00011010101		170
11111110000		169
01111001111		169
01011000011		169
01001011110		169
11100111001		168
01111110000		168
01011100011		168
01010110010		168
11110110000		167
11000011101		167
10110100000		167
00011100111		167
00011011101		167
11110000110		166
10010110000		166
10000000010		166
01011101010		166
01001101011		166
00100101111		166
11111000100		165
11110110001		165
11011111101		165
01111101111		165
01111011010		165
00010000011		165
00000011111		165
01001111101		164
01000100110		164
11111000001		163
11000001011		163
01111111011		163
01111011110		163
01010111000		163
01010010101		163
00111100111		163
11100100100		162
11100011001		162
11000011010		162
10010011010		162
01111101011		162
01011110000		162
01001000000		162
00110111011		162
11101111011		161
11011000100		161
11001101010		161
01111000000		161
01101011001		161
01100111011		161
01001000001		161
01000110011		161
00110111111		161
00010011100		161
10100100111		160
01110111010		160
01001011010		160
11101010111		159
11000111111		159
10110100011		159
01101000000		159
01011111111		159
01010111010		159
01000111010		159
00001100011		159
00000010101		159
11111100011		158
11100111111		158
11100010110		158
11000101100		158
01111111100		158
01011100101		158
01010111101		158
00111011100		158
11111111010		157
11001110001		157
01000011101		157
00111011010		157
11101111010		156
11101011101		156
01011100100		156
01010000100		156
01010000010		156
01001111110		156
01000110010		156
00100100110		156
00011011001		156
00001010111		156
11101010101		155
01011001101		155
00010111110		155
11111011000		154
11100011110		154
11010100000		154
11010011010		154
11000001100		154
10101011011		154
01111111000		154
01101110000		154
01100101101		154
01100010101		154
11110111110		153
10101110011		153
10100110011		153
01110110001		153
01010111100		153
01001011000		153
01000100111		153
00111111011		153
00010100100		153
00000101101		153
11111101011		152
11101011011		152
11010110011		152
11001000101		152
01101100110		152
01100111101		152
01100011110		152
00000010100		152
11000111001		151
10000001110		151
01110010110		151
01100100111		151
00111110000		151
00011111111		151
11111100110		150
11110010111		150
11000011011		150
01101100011		150
01010100001		150
00111111110		150
00101011101		150
00011011000		150
10100101011		149
10011011100		149
10011010110		149
10000111011		149
01111000111		149
01010011001		149
01001001101		149
00111011001		149
00110001101		149
00101100100		149
00000111001		149
11010000010		148
10001111111		148
01110100101		148
01110001100		148
00110011011		148
00010111100		148
00010111011		148
11110101011		147
11101111000		147
11011000001		147
11000110000		147
10011011101		147
01000011010		147
00111101011		147
00100111100		147
11010111110		146
11010010101		146
11001110011		146
01011101011		146
01010111110		146
01000111011		146
01000000011		146
00010001111		146
11110000111		145
11101010100		145
11010100001		145
10100111101		145
01111001000		145
01001100100		145
01001100010		145
00011101011		145
00011000010		145
01100101100		144
01001100101		144
00101001111		144
00100110001		144
00010110000		144
11011011100		143
11001001010		143
11000100100		143
01111010111		143
01101110001		143
00110000100		143
00000001111		143
00000001010		143
11100111000		142
11001100000		142
10110011101		142
10000011000		142
10000000110		142
10000000000		142
01111110011		142
01010001101		142
00100011101		142
00000011010		142
11011111010		141
11001011000		141
10100011011		141
01111000010		141
01110100001		141
01110011111		141
01001001000		141
00001011110		141
00000011100		141
11110111111		140
11010001111		140
11000011001		140
10110110000		140
01111111001		140
01100001100		140
01010101011		140
00111011110		140
00101000011		140
11110011010		139
11101011000		139
01110101100		139
01101111101		139
01010001110		139
01001111111		139
01001110001		139
00100110000		139
00001010110		139
00000100100		139
00000011011		139
11110100111		138
11101111001		138
11011011000		138
11001000100		138
11000000110		138
10101101100		138
10000011110		138
01110001011		138
00110001111		138
11010110010		137
11000001010		137
10100011110		137
01110101001		137
01100001111		137
00011111010		137
00000101001		137
11111111111		136
11110100110		136
11110001110		136
11101001111		136
11011100111		136
11000111100		136
01111001101		136
01101100000		136
01100011111		136
00100111010		136
00011111100		136
00001100010		136
11110011011		135
11010111111		135
10011111100		135
10010011000		135
10001100011		135
01110001101		135
01100111000		135
01010100100		135
00111000000		135
00000000011		135
11100110011		134
11001111100		134
11000000011		134
10111011110		134
10011011011		134
01111101001		134
01010101101		134
00101100011		134
00001000100		134
11101110001		133
10111110001		133
10000111100		133
01110100111		133
01100100000		133
01000100011		133
01000100001		133
01000000010		133
00110011000		133
11011011101		132
11000010100		132
10001011010		132
10000100101		132
01110100010		132
00101010100		132
00100011011		132
00100001000		132
00000001001		132
11100001011		131
11010101100		131
11000100110		131
10110111111		131
10110000010		131
01101111100		131
01101111010		131
01011001010		131
00111010111		131
00010010100		131
00001111100		131
11010111100		130
10111111111		130
10110101000		130
10110011000		130
10001110001		130
01100111110		130
01011001000		130
00101100110		130
00000110000		130
11111011110		129
11110000100		129
11101011001		129
11011100000		129
11011010110		129
11001011100		129
10111010100		129
10111000000		129
10000001101		129
01111110010		129
01101010101		129
01011011001		129
01001100111		129
01000100010		129
00110000011		129
00100000111		129
11001110000		128
01110011000		128
01001100011		128
01000111001		128
01000001000		128
00101000101		128
11101000101		127
11011111110		127
11011110010		127
11010000001		127
11001111011		127
11001101011		127
10101100011		127
10000111111		127
01110010101		127
01010011010		127
00001101011		127
11101110011		126
11101001110		126
10111110000		126
10101111100		126
10000111101		126
01101111111		126
01100100100		126
01011011000		126
01010101110		126
01000001111		126
11111010111		125
11110100100		125
11101100110		125
11100100111		125
11010100011		125
10011000100		125
01100001011		125
00111001100		125
00101101011		125
00010111111		125
00010011001		125
00001111111		125
00000011001		125
11101110010		124
11100000101		124
11011111100		124
11001111010		124
11000000111		124
10110011010		124
10010001111		124
01110110010		124
01101101001		124
00110110011		124
00100101100		124
00011010110		124
11110111100		123
11110111010		123
11011101001		123
11001000110		123
10101000011		123
10010011110		123
01100000100		123
01000010101		123
00110100111		123
00110010111		123
00011110010		123
00010111000		123
00010110011		123
11101001010		122
11100100011		122
11100001001		122
11011001011		122
10111110010		122
10001011111		122
01110010100		122
01010000001		122
00100101011		122
00011101010		122
11110000101		121
11011100101		121
11011011110		121
11010100100		121
11010000111		121
11001111110		121
11000000100		121
10001111100		121
01110110000		121
01100111001		121
01001010110		121
01000000111		121
00000110011		121
00000100011		121
00000100000		121
11011111011		120
11011100011		120
11000001111		120
00011100001		120
00011011110		120
00011011010		120
00001011010		120
11111010101		119
11110100001		119
11100111101		119
11100000000		119
11011001000		119
11010100110		119
11001100110		119
10110111011		119
10101100001		119
10001011000		119
01110100110		119
01110100100		119
01100010110		119
01000010111		119
00100111111		119
00100100000		119
00011011011		119
11111101001		118
11010111001		118
11001100001		118
10011111111		118
10011000001		118
01101001110		118
00111111000		118
00101100111		118
00011000101		118
00000001100		118
11111100101		117
11111000110		117
11011110000		117
11001101100		117
11001000111		117
11000111000		117
10111011100		117
10101111010		117
10011110010		117
10010010111		117
10001101011		117
01110011011		117
01010101010		117
00110011100		117
00100010111		117
00000111010		117
11110001111		116
11100011101		116
11100001100		116
11000100011		116
10110011110		116
10011010111		116
10001011011		116
01001001010		116
00101011011		116
00001101001		116
00000111100		116
11110110010		115
11110100010		115
11101011100		115
11100010111		115
11100000010		115
11011100100		115
11001011101		115
11000001001		115
11000000001		115
10000100010		115
01010101000		115
00111111100		115
00110011101		115
00011111101		115
11111100111		114
11101111111		114
11100000110		114
10011100101		114
10001001101		114
01011111000		114
00110001110		114
00101000100		114
00100101110		114
00010010110		114
11110011111		113
11011011001		113
11011010100		113
11010101011		113
11000110011		113
11000100000		113
11000011100		113
10100100011		113
10100010100		113
10001100111		113
10000101101		113
01111111110		113
01111100100		113
01111100001		113
01110101111		113
01100000110		113
00110001100		113
00011100011		113
11100101101		112
11100010100		112
10100001100		112
10011011001		112
10000001000		112
01111101100		112
01100011101		112
00110100001		112
00101111110		112
00001011111		112
00001011000		112
11101101011		111
11010011001		111
11010001010		111
11000111010		111
10011011111		111
10011001111		111
10001000100		111
01111010100		111
01101011100		111
01011101110		111
01011100111		111
01000001101		111
01000000110		111
00101000001		111
00100111110		111
00010011101		111
00010000111		111
11110010100		110
10101100100		110
10011100111		110
01110000101		110
01100111010		110
01100000010		110
01001000111		110
01000000101		110
00101110011		110
00101000000		110
00011101110		110
00011001100		110
00000100010		110
11111010100		109
11111000010		109
11101000111		109
11010010110		109
11000000101		109
10111000100		109
10000101100		109
10000001010		109
01110011001		109
01101000010		109
01011111110		109
01000010110		109
00111111101		109
00110001010		109
00100010110		109
11111110011		108
11111011001		108
11001001011		108
10110010111		108
10101110010		108
10100101000		108
10001111110		108
10000100110		108
10000011111		108
01110101110		108
01011110001		108
00001001100		108
11111000000		107
11101100011		107
11101001101		107
11100001101		107
11010101111		107
11000111101		107
10111010111		107
10010011101		107
10010001011		107
10000010110		107
10000001011		107
01111100011		107
01111001011		107
00100111101		107
00001100100		107
00001001011		107
00000101000		107
00000000111		107
11100100000		106
10101001000		106
10010111110		106
10010100101		106
10010000010		106
10001100000		106
01111010101		106
01100011011		106
01001010100		106
01000001110		106
00100011110		106
11111000101		105
11101000011		105
10110100111		105
01110000001		105
01101100100		105
01011001001		105
01001010101		105
01000011000		105
00111001001		105
00110101111		105
00110000110		105
00101100010		105
00100111001		105
00011111011		105
00011001010		105
00001110010		105
00000101100		105
11111001110		104
11010001001		104
10110011001		104
10110010101		104
10010011100		104
10000100111		104
01101010100		104
01011101000		104
01010101100		104
01001101101		104
00110000101		104
00010101100		104
00001100001		104
00000101010		104
11100101100		103
11011011010		103
11001111001		103
10010111100		103
10010011001		103
10000110011		103
01111001110		103
01110110011		103
01101000100		103
01101000011		103
01101000001		103
00111111111		103
00101110000		103
00101101100		103
00010111101		103
00010101010		103
00000100111		103
00000000000		103
11110100101		102
11101010110		102
11001001100		102
10110001100		102
10100000010		102
10011110000		102
10001000111		102
01111110001		102
01111100101		102
01110001111		102
01110000110		102
01100100001		102
01100001000		102
01001000010		102
00111011000		102
00110011111		102
00101001100		102
00100001011		102
00010100110		102
00001110001		102
00000110010		102
00000000101		102
11111111000		101
11110100000		101
11100111010		101
11011101000		101
11001100011		101
10111100110		101
10101011100		101
10010100100		101
10000010100		101
01111101010		101
01011101111		101
00111000010		101
00011110011		101
00011101100		101
00010111001		101
00010011111		101
00000111101		101
11110000011		100
11101101010		100
10111111100		100
10111011010		100
10111000010		100
10100111100		100
10100111011		100
01011100001		100
00110111100		100
00100010101		100
00010101110		100
00001011100		100
00001001101		100
11001100010		99
11001011001		99
10101111101		99
10101011101		99
01110111001		99
01101101101		99
01101001001		99
01000110001		99
00101101111		99
00011000011		99
00000101110		99
11111111011		98
11101111110		98
11010001101		98
11001000010		98
10110111100		98
01011101101		98
00111100100		98
00001100000		98
00001011001		98
00000100110		98
11111100000		97
11111001011		97
11110010110		97
11011100010		97
11000110010		97
10111111001		97
10110100101		97
10101111111		97
10001100100		97
10000110000		97
01110011010		97
01101001010		97
01100101111		97
00110101011		97
00011111001		97
00010101101		97
00001001010		97
11110001101		96
11000100101		96
10111000111		96
10100111010		96
10011101100		96
10001100010		96
10000010111		96
01111100000		96
01111000001		96
01110101101		96
01101011101		96
01010001000		96
00111001011		96
00110110000		96
00101111001		96
00100001001		96
00011101111		96
00001110000		96
00000011110		96
11110000000		95
11100000011		95
11011101100		95
11010101110		95
11010100010		95
10100010101		95
01111100111		95
00111100001		95
00110101001		95
00100011010		95
00100000100		95
11111110001		94
11011110001		94
10111111010		94
10110001111		94
10100001001		94
10010111111		94
01110101000		94
01101001111		94
01001110000		94
00111000001		94
00101001101		94
00100001101		94
00010000100		94
11111001111		93
11110000001		93
11101110000		93
11011001010		93
11001001111		93
10010111011		93
10001000010		93
01100001101		93
01001101010		93
00111001010		93
00110011010		93
00101111000		93
00000111110		93
11110001010		92
11100001110		92
11010001110		92
11001010111		92
11000010110		92
10011100110		92
10001111101		92
10001111001		92
10001000001		92
01101101000		92
01100110011		92
01001000100		92
00111111010		92
00111110001		92
00110011001		92
00010101011		92
00001111000		92
00001000011		92
11111110010		91
11101000000		91
11000110001		91
10111100011		91
10011111101		91
10011101011		91
10011100010		91
01010001011		91
01000101000		91
01000001100		91
00100100101		91
00100011111		91
00011101000		91
00011001011		91
00010011011		91
11110101010		90
11110001000		90
11000101111		90
10101011001		90
10100111111		90
10011100100		90
10011011110		90
10001011100		90
10000000111		90
01110100000		90
01101011111		90
01010000011		90
01000101011		90
00111100110		90
00111000111		90
00110000111		90
00101100001		90
00100001100		90
00010110010		90
00001111001		90
11111101000		89
11110100011		89
10111111110		89
10111110011		89
10000111010		89
01101111011		89
01101101100		89
01101100111		89
01010000101		89
01001110010		89
01001001110		89
01001001011		89
11111101010		88
11101011110		88
11001101111		88
10101011111		88
10101001100		88
10101001001		88
10100101110		88
10010110011		88
01111001001		88
01000000001		88
00111011101		88
00110010110		88
00100111000		88
00011001111		88
00010100101		88
00010001001		88
00000111000		88
11011001001		87
11011000111		87
11001100100		87
11001010101		87
10110111110		87
10101001110		87
10011000011		87
10010101010		87
10010000110		87
10001010111		87
10000011011		87
01101100010		87
01001011001		87
00110101101		87
00110100000		87
00101010111		87
11111100010		86
11110001001		86
11110000010		86
11100111110		86
11100011111		86
11100000100		86
11001001000		86
11000101001		86
10110111010		86
10110000101		86
10101110000		86
10100011111		86
10010111010		86
10010001101		86
10001101101		86
10000011100		86
01111100010		86
01010001001		86
00010100000		86
00010000101		86
11101001100		85
11100010101		85
11010011000		85
11010001011		85
10111111000		85
10101011010		85
10100110001		85
10100100100		85
10011010101		85
10010110010		85
01101110011		85
01101001011		85
01000100000		85
00110001011		85
00101111101		85
00101110001		85
00100001010		85
00010100001		85
11111001010		84
10110000011		84
10101010111		84
10100111001		84
10100110000		84
10100000001		84
10011010100		84
10000010101		84
01111101110		84
01111000100		84
01100100101		84
01000000000		84
00100000001		84
00011100010		84
00010000010		84
00001011101		84
11110001100		83
11101001000		83
11000100010		83
10111011011		83
10110101101		83
10110100110		83
10101000000		83
10011011000		83
10001111000		83
10001001011		83
01101001000		83
01100010111		83
01011010101		83
01001101110		83
00111010110		83
00110100011		83
00011100100		83
00011000000		83
00001000001		83
00000000100		83
11111000011		82
11100100110		82
10111011001		82
10111001110		82
10100100110		82
10011100000		82
10000001100		82
01111001100		82
01101111000		82
01101011110		82
01100000000		82
00110111101		82
00110010100		82
00101010101		82
00011101101		82
00011000001		82
00010011110		82
00010010101		82
00010001010		82
00001111101		82
11111100001		81
11011000110		81
11000000010		81
10110111101		81
10100000110		81
10001011101		81
01111000101		81
01101001100		81
00110110001		81
00011001101		81
00010001011		81
00001100101		81
11111101100		80
11100010000		80
11010111010		80
11010000000		80
11001001101		80
11000101101		80
10111000101		80
10110100100		80
10100000101		80
10010100010		80
10010001100		80
10001101111		80
01110000000		80
01101011000		80
01100011000		80
00101001001		80
00010001101		80
00001100111		80
00000000110		80
00000000001		80
11011111000		79
11011001100		79
11001101110		79
11000000000		79
10111101010		79
10110011100		79
10101001011		79
10100001111		79
10100001110		79
10000110001		79
10000011001		79
01110101010		79
01110000010		79
00111010100		79
00101011111		79
00100100111		79
00010011000		79
11111001100		78
10111011000		78
10110110001		78
10110001101		78
10101010101		78
10100000111		78
10011101111		78
10010000011		78
01111010011		78
01100101011		78
01011000110		78
00101011100		78
00010000110		78
00001001001		78
11110111001		77
11110110011		77
11100101111		77
11011111001		77
11011100110		77
11010011011		77
11001100101		77
10110111000		77
10110001110		77
10010101111		77
10001100110		77
10001000011		77
01100000001		77
01001100001		77
01001000110		77
00110100100		77
00101000010		77
00011111000		77
11110111000		76
11100011011		76
11010001100		76
10101100000		76
10011000000		76
10000000011		76
01101001101		76
01100110001		76
01001101111		76
00110001000		76
00101110010		76
00101101110		76
00011100110		76
00010110001		76
11110011000		75
11101100010		75
10110010000		75
10101100010		75
10011000101		75
10001011110		75
10001010101		75
01101111001		75
01100101110		75
01100100010		75
01001111010		75
00111110010		75
00110111000		75
00110101100		75
00100111011		75
00100000101		75
00001000000		75
00000101011		75
00000100101		75
00000010110		75
11101000110		74
11100011000		74
11001010100		74
10101011000		74
10100001011		74
10011000111		74
10010110001		74
10010001000		74
10001000000		74
01010000000		74
01000011011		74
00101011000		74
00011101001		74
11111100100		73
11100111100		73
11100110000		73
11100001000		73
11010111000		73
11010001000		73
11001101000		73
10110101110		73
10100010111		73
10010100000		73
10001101000		73
10001001010		73
10000100011		73
01111000110		73
01100001001		73
01011101001		73
00101001110		73
00100100100		73
00100100001		73
00010001110		73
00001010101		73
00001000110		73
11111011111		72
11100101110		72
11011101111		72
11001111000		72
11000101000		72
11000011000		72
10111101100		72
10101011110		72
10100100001		72
10011111011		72
10001100001		72
10001010110		72
10000101111		72
01101000101		72
01100101001		72
01100001110		72
01001101001		72
00101111111		72
00010100011		72
11100110010		71
11100101011		71
11011101011		71
11000101010		71
10111010101		71
10110011011		71
10101100110		71
10100001010		71
10011111010		71
10011101001		71
10011001010		71
10001001000		71
01000101001		71
00111001111		71
00111001101		71
11101100001		70
11100110001		70
10110100010		70
10110000100		70
10100011101		70
10011101101		70
10010100011		70
10010010100		70
01101101111		70
01100101000		70
00100011001		70
00011000110		70
00010100010		70
11110101100		69
11100000111		69
11000101011		69
10110010100		69
10100001000		69
10011110011		69
10011011010		69
10010101100		69
10010001010		69
10010001001		69
10000001001		69
01100000101		69
01011000111		69
01010101001		69
01000101110		69
01000001001		69
00111000101		69
00101101000		69
00100010100		69
11100001111		68
10101001111		68
10101001101		68
10100100101		68
10011001011		68
10001101001		68
01101100001		68
01000101111		68
00101000111		68
00011110001		68
00001111110		68
00000001110		68
10111111101		67
10110110010		67
10101010100		67
10100111000		67
10100011001		67
10011001001		67
10010111000		67
10001110010		67
10001000101		67
01101111110		67
01101110010		67
00111101111		67
00111101110		67
00111101100		67
00111001110		67
11101100111		66
11100000001		66
10101111011		66
10101111000		66
10101001010		66
10100001101		66
10011101000		66
10010010110		66
10000001111		66
00010000000		66
00001001000		66
11111101101		65
11110101110		65
11101001011		65
11011010101		65
11001110010		65
10111101001		65
10110101100		65
10101100101		65
10100101111		65
10100000011		65
10010000101		65
10001101010		65
10001011001		65
10001001111		65
10000111001		65
01111000011		65
00111111001		65
00111100101		65
00101001000		65
00100000110		65
00011001001		65
00001101100		65
00001001111		65
11110101101		64
11100101000		64
11100001010		64
10101101101		64
10011111110		64
10010101110		64
10010011011		64
00101000110		64
00100101000		64
00011100000		64
00010101111		64
00010101001		64
00001101010		64
00000000010		64
11111111001		63
11101010011		63
11011101110		63
11001101101		63
11000010101		63
10111001011		63
10111000011		63
10110101111		63
10110101011		63
10100000000		63
10000100001		63
01100010001		63
00111101001		63
00110001001		63
00100101101		63
00011001000		63
11111001000		62
11101101100		62
11101000100		62
11001000011		62
10111101000		62
10111100010		62
10101110001		62
10101010110		62
10100000100		62
10010010001		62
10010000100		62
10000000100		62
01110001010		62
01000011001		62
00110111110		62
11110001011		61
11011101101		61
11011001110		61
11000001110		61
10111100001		61
10111001100		61
10010101001		61
10000101110		61
01100110000		61
01001101100		61
01001101000		61
00111000011		61
00110000000		61
00100110011		61
11010101000		60
10110000110		60
10001100101		60
01100100011		60
01001111001		60
00111101101		60
00110111001		60
00110101010		60
00010100111		60
11111001101		59
11111000111		59
10111001111		59
10010111101		59
10010010101		59
10010001110		59
10001101100		59
01101101010		59
01100000011		59
01001000101		59
01000110000		59
00111101010		59
00101011001		59
00100101010		59
00001111010		59
11001001001		58
10100101101		58
10100100010		58
10000000001		58
00111100010		58
00101111100		58
00101100101		58
00011100101		58
00011000111		58
00001111011		58
11111101111		57
11101000001		57
11011100001		57
11010101010		57
10110000000		57
10101100111		57
10101000101		57
10100101010		57
10011000010		57
10001111010		57
01101000111		57
00010101000		57
00000101111		57
11110101000		56
11101000010		56
11011001101		56
10101101000		56
10100111110		56
10011110001		56
10001101110		56
01110001001		56
00110100110		56
00100100010		56
00100011000		56
00010001000		56
00001000010		56
11100011010		55
11001001110		55
10110010110		55
10101101001		55
10010101011		55
10010000000		55
01100001010		55
01010101111		55
00001100110		55
11101101111		54
11101001001		54
11011001111		54
10111000001		54
10110001000		54
10110000111		54
10110000001		54
10101101010		54
00111000100		54
00101011110		54
00000110001		54
11110011001		53
10111100000		53
10111010110		53
10101101011		53
10100101100		53
01110001000		53
01100101010		53
00101101101		53
11100100001		52
10111001010		52
10110101001		52
10000111000		52
01100100110		52
00111010101		52
00100010000		52
10110111001		51
10110101010		51
10100011000		51
10000101001		51
00001000111		51
10101101110		50
10100011010		50
10011111001		50
10011001000		50
10010100110		50
10000101000		50
10000100000		50
00111000110		50
00110110010		50
11111101110		49
10111101101		49
10111100100		49
10101000100		49
10100110010		49
10100010110		49
10001111011		49
10001010011		49
10001001001		49
01100110010		49
00110000001		49
00101101010		49
00100000000		49
11101101110		48
11100101010		48
00110101000		48
00101001010		48
00001001110		48
11100100010		47
10100101001		47
10010101000		47
01001001001		47
00001010100		47
11101101001		46
10111101011		46
10111100111		46
10101111001		46
10011101110		46
10011101010		46
10000000101		46
01000101010		46
00001101000		46
11011101010		45
10110001010		45
10101000010		45
11111001001		44
11110101001		44
01001111000		44
00111101000		44
00110010101		44
11110101111		43
10110001011		43
10101000111		43
01001010011		43
00111001000		43
00110000010		43
00001101111		43
00001101101		43
10111101110		42
10111100101		42
10111001101		42
10101101111		42
10011000110		42
10000110010		42
00110100010		42
00100000010		42
10111001000		41
10111000110		41
01111101101		41
00010001100		41
00000010001		41
10111001001		40
10110110011		40
10101111110		40
00100101001		40
00100001110		40
10011001101		39
01101100101		39
00110010011		39
00101010010		39
00101001011		39
00100001111		39
11001010010		38
10010111001		38
00100110010		38
10011001110		37
10010101101		37
01001010010		37
10101000001		36
10001001110		36
10000101010		36
11010101001		35
10011001100		35
10010000001		34
10000101011		33
11100101001		32
01101000110		32
00101101001		32
10101000110		31
00010000001		31
10110001001		30
10011111000		30
00011001110		29
00001101110		28
10001000110		27
10111101111		25
10001010000		25
10000010001		25
01010010010		25
00010010001		25
10011010001		24
01011010010		24
11110010000		22
11100010001		22
11001010011		21
01101010011		21
11000010001		19
01001110110		19
01111010010		18
11101110100		17
00011010010		17
11011010001		16
11111010011		15
10100010000		14
01100110100		12
11001010000		11
10110010001		11
11101010001		10
01110010000		9
01000010010		9
00110010001		9
00101010011		9
10011110111		8
10001010010		8
01100010000		8
11011110101		7
11011010010		7
11010010001		7
10111010011		7
01101010010		7
01011010011		7
00110010000		7
11100110100		6
00001010011		6
11101010010		5
10001010001		5
01111010000		5
01010010001		5
01000010001		5
00100010010		5
11110010011		4
11110010001		4
11100110101		4
11010110110		4
10101010011		4
10101010010		4
10011010000		4
10010010000		4
01011010001		4
01000110110		4
00100010001		4
00011010001		4
00011010000		4
00010010011		4
00001010010		4
00000010011		4
11110110100		3
11101110101		3
11010010000		3
11001010001		3
10100110111		3
10100010001		3
10000110100		3
10000010000		3
01111110110		3
01011110101		3
01010110101		3
01010010011		3
01000110101		3
00111010000		3
00100010011		3
00011110101		3
00011010011		3
11111010010		2
11111010000		2
11110110110		2
11011110100		2
10111010010		2
10111010001		2
10101110101		2
10100110101		2
10100010011		2
10011010010		2
10010110101		2
10010010011		2
10010010010		2
01110110110		2
01110010011		2
01101110101		2
01011010000		2
01010110100		2
01010010000		2
01001010000		2
01000110100		2
01000010011		2
01000010000		2
00111110101		2
00111010011		2
00111010010		2
00101010001		2
00100110101		2
00010010010		2
00010010000		2
00001110110		2
00001010000		2
00000110110		2
00000110100		2
00000010010		2
00000010000		2
11111110100		1
11111010001		1
11110110101		1
11110010010		1
11101110110		1
11101010000		1
11100110111		1
11100010011		1
11011110111		1
11011010000		1
11010110101		1
11010010011		1
11000110111		1
11000010011		1
11000010010		1
11000010000		1
10111110110		1
10111110100		1
10111010000		1
10110110110		1
10110110101		1
10110010011		1
10110010010		1
10101010001		1
10101010000		1
10011110110		1
10011110100		1
10011010011		1
10001110110		1
10001110101		1
10000010011		1
10000010010		1
01111110101		1
01111110100		1
01110110101		1
01110110100		1
01110010001		1
01101110111		1
01101110110		1
01101010001		1
01100110111		1
01100010011		1
01100010010		1
01011110111		1
01011110100		1
01001110111		1
01001110100		1
01001010001		1
00111110100		1
00110110101		1
00110010010		1
00101110110		1
00101110100		1
00101010000		1
00100110100		1
00010110101		1
00001110101		1
00001010001		1
