Params: 	12
Performance: 	0.743026111029499
Term	Coefficient	Standard Error	p-value	95% CI lower	95% CI upper
Intercept	8.835283272665778
1	0.4219738355761565	0.009382498914809764	2.8985776065606254e-300	0.39505748524309153	0.4488901859092214
2	0.3620101966201851	0.009381442878878678	2.819076802837195e-240	0.3350968758247032	0.38892351741566694
3	0.0057450060582887015	0.009381576985239226	0.5403665526105503	-0.021168699459196895	0.032658711575774296
4	0.0699231245127162	0.009381762281895035	1.3848626314470935e-13	0.04300888741939472	0.09683736160603769
5	0.00787272465267909	0.009384586899315654	0.40163268124747253	-0.01904961565416157	0.034795064959519756
6	0.03585239998053993	0.009418880282136334	0.00014550948320408028	0.008831679411203268	0.0628731205498766
7	0.3680606542953007	0.00945104356931767	1.320613431457612e-243	0.3409476642449339	0.39517364434566754
8	-0.03695191209714245	0.009453377488972892	9.602984032095419e-05	-0.06407159765578055	-0.009832226538504345
9	0.1457906604580099	0.009418718455306386	5.954787273002602e-51	0.11877040413467932	0.17281091678134047
10	0.0879554372593542	0.00938469673879011	1.970543911796432e-20	0.061032781846932206	0.1148780926717762
11	0.0487953133687214	0.00938073742530897	2.1911984800217597e-07	0.021884016366218173	0.07570661037122463
