Params: 	12
Performance: 	0.7430261110294989
Term	Coefficient	Standard Error	p-value	95% CI lower	95% CI upper
Intercept	7.318255831980991
1	0.843947671152332	0.018764997829619507	2.898577606493698e-300	0.7901149704862023	0.8977803718184618
2	0.7240203932403929	0.018762885757757322	2.819076802759905e-240	0.6701937516494293	0.7778470348313565
3	0.011490012116596643	0.018763153970478418	0.5403665526098711	-0.04233739891837445	0.06531742315156774
4	0.13984624902544512	0.01876352456379005	1.3848626314400985e-13	0.08601777483880223	0.193674723212088
5	0.01574544930537599	0.018769173798631276	0.4016326812469393	-0.03809923130830525	0.06959012991905722
6	0.0717047999610981	0.01883776056427263	0.00014550948320351026	0.017663358822424896	0.1257462410997713
7	0.7361213085906135	0.018902087138635323	1.3206134314385325e-243	0.6818953284898799	0.7903472886913472
8	-0.07390382419426175	0.018906754977945778	9.602984032143623e-05	-0.12814319531153795	-0.019664453076985562
9	0.29158132091603634	0.018837436910612737	5.954787272928147e-51	0.23754080826937526	0.3456218335626974
10	0.17591087451872406	0.01876939347758019	1.9705439117812926e-20	0.12206556369388016	0.22975618534356795
11	0.09759062673745648	0.01876147485061793	2.1911984800132518e-07	0.04376803273245006	0.1514132207424629
