Params: 	67
Performance: 	0.9151429662861194
Term	Coefficient	Standard Error	p-value	95% CI lower	95% CI upper
Intercept	8.826438473824393
1	0.4034782819221829	0.005518206335166619	0.0	0.3848392727119234	0.42211729113244234
2	0.3502256556128642	0.005517880960733878	0.0	0.3315877454294769	0.36886356579625146
3	0.007433159244175437	0.005518316683740207	0.17814870109093864	-0.011206222693734039	0.026072541182084914
4	0.07032879404674475	0.005518215593797997	1.0645871406501972e-35	0.05168975356333144	0.08896783453015805
5	0.006450181180510359	0.005528760360632794	0.24350071905500023	-0.012224476674602386	0.025124839035623105
6	0.023319944898172625	0.005636994882256732	3.680001766888056e-05	0.004279700089096207	0.042360189707249044
7	0.3602199897505119	0.005590946754080195	0.0	0.3413352830697813	0.3791046964312425
8	-0.028406137127950284	0.0055919751379731	4.1653685731147607e-07	-0.04729431741145822	-0.009517956844442354
9	0.13292563308641778	0.005636830293857075	1.6429953664935176e-107	0.11388594421246064	0.15196532196037493
10	0.0824378508650982	0.0055266084992013995	1.4730857241404467e-47	0.06377046141616724	0.10110524031402915
11	0.04705815276963754	0.005515744863586142	2.9902434502810543e-17	0.028427457744943554	0.06568884779433153
1,2	-0.13410258535206446	0.005475486129398784	9.875893178804776e-115	-0.1525972972562054	-0.11560787344792352
1,3	0.0025079417984577154	0.005475086585933507	0.6469609177546918	-0.015985420555869954	0.021001304152785387
1,4	-0.020535666584279022	0.005476838084501058	0.00018269002232809846	-0.03903494502726838	-0.0020363881412896606
1,5	-0.006610205912824352	0.005476377708096993	0.22757366457618652	-0.025107929328778773	0.011887517503130069
1,6	-0.04863344175034108	0.005498164569087019	2.109378488619201e-18	-0.06720475529286757	-0.030062128207814585
1,7	-0.18112677677390696	0.00551726438544209	4.740770214520338e-186	-0.19976260433264334	-0.16249094921517057
1,8	0.02745506559397934	0.005518709371723663	7.1429177391252e-07	0.008814357262220879	0.0460957739257378
1,9	-0.034249204749191964	0.005498274063226952	5.813311627108275e-10	-0.052820888133322544	-0.01567752136506138
1,10	-0.032859398797282224	0.0054774069508544765	2.3883280878169965e-09	-0.05136059871702631	-0.014358198877538145
1,11	-0.006719607953206885	0.005475263957460133	0.21988116825206963	-0.02521356942060094	0.011774353514187173
2,3	-0.01207711576987731	0.005475665737855579	0.02753677149904681	-0.030572434342830017	0.006418202803075396
2,4	-0.0036109633967342254	0.0054757801767912305	0.5096949446665144	-0.022106668513474183	0.01488474172000573
2,5	-0.0022240266701446616	0.005475852622353553	0.6846789126282663	-0.020719976488409234	0.01627192314811991
2,6	0.05733028094043552	0.005497053105206279	8.95641487588108e-25	0.03876272162242542	0.07589784025844562
2,7	-0.15874169029208418	0.005516831151561392	2.194137112555982e-150	-0.17737605450389185	-0.1401073260802765
2,8	-0.022920619101977218	0.005518131105578614	3.4229902427565706e-05	-0.04155937420702596	-0.004281863996928471
2,9	-0.04539720809652685	0.005497142923831993	2.8062532263806095e-16	-0.06396507079757308	-0.026829345395480618
2,10	-0.012323523370924846	0.00547813146051879	0.024594365566659556	-0.03082717048845129	0.006180123746601599
2,11	-0.0059776863380401075	0.005473683744151981	0.2749436201030511	-0.02446631027207353	0.012510937595993315
3,4	-0.001939013242008323	0.005475013163521673	0.7232623883708318	-0.020432127595277804	0.016554101111261158
3,5	0.001249040754522819	0.005476799143466956	0.8196249389217085	-0.01725010615618065	0.019748187665226288
3,6	-0.008580809773169303	0.005496950715899853	0.11869461501123317	-0.02714802324778219	0.009986403701443583
3,7	0.0029054798458188758	0.005517260237335531	0.5985241576638731	-0.015730333701734947	0.0215412933933727
3,8	0.004013400385489897	0.0055188775747997175	0.4671889171432869	-0.014627876090787514	0.02265467686176731
3,9	-0.002646671771789552	0.005496982294755032	0.6302352475670447	-0.02121399191123822	0.015920648367659114
3,10	-0.006666140201957223	0.0054784442272959285	0.2238402200302645	-0.025170843761103585	0.01183856335718914
3,11	-0.007498713443810739	0.005474071831061693	0.17089949889035405	-0.025988648230509892	0.010991221342888415
4,5	-0.0013831480729582565	0.005476344364764903	0.800630760673605	-0.019880758864150902	0.017114462718234393
4,6	-0.009950329661981597	0.005498112370797414	0.0704960503138006	-0.028521466892797075	0.008620807568833879
4,7	-0.0072920255630359075	0.005516552135597139	0.18638596508510355	-0.025925447334345413	0.0113413962082736
4,8	-0.0012806613003955017	0.005518674373371355	0.8165178216942541	-0.019921251417181308	0.017359928816390303
4,9	-0.0018710929649778446	0.0054980140617321305	0.7336536237545423	-0.020441898134347634	0.016699712204391943
4,10	-0.004461750456080059	0.005479617015557083	0.41561116348961136	-0.022970415376921443	0.014046914464761324
4,11	0.0030673363212183613	0.0054749506078930294	0.5753784714958367	-0.015425566736048831	0.021560239378485554
5,6	-0.004119525706135039	0.005502985356751982	0.45419606156812387	-0.02270712256614376	0.014468071153873684
5,7	-0.009090217170406272	0.005528109066627885	0.10027397573899041	-0.027762675130441027	0.009582240789628481
5,8	-0.00047277005604895277	0.005529614683829686	0.9318750245211612	-0.019150313583963373	0.018204773471865464
5,9	0.009208349160418003	0.005503298779410746	0.09445156884084514	-0.009380306356601455	0.02779700467743746
5,10	0.006000102151022083	0.005482641619942293	0.273932459598118	-0.012518779065762063	0.02451898336780623
5,11	-0.009157653959558715	0.0054764141229910555	0.09465698178661536	-0.02765550037518089	0.009340192456063458
6,7	-0.03273440733365726	0.005634465265110502	7.3724326643220255e-09	-0.05176610777986951	-0.013702706887445012
6,8	0.03333843716978495	0.005638646579313526	4.0147873282436485e-09	0.014292613374569874	0.052384260965000026
6,9	-0.005602541477183264	0.0055941624837263755	0.3167193299083331	-0.024498110023319485	0.013293027068952957
6,10	-0.021543255729037956	0.005502613885549335	9.369964735908046e-05	-0.040129597859747526	-0.002956913598328382
6,11	-0.00435754175931021	0.005496239234716997	0.42798462024726613	-0.022922352042828976	0.014207268524208559
7,8	0.06569785880913685	0.005591973212104531	8.997476862019877e-31	0.04680968503069231	0.08458603258758139
7,9	-0.0808465737361622	0.005634690811287112	2.603951236029163e-44	-0.09987903601638497	-0.061814111455939444
7,10	-0.0779644670243137	0.0055240019971187874	5.305490317970185e-43	-0.09662305241385043	-0.05930588163477697
7,11	-0.010535595212132673	0.0055149461125341605	0.05624241998343481	-0.029163592271707138	0.008092401847441795
8,9	-0.031054991616866666	0.005638454645404018	4.1530740571721305e-08	-0.05010016711122277	-0.012009816122510564
8,10	-0.026198577273863915	0.005527173568534946	2.3036508517861505e-06	-0.044867875374242944	-0.0075292791734848895
8,11	0.00786659151530424	0.005516048189561103	0.1540028579961174	-0.010765128062532128	0.026498311093140606
9,10	0.04040508908466053	0.005502663924487153	3.138953905118048e-13	0.021818577935946513	0.05899160023337454
9,11	-0.0134108714669926	0.00549607277089517	0.01477875849250571	-0.031975119480723006	0.005153376546737807
10,11	-0.008816933205135102	0.005476427358912498	0.10757584940742046	-0.027314824328121715	0.00968095791785151
