Params: 	67
Performance: 	0.9151429662861195
Term	Coefficient	Standard Error	p-value	95% CI lower	95% CI upper
Intercept	6.514425941017928
1	1.6767043248056896	0.03662673189879979	4.186583647819757e-305	1.5529891261091877	1.8004195235021916
2	1.3805415861216117	0.0367845486458441	8.34495988200346e-229	1.256293325117717	1.5047898471255063
3	0.07233152132500589	0.03669187636893008	0.04883827522777763	-0.05160371778046337	0.19626676043047514
4	0.23917221793595086	0.03667573252873757	9.006121318844929e-11	0.11529150835833189	0.3630529275135698
5	0.04610047332524515	0.03667049409317048	0.2088590303080811	-0.077762542233185	0.1699634888836753
6	0.13634615995751653	0.036538154362541576	0.00019609793451550532	0.012930152232475234	0.25976216768255783
7	1.699896808402501	0.037775627373829564	6.633306589957096e-298	1.5723009513833417	1.8274926654216603
8	-0.1696997425049873	0.03754341025004118	6.5792031028356845e-06	-0.29651123285748404	-0.042888252152490564
9	0.5967827014420548	0.036562048751579666	5.321042909068135e-56	0.47328598493044344	0.7202794179536661
10	0.453733411376019	0.03669305229694804	8.747362604310088e-34	0.32979420030360507	0.577672622448433
11	0.20519765654260763	0.036707953225081205	2.6144917060072662e-08	0.08120811416327142	0.3291871989219438
1,2	-0.5364103414082517	0.021901944517595112	9.875893178849774e-115	-0.6103891890248154	-0.462431493791688
1,3	0.01003176719382922	0.021900346343734035	0.6469609177547457	-0.06394168222348148	0.08400521661113994
1,4	-0.08214266633711634	0.021907352338004234	0.00018269002232808968	-0.15613978010907378	-0.008145552565158892
1,5	-0.026440823651298583	0.021905510832387974	0.22757366457616596	-0.10043171731511627	0.0475500700125191
1,6	-0.19453376700136296	0.02199265827634805	2.1093784886202183e-18	-0.26881902117146883	-0.12024851283125707
1,7	-0.7245071070956262	0.02206905754176833	4.740770214524114e-186	-0.7990504173305716	-0.6499637968606807
1,8	0.10982026237591185	0.022074837486894636	7.142917739134156e-07	0.03525742904887806	0.18438309570294564
1,9	-0.13699681899676822	0.0219930962529078	5.81331162710762e-10	-0.2112835525332905	-0.06271008546024591
1,10	-0.13143759518913398	0.021909627803417892	2.3883280878136158e-09	-0.20544239486811025	-0.0574327955101577
1,11	-0.02687843181282973	0.02190105582984054	0.2198811682520323	-0.10085427768240599	0.04709741405674653
2,3	-0.04830846307951044	0.021902662951422312	0.027536771499042916	-0.12228973737132126	0.02567281121230037
2,4	-0.014443853586937738	0.021903120707164905	0.5096949446664891	-0.08842667405389751	0.059538966880022026
2,5	-0.008896106680578275	0.021903410489414188	0.6846789126282786	-0.08287990595363649	0.06508769259247994
2,6	0.22932112376174274	0.02198821242082509	8.956414875877483e-25	0.1550508864897024	0.3035913610337831
2,7	-0.6349667611683361	0.02206732460624555	2.1941371125563567e-150	-0.7095042180155667	-0.5604293043211054
2,8	-0.09168247640791406	0.022072524422314423	3.422990242752979e-05	-0.16623749682810895	-0.017127455987719184
2,9	-0.1815888323861127	0.02198857169532797	2.806253226375107e-16	-0.25586028319029763	-0.10731738158192777
2,10	-0.049294093483701826	0.021912525842075144	0.024594365566652347	-0.12330868195380756	0.024720494986403913
2,11	-0.02391074535216195	0.02189473497660789	0.27494362010301976	-0.09786524108829553	0.05004375038397163
3,4	-0.007756052968035807	0.021900052654086687	0.7232623883707459	-0.08172851038111373	0.06621640444504212
3,5	0.004996163018092335	0.021907196573867815	0.8196249389216709	-0.06900042462472152	0.07899275066090618
3,6	-0.03432323909267518	0.021987802863599405	0.11869461501125485	-0.1085920929911267	0.03994561480577634
3,7	0.011621919383278114	0.02206904094934213	0.598524157663791	-0.0629213348069372	0.08616517357349343
3,8	0.01605360154196299	0.02207551029919887	0.46718891714319233	-0.05851150436314666	0.09061870744707264
3,9	-0.010586687087166813	0.021987929179020135	0.6302352475667667	-0.08485596764496149	0.06368259347062787
3,10	-0.026664560807829647	0.021913776909183717	0.22384022003025159	-0.1006833750444151	0.047354253428755815
3,11	-0.029994853775247216	0.021896287324246765	0.17089949889029318	-0.1039545929220438	0.04396488537154937
4,5	-0.00553259229183637	0.0219053774590596	0.8006307606734868	-0.07952303545660691	0.06845785087293416
4,6	-0.039801318647925424	0.021992449483189673	0.07049605031380768	-0.11408586757118738	0.034483230275336535
4,7	-0.029168102252139172	0.022066208542388555	0.18638596508517083	-0.1037017893373772	0.045365584833098854
4,8	-0.005122645201584966	0.02207469749348541	0.8165178216941499	-0.07968500566872815	0.06943971526555821
4,9	-0.007484371859908381	0.021992056246928522	0.733653623754645	-0.08176759253738754	0.06679884881757077
4,10	-0.017847001824319933	0.021918468062228344	0.41561116348961946	-0.0918816615076855	0.05618765785904563
4,11	0.012269345284870885	0.021899802431572087	0.5753784714959157	-0.061702266944197774	0.08624095751393954
5,6	-0.016478102824543338	0.02201194142700793	0.45419606156803694	-0.09082849026457823	0.05787228461549155
5,7	-0.03636086868162396	0.02211243626651156	0.10027397573900126	-0.11105070052176302	0.038328963158515104
5,8	-0.0018910802241963835	0.02211845873531873	0.9318750245211407	-0.076601254335854	0.07281909388746123
5,9	0.0368333966416699	0.02201319511764297	0.09445156884086375	-0.037521225426407886	0.11118801870974769
5,10	0.024000408604087625	0.021930566479769174	0.2739324595981323	-0.050075116263048974	0.09807593347122423
5,11	-0.03663061583823538	0.02190565649196421	0.0946569817866105	-0.11062200150072404	0.037360769824253286
6,7	-0.13093762933461767	0.022537861060441998	7.372432664343601e-09	-0.20706443111946665	-0.054810827549768695
6,8	0.13335374867913674	0.022554586317254093	4.014787328246784e-09	0.057170453498276486	0.209537043859997
6,9	-0.022410165908715328	0.022376649934905495	0.3167193299087157	-0.09799244009326019	0.05317210827582954
6,10	-0.08617302291615002	0.022010455542197334	9.36996473591114e-05	-0.16051839143898827	-0.011827654393311751
6,11	-0.017430167037245245	0.02198495693886798	0.42798462024714934	-0.09168940817132029	0.0568290740968298
7,8	0.2627914352365355	0.022367892848418114	8.997476862071916e-31	0.18723874012275735	0.33834413035031363
7,9	-0.323386294944647	0.02253876324514844	2.6039512360317286e-44	-0.39951614406553804	-0.24725644582375594
7,10	-0.31185786809725263	0.022096007988475153	5.3054903179772335e-43	-0.38649220965539954	-0.23722352653910572
7,11	-0.04214238084852873	0.022059784450136642	0.05624241998344625	-0.1166543690868266	0.03236960738976914
8,9	-0.12421996646746741	0.022553818581616064	4.153074057171331e-08	-0.2004006684448918	-0.04803926449004303
8,10	-0.10479430909545293	0.02210869427413976	2.3036508517874935e-06	-0.17947150149696894	-0.030117116693936907
8,11	0.03146636606121635	0.02206419275824439	0.15400285799612498	-0.04306051225012905	0.10599324437256175
9,10	0.16162035633864402	0.022010655697948613	3.138953905116084e-13	0.08727431174378797	0.23596640093350008
9,11	-0.053643485867968375	0.021984291083580677	0.014778758492509472	-0.12790047792289	0.02061350618695324
10,11	-0.0352677328205404	0.02190570943564999	0.10757584940742057	-0.10925929731248685	0.03872383167140605
