Params: 	232
Performance: 	0.957979520212946
Term	Coefficient	Standard Error	p-value	95% CI lower	95% CI upper
Intercept	8.823828691921749
1	0.4082782964870924	0.004144692144545218	0.0	0.39290843439611783	0.423648158578067
2	0.3504534466103862	0.004144788573532378	0.0	0.33508322692946707	0.3658236662913053
3	0.008006252440427578	0.004147009485124054	0.0537021159178584	-0.0073722031006447	0.023384707981499858
4	0.07221344843112067	0.004147553979516482	1.7769327585452133e-62	0.05683297372832803	0.0875939231339133
5	0.0062043735771674545	0.004166670672607749	0.13666519423227705	-0.009246992020823502	0.02165573917515841
6	0.02141687680470597	0.004347718596017047	9.23157672699003e-07	0.005294126814916339	0.0375396267944956
7	0.3584558522040452	0.004273186334082955	0.0	0.3426094920032446	0.3743022124048458
8	-0.026126035841732374	0.0042768998391373115	1.249929799622861e-09	-0.04198616692311205	-0.0102659047603527
9	0.13093176086489897	0.004348365363462963	3.33621489232797e-159	0.11480661245175194	0.147056909278046
10	0.07870362260196355	0.004162686473944379	2.4288903716310697e-72	0.06326703170420687	0.09414021349972022
11	0.04675968368075247	0.004141194023520586	1.553759278357842e-28	0.03140279375655196	0.062116573604952985
1,2	-0.13768845331877372	0.004084140661199755	4.0157284928564817e-190	-0.15283377088003006	-0.12254313575751738
1,3	0.0011380823620610872	0.004083583660312429	0.780512211481458	-0.014005169659337485	0.01628133438345966
1,4	-0.022355151623962254	0.004088030850527733	5.234481575037079e-08	-0.037514895268361464	-0.007195407979563041
1,5	-0.0069940009249724894	0.004088365459117981	0.0873223671661415	-0.022154985406497164	0.008166983556552187
1,6	-0.050670221598353306	0.004185677956259096	2.203993968590657e-32	-0.0661920723658712	-0.03514837083083541
1,7	-0.1771724065651715	0.004143041342047595	8.789358248234413e-270	-0.19253614694533064	-0.16180866618501236
1,8	0.022984731645490687	0.004143826093045602	3.382544697483276e-08	0.007618081154231746	0.03835138213674963
1,9	-0.03619518046915223	0.004185593676747027	1.2212029023545685e-17	-0.05171671870091779	-0.020673642237386672
1,10	-0.03391465571619334	0.0040902819469127915	2.285622131560782e-16	-0.049082747155744816	-0.01874656427664187
1,11	-0.006723908523214361	0.004083034067287102	0.09979062099107609	-0.021865122475508925	0.008417305429080202
2,3	-0.011704708932375624	0.004084672464322513	0.004215847014154014	-0.026851998592010158	0.0034425807272589082
2,4	-0.004779573299709211	0.0040861087465715075	0.24228503038135443	-0.019932189159534465	0.010373042560116043
2,5	-0.003286023471559762	0.004090303424916574	0.4218767797002456	-0.018454194558511963	0.011882147615392438
2,6	0.05581035644028725	0.004185920159001992	1.3522667143242686e-38	0.04028760750648184	0.07133310537409267
2,7	-0.15784986319449634	0.004142086423338032	1.1695253159451546e-228	-0.17321006242651654	-0.14248966396247614
2,8	-0.02347809071592071	0.004143575820140026	1.719388099534889e-08	-0.038843813114112745	-0.008112368317728677
2,9	-0.04682632846862224	0.004185589396238449	4.634247321187964e-28	-0.06234785082687434	-0.031304806110370134
2,10	-0.010819660600498592	0.004092155782233295	0.008270670448504427	-0.025994700828875124	0.004355379627877942
2,11	-0.006533394947189431	0.004078907751547674	0.1094014985735804	-0.021659307183060424	0.00859251728868156
3,4	-0.000949250093943874	0.004085043073728031	0.8162777368411116	-0.016097914093397572	0.014199413905509823
3,5	0.0025663926547853802	0.0040912139807797974	0.5305532783520355	-0.01260515506849005	0.01773794037806081
3,6	-0.008447846372753063	0.0041928708816128014	0.04408581164130772	-0.02399637083927237	0.007100678093766246
3,7	0.003613487528040445	0.004145371426378158	0.3835028041391416	-0.01175889356017905	0.018985868616259942
3,8	0.003110626572815042	0.004146329144071479	0.45323356895069744	-0.012265306043082526	0.018486559188712608
3,9	-0.002422904243320999	0.004192847025801959	0.5634331220930171	-0.01797134024476017	0.013125531758118172
3,10	-0.0066446839354952734	0.004093884922404724	0.10476373290369238	-0.021826136376177082	0.008536768505186535
3,11	-0.006071400122055292	0.0040808700879040065	0.13700179715909647	-0.02120458933728231	0.009061789093171726
4,5	-0.001067028701614528	0.004091575089473187	0.7942893825619457	-0.016239915532988626	0.014105858129759568
4,6	-0.007484031987746559	0.0041876147346772245	0.07409093646711933	-0.02301306495750029	0.008045000982007174
4,7	-0.006071407278727528	0.004143800863372411	0.14306220737178055	-0.021437964210179364	0.00929514965272431
4,8	-0.002835635068349391	0.004146797783574631	0.49418885756823616	-0.018213305551447373	0.012542035414748593
4,9	0.000504400581205355	0.004187092751447197	0.9041289619836566	-0.01502269670551583	0.016031497867926542
4,10	-0.004211049786201657	0.00409450107047454	0.3038815738401135	-0.01939478710366814	0.010972687531264826
4,11	0.00383539545374166	0.004083044393473173	0.3476896922270538	-0.01130585679139838	0.0189766476988817
5,6	-0.006106710679510609	0.0042100208493032224	0.14710363793235434	-0.021718832785872326	0.009505411426851107
5,7	-0.009606512320038337	0.004165524479651085	0.021222779179908453	-0.025053627462975167	0.005840602822898494
5,8	0.00010271816371536669	0.004166801048225496	0.9803358613039113	-0.015349130909331134	0.015554567236761865
5,9	0.0073119683150950285	0.00421000329524048	0.08260709047862683	-0.008300088695111393	0.02292402532530145
5,10	0.003947364903339186	0.004099745406780413	0.33577263680677816	-0.011255820113249184	0.019150549919927557
5,11	-0.008265335875271809	0.004088846480831145	0.04339547458512263	-0.02342810414124567	0.0068974323907020525
6,7	-0.03548311978329728	0.004348046277145574	6.522854037045978e-16	-0.05160708492093859	-0.01935915464565598
6,8	0.03557118587967375	0.004348033394691923	5.549616213001901e-16	0.019447268514346798	0.0516951032450007
6,9	-0.008121519251770428	0.004277739399110555	0.05779694012904701	-0.023984763693697963	0.007741725190157107
6,10	-0.019645656840564588	0.00421741068509618	3.4444320507030852e-06	-0.03528518285367055	-0.0040061308274586295
6,11	-0.002591389303949008	0.004176661429780496	0.53505018323438	-0.018079803868322575	0.01289702526042456
7,8	0.067791676972026	0.004272307204895984	6.85952918666517e-53	0.051948576867245244	0.08363477707680675
7,9	-0.08350448205774917	0.004347475953961251	2.184365930139692e-74	-0.09962633225213663	-0.06738263186336171
7,10	-0.08254433964362293	0.004158843172106991	8.211428800505791e-79	-0.09796667833225174	-0.06712200095499411
7,11	-0.011498100401086129	0.004139143362710324	0.005533001651508824	-0.026847385810222585	0.003851185008050328
8,9	-0.028731438778925263	0.0043486839831094045	5.274142478869198e-11	-0.04485776873701085	-0.012605108820839681
8,10	-0.02213466839430691	0.004161615660223649	1.1872463813934711e-07	-0.03756728836765261	-0.006702048420961211
8,11	0.008494741220612105	0.004140093104702363	0.040343845096683935	-0.006858066139716517	0.02384754858094073
9,10	0.04239349210118653	0.00421711086384677	4.053419404579378e-23	0.02675507792246891	0.05803190627990415
9,11	-0.01173552313968379	0.004176185415605888	0.005010799631093354	-0.027222172489184474	0.0037511262098168952
10,11	-0.009002659359234132	0.004086643075437189	0.027735845911603555	-0.024157256683711124	0.006151937965242859
1,2,3	-0.000362213581746716	0.004047268984765717	0.928698718819817	-0.015370799013790508	0.014646371850297078
1,2,4	-0.02196159912548466	0.00404895388741574	6.689095152156551e-08	-0.03697643272276351	-0.006946765528205804
1,2,5	0.001472301510876464	0.004047500515103016	0.716086883595125	-0.013537142510715132	0.016481745532468058
1,2,6	-0.08090530811311772	0.004068791958082369	4.5695107604155115e-79	-0.09599370770749925	-0.06581690851873619
1,2,7	0.008578828098970152	0.004082863342866567	0.035776109124695775	-0.006561752751827923	0.023719408949768227
1,2,8	0.03067622177276958	0.004083752971396457	9.492518991145237e-14	0.015532341890984463	0.0458201016545547
1,2,9	-0.047614386253570604	0.004068724344507007	1.8882378661756756e-30	-0.06270253511489585	-0.03252623739224536
1,2,10	-0.03410192920512685	0.0040512779285100725	8.204250760669181e-17	-0.049125381100187035	-0.01907847731006666
1,2,11	-0.019431287221932783	0.004048611942833188	1.7339022524703406e-06	-0.03444485277784854	-0.004417721666017024
1,3,4	-0.0023404638358891054	0.004050237345189586	0.563438306167119	-0.01736005691066246	0.012679129238884252
1,3,5	-0.0006630826348428187	0.004046956784161106	0.869871420749364	-0.015670510325836072	0.014344345056150436
1,3,6	0.00029766070965365175	0.0040656582369923075	0.941645141201112	-0.014779118031041745	0.015374439450349048
1,3,7	-0.013668046653053675	0.00408248876606906	0.0008323203389429643	-0.02880723845165695	0.0014711451455496002
1,3,8	-0.0014005580151036662	0.00408395559600296	0.7316859943443561	-0.016545189294616187	0.013744073264408853
1,3,9	0.00532246075188147	0.004065498089935833	0.19065578817942225	-0.009753724111612329	0.020398645615375268
1,3,10	0.0037105207561929886	0.004049563525537977	0.3596552700397263	-0.011306573576874533	0.01872761508926051
1,3,11	0.0016854602369530507	0.004046388774614181	0.6770729932188428	-0.01331986109050387	0.016690781564409972
1,4,5	-0.003169668537764153	0.0040486212240620975	0.43379741435417096	-0.01818326851148548	0.011843931435957175
1,4,6	0.008717256039587506	0.004070167327090239	0.032359706283759844	-0.006376243868939908	0.023810755948114923
1,4,7	-0.01627374283984981	0.004085483908039782	7.091021879758751e-05	-0.03142404159584037	-0.0011234440838592472
1,4,8	0.004171130353634417	0.004088133962623133	0.3077344803728597	-0.010988995663841237	0.01933125637111007
1,4,9	-0.007061264108348783	0.004070045185033566	0.0829384720932085	-0.02215431107453426	0.008031782857836692
1,4,10	-0.00034287849866393265	0.004053259480894772	0.9325949759736649	-0.01537367863234275	0.014687921635014884
1,4,11	-0.006010267183476064	0.00405071734377756	0.13806466286406577	-0.021031640248618727	0.009011105881666598
1,5,6	0.004861575861415008	0.004067442030668084	0.23216389573667612	-0.010221817764497258	0.019944969487327276
1,5,7	0.006451387948762959	0.004087709438139909	0.11470150776278971	-0.008707163794307301	0.02160993969183322
1,5,8	0.0011930617117710167	0.004088709906705592	0.7704805731379615	-0.013969200093070934	0.01635532351661297
1,5,9	-0.00925019049304672	0.004067860627829831	0.023095387892757335	-0.02433513641293484	0.005834755426841398
1,5,10	-0.004574712511007296	0.0040528624314401865	0.25916231486607133	-0.019604040256593718	0.010454615234579124
1,5,11	0.004392695871261135	0.004047859348450907	0.2779956257378655	-0.010618078820710405	0.019403470563232675
1,6,7	-0.0048862567825370875	0.0041839762504718376	0.24303547790395372	-0.02040179707333984	0.010629283508265667
1,6,8	-0.014905597022079248	0.00418675052059221	0.00038107003881446917	-0.030431425205846345	0.0006202311616878512
1,6,9	0.013014283221493082	0.004145997887536196	0.0017251804720883376	-0.0023604209877854925	0.02838898743077166
1,6,10	0.004034143569871161	0.004071519295974975	0.3219182189500705	-0.011064369877559746	0.019132657017302067
1,6,11	-0.002893721085265484	0.004066497200769129	0.4768125382069437	-0.017973610975619135	0.012186168805088169
1,7,8	-0.04723232413998213	0.004143377738357342	4.935305954837358e-29	-0.06259731198671016	-0.03186733629325409
1,7,9	-0.0004615928797373995	0.004184140040352942	0.912169246685962	-0.015977740556516403	0.015054554797041604
1,7,10	0.030178731610484257	0.004087566734369728	2.4390046322623385e-13	0.015020709059255283	0.04533675416171323
1,7,11	-0.00867046451015402	0.0040816970588804955	0.03379879878869689	-0.023806720401847857	0.006465791381539814
1,8,9	0.032329204222165384	0.004186670280136078	1.9702337862461876e-14	0.016803673596021834	0.04785473484830893
1,8,10	0.031451115693346035	0.004090418803120156	2.52783249215044e-14	0.016282516746611853	0.04661971464008022
1,8,11	-0.007672514945373623	0.004083215600481743	0.06041499264542434	-0.022814402081603027	0.007469372190855779
1,9,10	-0.04510117290390293	0.004071617320421237	1.4693823904098484e-27	-0.06020004985775797	-0.030002295950047886
1,9,11	-0.0005384320730230149	0.0040665315190754215	0.8946794781606107	-0.015618449226781647	0.014541585080735617
1,10,11	-0.0048680303731676675	0.004048263759393774	0.2293425277459539	-0.019880304752016586	0.01014424400568125
2,3,4	0.002857180665972424	0.004048584275811741	0.4804594864594396	-0.012156282291658762	0.017870643623603612
2,3,5	-0.004462005567928175	0.004047135157030024	0.27040046172659093	-0.019470094723343982	0.010546083587487631
2,3,6	0.008298505187933418	0.004066590371098608	0.04144359802536632	-0.006781730208205734	0.02337874058407257
2,3,7	0.0006419869450059379	0.004083622590999005	0.875098400750533	-0.014501409443998942	0.01578538333401082
2,3,8	-0.0018563282373607144	0.004084818678460872	0.649567669839572	-0.017004160106419725	0.013291503631698294
2,3,9	0.006354918526546129	0.004066620241708818	0.11831371685264441	-0.008725427639499083	0.02143526469259134
2,3,10	0.0038363514116004837	0.004054316025559226	0.34416489463330957	-0.011198366732202918	0.018871069555403887
2,3,11	5.319211320491471e-05	0.004045766450544508	0.9895116209533811	-0.01494982143485774	0.01505620566126757
2,4,5	-0.0019507780058800554	0.004050738079268844	0.630163874256751	-0.016972227964946393	0.013070671953186282
2,4,6	-0.00620415419568099	0.004067484282429037	0.12737410067942725	-0.021287704504819975	0.008879396113457994
2,4,7	-0.00806806901743541	0.004082806548131955	0.048308318639942636	-0.02320843925494593	0.007072301220075109
2,4,8	0.004191716998317847	0.004085939024552045	0.3050941601708368	-0.010960269477239054	0.01934370347387475
2,4,9	-0.0066102275901574695	0.004067240807598833	0.10430260802042357	-0.021692875015696816	0.008472419835381877
2,4,10	-0.0014000242065707446	0.004052956772371951	0.7298129210514133	-0.016429701798915425	0.013629653385773937
2,4,11	0.003511170227789538	0.004047337980955174	0.3857797332865619	-0.011497671064491826	0.018520011520070902
2,5,6	0.0002788253521451359	0.004067876046903101	0.9453614906053129	-0.014806177746665195	0.015363828450955467
2,5,7	-0.002058774159547784	0.004089358523906413	0.614717225800624	-0.01722344124723796	0.013105892928142392
2,5,8	0.0014895880088782055	0.004090641756655183	0.715796020008284	-0.013679837721840544	0.016659013739596953
2,5,9	-0.004262622584409757	0.004068068550245006	0.2948723908146481	-0.019348339548017266	0.010823094379197751
2,5,10	-0.006304629159036188	0.004054175942469683	0.12011461586269392	-0.021338827829331677	0.0087295695112593
2,5,11	0.002905436871480111	0.004046264950025197	0.4728253177652232	-0.012099425274259622	0.017910299017219845
2,6,7	-0.013544255062535312	0.004180758986208343	0.0012204499988101218	-0.029047864694481965	0.001959354569411341
2,6,8	0.006035310415262233	0.004186481478275322	0.14959912748269763	-0.00948952007237618	0.021560140902900645
2,6,9	-0.010907407726920771	0.004145600336675992	0.008590407050555785	-0.026280637688732372	0.00446582223489083
2,6,10	-0.0014194540421886594	0.004072573853637493	0.7274791668893558	-0.01652187813129683	0.01368297004691951
2,6,11	-0.006013732278516812	0.0040638118077495735	0.1391101460519996	-0.021083663861007972	0.009056199303974347
2,7,8	-0.01989017654532449	0.004142777835795139	1.7196547949219966e-06	-0.03525293975887652	-0.004527413331772456
2,7,9	0.022176755399816124	0.004181010595336211	1.2846102020165742e-07	0.0066722127196571345	0.03768129807997511
2,7,10	0.02310149422333893	0.0040891474151787035	1.89130731650995e-08	0.007937609995247955	0.03826537845142991
2,7,11	-0.005164335879233656	0.0040784619692293194	0.20560324361891877	-0.020288595009755266	0.009959923251287951
2,8,9	0.02356857800389258	0.00418614674190031	2.1114916585321615e-08	0.00804498882724696	0.0390921671805382
2,8,10	0.01753211156431926	0.004092215476542131	1.9389577334547814e-05	0.0023568499700939664	0.03270737315854456
2,8,11	0.005749722572240047	0.004079031591929354	0.158851526934852	-0.009376648903912571	0.020876094048392666
2,9,10	-0.024055968716621953	0.0040728540356451855	4.2346977446993745e-09	-0.03915943181144356	-0.008952505621800349
2,9,11	-0.004063589901638791	0.004063598815909355	0.3174577529484275	-0.0191327316413391	0.011005551838061517
2,10,11	-0.0014388967300545874	0.004047762203606731	0.7222756547008454	-0.01644931117745168	0.013571517717342503
3,4,5	-0.004220395940143266	0.00404788010438595	0.2972771467577365	-0.019231247601850566	0.010790455721564035
3,4,6	0.0009108471330244736	0.004066595939165509	0.8227984113664447	-0.014169408911311795	0.015991103177360744
3,4,7	0.0028181279152396724	0.004082401335063043	0.49009521404613254	-0.01232073966085006	0.017956995491329404
3,4,8	-0.0009933145984184124	0.004084889274464486	0.8079053435932814	-0.016141408260344513	0.014154779063507686
3,4,9	0.0014344855489143282	0.004066397347227314	0.7243090130933354	-0.013645034052135928	0.016514005149964584
3,4,10	0.004395015629025351	0.00405192510072073	0.2782242835253036	-0.010630836190391103	0.019420867448441806
3,4,11	-0.004194519907861888	0.004047131209845915	0.30015855029494376	-0.019202594425839426	0.010813554610115649
3,5,6	0.001575248442523834	0.0040706545519854555	0.6988232141650749	-0.013520058253862752	0.01667055513891042
3,5,7	0.003645250700070348	0.004090258657704779	0.372949829046635	-0.01152275437554796	0.018813255775688657
3,5,8	-0.0054965029289936376	0.004091639955194842	0.1793429629226718	-0.020669630303491685	0.009676624445504411
3,5,9	0.0032353785395367674	0.004071026354489606	0.4268828454132111	-0.01186130692106549	0.018332064000139026
3,5,10	-0.0017959823130221358	0.004052457184527799	0.6576909088082875	-0.01682380727168519	0.013231842645640922
3,5,11	-0.004002960644273151	0.0040474654909581145	0.3228056214416398	-0.019012274784981388	0.011006353496435084
3,6,7	-0.0021197163645011487	0.00418914683878407	0.612922688735261	-0.01765443087295788	0.01341499814395558
3,6,8	-7.956444858242453e-05	0.004194102438354948	0.9848668820345727	-0.01563265592674551	0.015473527029580658
3,6,9	0.0028815277689196546	0.004147950545874145	0.4873489191925766	-0.012500417530485378	0.018263473068324685
3,6,10	0.0025679687289680148	0.00407394982613653	0.5285599511386248	-0.012539557912226927	0.017675495370162955
3,6,11	0.0022310509303065168	0.004064186182634144	0.5831111255891758	-0.01284026895562082	0.017302370816233852
3,7,8	0.0019547304840001212	0.004146120252237814	0.6373743120010187	-0.013420427493260027	0.017329888461260268
3,7,9	-0.004074421765074472	0.004189257138320133	0.3309001686850135	-0.01960954529996763	0.011460701769818685
3,7,10	-0.0036756225632218944	0.004091495792640589	0.3691261002120656	-0.01884821533623441	0.011496970209790623
3,7,11	0.0008868584564389118	0.004079455941142255	0.8279263445167248	-0.014241086644159927	0.01601480355703775
3,8,9	0.00013826276741345147	0.004194074579180795	0.9737055040770973	-0.015414725399900537	0.015691250934727438
3,8,10	-0.001097793431896873	0.004094326392333588	0.7886361091234438	-0.016280882986189855	0.014085296122396108
3,8,11	-0.002823036645896105	0.0040811448398061145	0.48920603271821306	-0.01795724473024473	0.012311171438452518
3,9,10	0.0016710727779747593	0.00407404290191262	0.6817302670989971	-0.013436799018371064	0.016778944574320585
3,9,11	0.0006911599929162121	0.004064125037554023	0.864980855082601	-0.014379933147232134	0.015762253133064556
3,10,11	0.0011871529954502425	0.004048706797131134	0.7693924223504978	-0.013826764310951999	0.016201070301852482
4,5,6	-0.003754694332288786	0.004069200499660882	0.3562925486451374	-0.018844608931283733	0.01133522026670616
4,5,7	0.0028167021826044627	0.004089995154754768	0.49112052568935116	-0.012350325738653283	0.017983730103862207
4,5,8	-0.0024070682048343882	0.004091814632119939	0.556435212957739	-0.017580843337997157	0.012766706928328379
4,5,9	-0.0003271444797617465	0.004069337766294558	0.9359347640101818	-0.015417568107933221	0.014763279148409726
4,5,10	-0.0020101972064667474	0.004054885968119034	0.6201388048244418	-0.01704702888204489	0.013026634469111398
4,5,11	0.004800274100717894	0.004047687361234208	0.23582015438468773	-0.010209862806899611	0.019810411008335402
4,6,7	0.006643313436155148	0.004181815165598527	0.11233731226072706	-0.008864212851360683	0.02215083972367098
4,6,8	-0.006543890148081275	0.004188502683133038	0.11839770005136159	-0.02207621591856273	0.008988435622400181
4,6,9	0.006672863359833754	0.004148479539534585	0.10791464985089909	-0.008711043619552421	0.02205677033921993
4,6,10	-0.0008673251131437595	0.004074334271193029	0.8314504487093193	-0.01597627740123692	0.014241627174949402
4,6,11	-0.007561870577096706	0.0040653646914564105	0.06305264508931294	-0.022637560755783923	0.007513819601590509
4,7,8	-0.008940003018718248	0.004144035987627074	0.03112444753908456	-0.02430743186712854	0.0064274258296920465
4,7,9	0.003603752910373464	0.004182258295467926	0.3889904903485265	-0.011905416646351157	0.019112922467098087
4,7,10	0.0017830795049266716	0.004089807296306958	0.6629071573702539	-0.013383251776306974	0.016949410786160315
4,7,11	-0.002606253716587471	0.004080329975551594	0.5230830596077555	-0.017737440020119073	0.012524932586944131
4,8,9	-0.002527438185057465	0.004187976794367931	0.5462597385785082	-0.018057813789516212	0.01300293741940128
4,8,10	-0.000875220047708773	0.00409450429299661	0.830764584962641	-0.016058969315331763	0.01430852921991422
4,8,11	0.0019052595963265544	0.004083291126554076	0.6408482079547737	-0.013236907615062968	0.01704742680771608
4,9,10	0.0010736673864269186	0.0040743408842205345	0.7921831681870085	-0.014035309424916034	0.016182644197769873
4,9,11	-0.00020440992827284316	0.004065475244017433	0.9599057532382187	-0.015280510071695065	0.014871690215149379
4,10,11	-0.0011122657196997853	0.004049797108267669	0.7836215249060895	-0.016130226253251445	0.013905694813851873
5,6,7	0.0023524451491156798	0.004205825246957016	0.5760120577211778	-0.013244118303623324	0.017949008601854683
5,6,8	-0.0002747160304734115	0.004210675603699134	0.9479886083710861	-0.015889266178392293	0.01533983411744547
5,6,9	-0.001625984451753772	0.00416759471736634	0.6964763040936189	-0.017080776707264787	0.013828807803757243
5,6,10	-0.0037943230328595628	0.004080970734278297	0.35263099151315414	-0.018927885477469812	0.011339239411750688
5,6,11	0.00272399846652852	0.004066722581935291	0.503061853159148	-0.012356727210252928	0.01780472414330997
5,7,8	-0.0002861886600705726	0.0041654532586036675	0.9452325096739339	-0.015733039692275266	0.01516066237213412
5,7,9	-0.004668080974865426	0.0042058457011286115	0.26720204434252337	-0.0202647202783035	0.01092855832857265
5,7,10	-0.002605726075557476	0.00409726766926146	0.5248860155800043	-0.01779972283819698	0.01258827068708203
5,7,11	-0.0003578452153228037	0.004088002356443399	0.9302564808650798	-0.015517483194420147	0.01480179276377454
5,8,9	0.002823719090215316	0.004210662046939782	0.5025615181208196	-0.012790780784845086	0.018438218965275716
5,8,10	0.00278529111063033	0.0040999260304823764	0.4970101377641032	-0.012418563717199193	0.017989145938459853
5,8,11	0.0008148852282081395	0.004089475400300194	0.8420807153137426	-0.01435021527503896	0.01597998573145524
5,9,10	-0.00046538977557004403	0.0040812317670122274	0.9092264996927537	-0.015599920214178843	0.014669140663038755
5,9,11	0.0032409618440050773	0.004066747637588263	0.42559904974886686	-0.01183985674726009	0.018321780435270246
5,10,11	-0.001853968276304168	0.004052256740663028	0.6473609705191063	-0.016881049924137116	0.01317311337152878
6,7,8	-0.008897658073147274	0.0043472265013622365	0.040840928956118336	-0.02501858321643049	0.007223267070135942
6,7,9	0.008586240768712953	0.0042720583527439656	0.044607999180348246	-0.007255936511615661	0.024428418049041566
6,7,10	0.02820270461851957	0.004208801667323397	2.8312793323855295e-11	0.012595103634171316	0.043810305602867826
6,7,11	0.011739295470940651	0.004172628895803283	0.004959915334081765	-0.0037341651501856497	0.027212756092066952
6,8,9	0.01484964050786169	0.004278108207633898	0.0005316906890797361	-0.001014971595630099	0.03071425261135348
6,8,10	-0.0030413615929489827	0.004218101969775345	0.4709952953987169	-0.018683451113744733	0.012600727927846769
6,8,11	-0.010201359245079897	0.004177599551180766	0.014713497600480095	-0.02569325266772421	0.005290534177564416
6,9,10	-0.01829912409350029	0.004163097601753928	1.1751637963332469e-05	-0.03373723958645346	-0.0028610086005471207
6,9,11	0.003536869047246989	0.004142142555729819	0.3932982153201571	-0.011823538341878864	0.01889727643637284
6,10,11	0.00765820503239486	0.004069197100318861	0.06001215438595693	-0.007431696960737879	0.022748107025527597
7,8,9	0.01767155278165787	0.004346659940207212	5.016878157306354e-05	0.0015527286308042836	0.033790376932511454
7,8,10	0.020226410113134013	0.004159386919279348	1.2669705232073168e-06	0.004802055033719095	0.03565076519254893
7,8,11	-0.0011852900703234297	0.004139722372119449	0.7746679964139837	-0.01653672263405117	0.014166142493404312
7,9,10	-0.015541378488037511	0.004209181085405679	0.00022948417951493944	-0.031150386477633955	6.762950155893288e-05
7,9,11	0.006797865155631269	0.004173025627707737	0.10350300738748157	-0.008677066676008597	0.022272796987271134
7,10,11	0.006169804470710236	0.004083094387875278	0.1309638259049653	-0.008971633169879905	0.021311242111300376
8,9,10	-0.02020465244522016	0.004217806185473419	1.813926886102125e-06	-0.03584564510193754	-0.004563659788502785
8,9,11	-0.002786401971487655	0.004177119617265562	0.504824878386099	-0.018276515643590265	0.012703711700614953
8,10,11	0.0022594616455794397	0.004086909875662529	0.5804385247934806	-0.012896125060623941	0.01741504835178282
9,10,11	0.002544417026738183	0.004069122300479726	0.5318612178212955	-0.012545207584342563	0.01763404163781893
