Params: 	232
Performance: 	0.957979520212946
Term	Coefficient	Standard Error	p-value	95% CI lower	95% CI upper
Intercept	6.680349911657301
1	1.2840915912663509	0.06158115180590917	6.308005485130341e-86	1.0557287171006875	1.5124544654320142
2	1.0737344597631515	0.06316055437568391	7.304179699401919e-60	0.8395146488608195	1.3079542706654834
3	0.0795486061210576	0.061823042831125774	0.1983737624148103	-0.14971127838191559	0.3088084906240308
4	0.09878694991191363	0.06165356381295461	0.10928210518665918	-0.12984445145027124	0.32741835127409846
5	0.009633874615838978	0.06191002301695188	0.8763587066544468	-0.2199485606132609	0.23921630984493886
6	0.017028271417603477	0.06132203725338065	0.7812880892471061	-0.21037372198798487	0.2444302648231918
7	1.7458640276758945	0.06727239982694974	7.222785909358801e-125	1.4963961608694512	1.995331894482338
8	-0.06960773469821041	0.06413491671606028	0.2779323074772659	-0.3074407970257257	0.1682253276293049
9	0.5036552637736549	0.061438965782774926	4.858038041303955e-16	0.27581966147538783	0.7314908660719219
10	0.4336016664433705	0.061941846590099665	3.702568806374269e-12	0.20390121908852873	0.6633021137982122
11	0.13736200386220326	0.06184965280507649	0.026492536622348867	-0.09199655905055368	0.36672056677496023
1,2	0.10384367519835515	0.05184017623223103	0.04532393790497062	-0.08839650372780146	0.29608385412451177
1,3	0.03422537851206717	0.05161981321780299	0.5074049904170964	-0.1571976229196963	0.22564837994383063
1,4	0.0876653844491741	0.051602472813522975	0.08953348349531356	-0.10369331314213734	0.27902408204048557
1,5	-0.03082947860959559	0.0515821153314556	0.5501367948742546	-0.2221126840579485	0.16045372683875733
1,6	0.08798296801050251	0.05139495327507129	0.08710263157175048	-0.10260617985891154	0.2785721158799166
1,7	-0.5247557056723089	0.053365336407298576	3.2430013939697615e-22	-0.7226516729513558	-0.326859738393262
1,8	-0.02250003194262941	0.053026628382621455	0.6713907257345006	-0.21913996006440256	0.17413989617914372
1,9	0.09266364018775818	0.051431573563529336	0.07177646085703294	-0.09806130758275892	0.28338858795827526
1,10	-0.05720177541688396	0.05170088559209345	0.2687149252093956	-0.248925419494416	0.13452186866064808
1,11	0.14913061104385292	0.05165528596337627	0.003939393972926465	-0.04242393482798845	0.3406851569156943
2,3	-0.10826518558241564	0.051849672777755915	0.03694504653597294	-0.3005405807779519	0.08401020961312063
2,4	0.1234208437976772	0.05192439567564007	0.017570346917777178	-0.06913164812675099	0.3159733357221054
2,5	0.03842653704745544	0.05185159513464176	0.4587458976028784	-0.15385598687059984	0.23070906096551072
2,6	0.6407681076156311	0.05174265822613026	9.508760188585244e-34	0.44888955706931166	0.8326466581619505
2,7	-0.6544932687901912	0.053582011294054606	6.462528806936277e-33	-0.8531927367906127	-0.4557938007897697
2,8	-0.3638993410756666	0.05329084192569264	1.2004831458695972e-11	-0.5615190586674288	-0.1662796234839044
2,9	-0.005649510502237276	0.05177642902764084	0.9131256473193725	-0.19765329412831692	0.18635427312384237
2,10	0.05372513703936731	0.05195731826451496	0.301275805463035	-0.13894944251739588	0.24639971659613047
2,11	0.06943570111790279	0.051917261726249865	0.18126610160207518	-0.12309033580951537	0.26196173804532097
3,4	-0.006464850815232959	0.05178236498191345	0.9006601778483335	-0.19849064688406265	0.18556094525359673
3,5	0.05900578000743489	0.0517760472574666	0.254603433840501	-0.1329965878910771	0.2510081479059469
3,6	-0.10004549784399433	0.051533772824544674	0.05238442730148161	-0.2911494336051328	0.09105843791714413
3,7	0.06881736149255224	0.05363813144909648	0.19967407320701488	-0.13009021823569758	0.26772494122080204
3,8	0.059058926510605236	0.05329321429935803	0.2679414431404022	-0.13856958861178018	0.2566874416329906
3,9	-0.08031099660940644	0.051569712601854334	0.1195836438580086	-0.27154820871570284	0.11092621549688994
3,10	-0.06977347170626996	0.051771408780097485	0.17793223492728635	-0.2617586386270039	0.12221169521446393
3,11	-0.007143030597169836	0.051758447266283536	0.8902516344696187	-0.19908013202284086	0.1847940708285012
4,5	0.03662376688881035	0.05166854783236805	0.47853521239931496	-0.15497995829246192	0.22822749207008258
4,6	-0.021985510360228264	0.05154417724084572	0.6697719023979668	-0.21312802906989636	0.1691570083494398
4,7	0.04860674145826055	0.05355579142574217	0.3642266075525653	-0.14999549477054772	0.24720897768706881
4,8	0.036732768744759926	0.05311640154667626	0.48931553278283746	-0.1602400673718347	0.23370560486135453
4,9	0.017800462669018885	0.05157836131058927	0.7300518228175272	-0.17346882165298982	0.2090697469910276
4,10	-0.019419606057307873	0.05181716958403788	0.7078783178892993	-0.21157446887370956	0.17273525675909385
4,11	0.06123311424760863	0.051739432393098514	0.23678486909943647	-0.13063347386408425	0.2530997023593015
5,6	-0.03379634441545362	0.05154700038303254	0.5121460478697875	-0.2249493322515517	0.15735664342064445
5,7	-0.059582732860909676	0.0535837181819146	0.2663185999420864	-0.2582885305548519	0.13912306483303258
5,8	-0.0021574046464618996	0.053116424110420044	0.9676065078264433	-0.19913032443673312	0.19481551514380935
5,9	0.07444528640298745	0.05158547810659022	0.14916907924336612	-0.11685038930570316	0.2657409621116781
5,10	0.09826800857013121	0.051700561671263266	0.057513008176052476	-0.09345443430395439	0.2899904514442168
5,11	-0.08371525648628407	0.05171968612794061	0.10571651612683136	-0.275508619045462	0.10807810607289382
6,7	-0.25423693177607704	0.05425125716539089	3.00985562106683e-06	-0.4554181804223616	-0.0530556831297925
6,8	0.2345215260677693	0.05327679114897139	1.1414593659729261e-05	0.03695391331104553	0.43208913882449307
6,9	-0.10732171061465076	0.05200284270823155	0.03919547046851719	-0.300165109566749	0.08552168833744753
6,10	-0.13874836366270818	0.0516467972673594	0.007293048126674831	-0.33027143069786846	0.0527747033724521
6,11	-0.015240500261619688	0.05154172533696565	0.7675020394951464	-0.2063739265168466	0.17589292599360723
7,8	0.4574824964032038	0.055024648641633825	1.903737403037389e-16	0.2534332614463236	0.661531731360084
7,9	-0.4703806998648951	0.05426187901067801	1.0226119267910169e-17	-0.6716013377568754	-0.26916006197291487
7,10	-0.6815353482316802	0.05374047322022703	3.0640967906382826e-35	-0.8808224444242572	-0.48224825203910315
7,11	-0.0764309382527423	0.05350636003055209	0.15335225646659895	-0.27484986684360313	0.1219879903381185
8,9	-0.3783756142014574	0.05331158016240123	1.8781729866391533e-12	-0.5760722358978201	-0.18067899250509464
8,10	-0.2846801240141557	0.05323385205064884	1.0148986577488961e-07	-0.4820885046743782	-0.08727174335393323
8,11	0.08973606022567494	0.05309439090232192	0.09119271388507079	-0.10715515328628182	0.2866272737376317
9,10	0.6430880853316085	0.05167877479729795	4.778733300836333e-34	0.4514464352490168	0.8347297354142003
9,11	-0.0838158493271852	0.051577690557527846	0.1043442784175109	-0.2750826462793986	0.10745094762502819
10,11	-0.07819415772351038	0.05177306606241495	0.13115139932009878	-0.27018547038433227	0.11379715493731152
1,2,3	-0.002897708653978051	0.032378151878125705	0.9286987188197109	-0.1229663921103283	0.1171709748023722
1,2,4	-0.17569279300388202	0.03239163109932593	6.689095152151216e-08	-0.29581146178211287	-0.05557412422565117
1,2,5	0.011778412087010998	0.03238000412082413	0.7160868835951413	-0.10829714008572179	0.13185396425974377
1,2,6	-0.6472424649049399	0.032550335664658925	4.569510760418377e-79	-0.767949661659992	-0.5265352681498877
1,2,7	0.06863062479176119	0.03266290674293254	0.03577610912469589	-0.05249402201462344	0.1897552715981458
1,2,8	0.2454097741821569	0.03267002377117169	9.492518991145237e-14	0.12425873512787583	0.36656081323643797
1,2,9	-0.38091509002856117	0.03254979475605607	1.8882378661780816e-30	-0.5016202809191631	-0.2602098991379592
1,2,10	-0.2728154336410084	0.032410223428080566	8.204250760682128e-17	-0.39300304880148984	-0.15262781848052695
1,2,11	-0.1554502977754585	0.03238889554266552	1.733902252471343e-06	-0.2755588222227846	-0.03534177332813236
1,3,4	-0.018723710687113898	0.032401898761516675	0.5634383061670969	-0.13888045528530069	0.1014330339110729
1,3,5	-0.005304661078741613	0.03237565427328888	0.8698714207493868	-0.12536408260668777	0.11475476044920455
1,3,6	0.0023812856772241764	0.032525265895938404	0.9416451412012351	-0.1182329442483388	0.12299551560278715
1,3,7	-0.10934437322443014	0.03265991012855247	0.0008323203389428927	-0.2304579076132563	0.011769161164396011
1,3,8	-0.011204464120827734	0.03267164476802367	0.7316859943443927	-0.13236151435692786	0.1099525861152724
1,3,9	0.042579686015050966	0.03252398471948666	0.19065578817943038	-0.0780297928928994	0.16318916492300134
1,3,10	0.029684166049536942	0.03239650820430381	0.35965527003983877	-0.0904525886150032	0.1498209207140771
1,3,11	0.013483681895626182	0.03237111019691345	0.6770729932188028	-0.10655888872402922	0.13352625251528158
1,4,5	-0.025357348302108895	0.03238896979249676	0.433797414354249	-0.14546614809187944	0.09475145148766165
1,4,6	0.06973804831669671	0.03256133861672191	0.032359706283768185	-0.05100995095152261	0.19048604758491602
1,4,7	-0.13018994271880324	0.03268387126431827	7.091021879754491e-05	-0.2513923327667278	-0.008987552670878696
1,4,8	0.03336904282907417	0.03270507170098509	0.30773448037287704	-0.08791196531073117	0.15465005096887952
1,4,9	-0.056490112866792154	0.03256036148026854	0.08293847209319838	-0.177234488596276	0.0642542628626917
1,4,10	-0.0027430279893118706	0.032426075847158196	0.9325949759736549	-0.1229894290587425	0.11750337308011874
1,4,11	-0.048082137467805694	0.03240573875022048	0.1380646628640889	-0.16825312198894699	0.0720888470533356
1,5,6	0.038892606891320514	0.032539536245344704	0.2321638957366711	-0.08177454211597776	0.1595597558986188
1,5,7	0.05161110359011063	0.032701675505119286	0.11470150776274095	-0.06965731035445151	0.1728795175346728
1,5,8	0.009544493694161903	0.03270967925364475	0.7704805731381074	-0.11175360074457374	0.13084258813289756
1,5,9	-0.07400152394437622	0.032542885022638635	0.023095387892752756	-0.1946810913034811	0.04667804341472867
1,5,10	-0.03659770008805811	0.03242289945152149	0.2591623148660747	-0.1568323220527495	0.08363692187663326
1,5,11	0.035141566970083526	0.03238287478760728	0.27799562573794173	-0.08494463056568886	0.1552277645058559
1,6,7	-0.039090054260299656	0.03347181000377471	0.24303547790391825	-0.16321437658672172	0.08503426806612241
1,6,8	-0.11924477617663792	0.03349400416473771	0.0003810700388143047	-0.2434514016467748	0.0049618492934989655
1,6,9	0.10411426577193664	0.033167983100289594	0.0017251804720897687	-0.018883367902292073	0.22711189944616533
1,6,10	0.0322731485589737	0.03257215436779977	0.3219182189500039	-0.08851495902047345	0.15306125613842086
1,6,11	-0.023149768682126592	0.03253197760615302	0.4768125382068915	-0.14378888780495575	0.09748935044070257
1,7,8	-0.3778585931198461	0.03314702190685875	4.93530595485503e-29	-0.5007784958936704	-0.25493869034602173
1,7,9	-0.0036927430379029152	0.03347312032282355	0.912169246685874	-0.127821924452135	0.12043643837632917
1,7,10	0.2414298528838782	0.032700533874957825	2.43900463226008e-13	0.1201656724740464	0.36269403329370997
1,7,11	-0.06936371608123401	0.032653576471043985	0.033798798788692214	-0.19045376321478477	0.05172633105231675
1,8,9	0.25863363377732057	0.03349336224108865	1.9702337862473618e-14	0.13442938876817206	0.3828378787864691
1,8,10	0.25160892554676884	0.032723350424961245	2.5278324921500933e-14	0.13026013397289538	0.3729577171206423
1,8,11	-0.06138011956298908	0.03266572480385392	0.06041499264542378	-0.18251521665282422	0.059754977526846054
1,9,10	-0.36080938323122735	0.03257293856336988	1.4693823904079008e-27	-0.4816003988620676	-0.24001836760038708
1,9,11	-0.00430745658418559	0.03253225215260338	0.8946794781605749	-0.12494759381425467	0.1163326806458835
1,10,11	-0.03894424298534668	0.032386110075150173	0.2293425277458896	-0.15904243801613796	0.0811539520454446
2,3,4	0.0228574453277815	0.03238867420649391	0.4804594864593992	-0.09725025833326793	0.14296514898883095
2,3,5	-0.03569604454342434	0.032377081256240184	0.2704004617266051	-0.15576075778675075	0.08436866869990207
2,3,6	0.06638804150346167	0.032532722968788855	0.04144359802538367	-0.05425384166565152	0.18702992467257484
2,3,7	0.00513589556003935	0.03266898072799203	0.8750984007507296	-0.11601127555199964	0.12628306667207834
2,3,8	-0.014850625898883689	0.03267854942768699	0.6495676698396171	-0.13603328085135583	0.10633202905358843
2,3,9	0.050839348212377	0.032532961933670564	0.11831371685258701	-0.06980342111598478	0.17148211754073878
2,3,10	0.03069081129280734	0.03243452820447382	0.34416489463325506	-0.0895869338576199	0.1509685564432346
2,3,11	0.00042553690564789415	0.03236613160435607	0.9895116209531697	-0.11959857147885336	0.12044964529014915
2,4,5	-0.015606224047038021	0.03240590463415076	0.6301638742568042	-0.13577782371956876	0.1045653756254927
2,4,6	-0.04963323356544516	0.0325398742594323	0.1273741006794483	-0.17030163603855702	0.07103516890766672
2,4,7	-0.06454455213948246	0.03266245238505562	0.04830831863994538	-0.18566751403956655	0.05657840976060162
2,4,8	0.03353373598654279	0.032687512196416385	0.30509416017083696	-0.08768215581791253	0.1547496277909981
2,4,9	-0.05288182072125448	0.032537926460790643	0.10430260802045786	-0.17354300012556917	0.06777935868306022
2,4,10	-0.011200193652565596	0.03242365417897558	0.7298129210514214	-0.13143761439132295	0.10903722708619175
2,4,11	0.028089361822316056	0.032378703847641424	0.38577973328656656	-0.09198136851593498	0.14816009216056708
2,5,6	0.0022306028171557024	0.032543008375224815	0.9453614906054446	-0.11844942197332697	0.12291062760763838
2,5,7	-0.016470193276384867	0.0327148681912513	0.6147172258005684	-0.13778752997790628	0.10484714342513654
2,5,8	0.011916704071025463	0.03272513405324144	0.7157960200082878	-0.10943870177472445	0.13327210991677538
2,5,9	-0.03410098067528	0.03254454840196004	0.29487239081462047	-0.15478671638414004	0.08658475503358004
2,5,10	-0.05043703327229318	0.032433407539757445	0.12011461586266665	-0.170710622634657	0.06983655609007064
2,5,11	0.0232434949718356	0.03237011960020156	0.472825317765324	-0.0967954021940822	0.1432823921377534
2,6,7	-0.1083540405002873	0.03344607188966674	0.0012204499988095105	-0.2323829175558605	0.015674836555285898
2,6,8	0.04828248332209667	0.03349185182620257	0.14959912748270768	-0.0759161605790106	0.17248112722320394
2,6,9	-0.08725926181536178	0.03316480269340793	0.008590407050559093	-0.2102451015098546	0.03572657787913101
2,6,10	-0.011355632337507103	0.03258059082909993	0.7274791668894056	-0.1321750250503724	0.10946376037535821
2,6,11	-0.04810985822813703	0.032510494461996595	0.1391101460519789	-0.16866931088806633	0.07244959443179227
2,7,8	-0.15912141236259514	0.0331422226863611	1.7196547949221734e-06	-0.28202351807101134	-0.03621930665417891
2,7,9	0.17741404319852783	0.03344808476268969	1.2846102020168262e-07	0.05337770175725588	0.3014503846397998
2,7,10	0.18481195378670995	0.03271317932142962	1.8913073165104385e-08	0.06350087996198217	0.3061230276114377
2,7,11	-0.04131468703386835	0.03262769575383456	0.20560324361892876	-0.16230876007804124	0.07967938601030453
2,8,9	0.18854862403113998	0.03348917393520246	2.1114916585323547e-08	0.0643599106179751	0.3127373374443049
2,8,10	0.14025689251455759	0.03273772381233704	1.9389577334538514e-05	0.018854799760755256	0.2616589852683599
2,8,11	0.04599778057791897	0.032632252735434825	0.15885152693486457	-0.07501319123130196	0.1670087523871399
2,9,10	-0.19244774973297613	0.0325828322851615	4.23469774469905e-09	-0.31327545449154903	-0.07162004497440323
2,9,11	-0.032508719213123705	0.03250879052727486	0.3174577529482286	-0.15306185313072623	0.08804441470447884
2,10,11	-0.011511173840443992	0.03238209762885385	0.7222756547006768	-0.1315944894196207	0.10857214173873274
3,4,5	-0.033763167521147344	0.03238304083508759	0.29727714675771894	-0.15384998081480572	0.08632364577251103
3,4,6	0.007286777064196191	0.03253276751332405	0.822798411366435	-0.11335527129049386	0.12792882541888623
3,4,7	0.022545023321916144	0.03265921068050434	0.4900952140461564	-0.09856591728680171	0.143655963930634
3,4,8	-0.007946516787349645	0.032679114195715904	0.8079053435932259	-0.1291312660827585	0.1132382325080592
3,4,9	0.011475884391318303	0.03253117877781851	0.7243090130932506	-0.10916027241708375	0.13211204119972036
3,4,10	0.03516012503220846	0.032415400805765854	0.2782242835252268	-0.08504668952312323	0.15536693958754016
3,4,11	-0.0335561592628878	0.032377049678767325	0.30015855029504906	-0.1536207554067081	0.08650843688093253
3,5,6	0.012601987540194606	0.03256523641588366	0.6988232141649856	-0.10816046603089814	0.13336444111128737
3,5,7	0.029162005600561314	0.03272206926163824	0.3729498290466592	-0.09218203500438518	0.1505060462055078
3,5,8	-0.04397202343194778	0.032733119641558735	0.17934296292268487	-0.16535704242793217	0.07741299556403661
3,5,9	0.025883028316292377	0.03256821083591686	0.4268828454132425	-0.09489045536852572	0.14665651200111046
3,5,10	-0.014367858504180674	0.03241965747622238	0.6576909088082072	-0.13459045817348508	0.10585474116512375
3,5,11	-0.03202368515419261	0.03237972392766488	0.32280562144152736	-0.15209819827985838	0.08805082797147315
3,6,7	-0.016957730916014838	0.03351317471027256	0.6129226887351428	-0.14123544698366866	0.10731998515163899
3,6,8	-0.0006365155886558713	0.033552819506839617	0.9848668820346564	-0.12506124741396066	0.12378821623664893
3,6,9	0.02305222215136086	0.033183604366993205	0.487348919192509	-0.10000334024387958	0.14610778454660128
3,6,10	0.02054374983174992	0.032591598609092276	0.5285599511385086	-0.10031646329780976	0.14140396296130958
3,6,11	0.017848407442449865	0.03251348946107316	0.583111125589224	-0.10272215164496885	0.13841896652986857
3,7,8	0.01563784387200306	0.03316896201790251	0.6373743120009738	-0.10736341994607812	0.13863910769008425
3,7,9	-0.03259537412059507	0.03351405710656106	0.3309001686850238	-0.15687636239974032	0.09168561415855017
3,7,10	-0.02940498050576519	0.032731966341124755	0.3691261002122286	-0.15078572268986548	0.0919757616783351
3,7,11	0.007094867651511107	0.03263564752913809	0.8279263445167295	-0.11392869315327978	0.128118428456302
3,8,9	0.0011061021393122886	0.03355259663344635	0.9737055040769862	-0.12331780319919958	0.12553000747782414
3,8,10	-0.008782347455174623	0.03275461113866869	0.7886361091234523	-0.13024706388951843	0.11268236897916917
3,8,11	-0.02258429316717258	0.032649158718448895	0.4892060327181409	-0.14365795784196148	0.09848937150761633
3,9,10	0.01336858222379729	0.03259234321530095	0.6817302670990147	-0.10749439214696929	0.13423155659456387
3,9,11	0.005529279943328115	0.032513000300432165	0.8649808550826392	-0.11503946517785857	0.1260980250645148
3,10,11	0.00949722396359351	0.03238965437704904	0.7693924223506965	-0.11061411448762432	0.12960856241481133
4,5,6	-0.030037554658309484	0.03255360399728707	0.35629254864515036	-0.15075687145026911	0.09068176213365015
4,5,7	0.02253361746083586	0.03271996123803816	0.4911205256893485	-0.09880260590922615	0.14386984083089788
4,5,8	-0.019256545638676126	0.03273451705695949	0.5564352129577176	-0.1406467467039782	0.10213365542662593
4,5,9	-0.0026171558380958596	0.03255470213035644	0.9359347640101358	-0.12334054486346754	0.11810623318727581
4,5,10	-0.01608157765173713	0.032439087744952265	0.6201388048243732	-0.13637623105636226	0.10421307575288802
4,5,11	0.03840219280574273	0.032381498889873656	0.23582015438469284	-0.0816789024551973	0.15848328806668274
4,6,7	0.053146507489240075	0.033454521324788204	0.11233731226073432	-0.07091370281088652	0.17720671778936667
4,6,8	-0.05235112118464569	0.03350802146506433	0.11839770005139359	-0.17660972734849745	0.07190748497920606
4,6,9	0.053382906878673926	0.0331878363162767	0.10791464985087361	-0.06968834895641557	0.1764541627137634
4,6,10	-0.006938600905144254	0.032594674169544265	0.8314504487094587	-0.12781021920988966	0.11393301739960116
4,6,11	-0.06049496461677282	0.03252291753165131	0.06305264508931677	-0.18110048604627066	0.060110556812725015
4,7,8	-0.07152002414974977	0.03315228790101663	0.03112444753907582	-0.19445945493703226	0.051419406637532736
4,7,9	0.028830023282990155	0.03345806636374345	0.3889904903484869	-0.09524333317080697	0.15290337973678728
4,7,10	0.014264636039413608	0.03271845837045569	0.6629071573702487	-0.10706601421045565	0.13559528628928286
4,7,11	-0.0208500297326997	0.03264263980441275	0.5230830596077565	-0.14189952016095253	0.10019946069555312
4,8,9	-0.020219505480459185	0.03350381435494344	0.5462597385785184	-0.1444625103161291	0.10402349935521076
4,8,10	-0.007001760381679954	0.032756034343972854	0.8307645849624083	-0.12847175452266377	0.11446823375930387
4,8,11	0.015242076770614878	0.0326663290124326	0.6408482079547201	-0.10589526092050128	0.13637941446173102
4,9,10	0.00858933909140934	0.03259472707376425	0.7921831681871503	-0.11228247539933417	0.12946115358215285
4,9,11	-0.001635279426185847	0.03252380195213946	0.9599057532381428	-0.12224408057356362	0.11897352172119194
4,10,11	-0.008898125757605728	0.03239837686614131	0.7836215249059126	-0.12904181002601883	0.11124555851080739
5,6,7	0.018819561192928574	0.033646601975656124	0.5760120577211141	-0.10595294642898342	0.14359206881484057
5,6,8	-0.002197728243789436	0.03368540482959304	0.9479886083710354	-0.1271141294271404	0.12271867293956151
5,6,9	-0.013007875614031578	0.03334075773893072	0.6964763040935877	-0.1366462136581197	0.11063046243005654
5,6,10	-0.03035458426288027	0.032647765874226346	0.35263099151309396	-0.1514230838197622	0.09071391529400163
5,6,11	0.02179198773222287	0.03253378065548232	0.5030618531592514	-0.0988538176820287	0.14243779314647442
5,7,8	-0.002289509280569646	0.03332362606882934	0.9452325096738129	-0.1258643175382072	0.1212852989770679
5,7,9	-0.03734464779892413	0.0336467656090289	0.2672020443425145	-0.16211776222642876	0.0874284666285805
5,7,10	-0.020845808604462834	0.032778141354091656	0.524886015579944	-0.1423977827055788	0.10070616549665312
5,7,11	-0.0028627617225848723	0.03270401885154719	0.9302564808650204	-0.12413986555536359	0.11841434211019385
5,8,9	0.022589752721724067	0.03368529637551828	0.5025615181207903	-0.10232624627875922	0.14750575172220734
5,8,10	0.022282328885044195	0.03279940824385902	0.4970101377640733	-0.09934850973759202	0.1439131675076804
5,8,11	0.006519081825668592	0.032715803202401576	0.8420807153136597	-0.11480172220030832	0.1278398858516455
5,9,10	-0.003723118204560727	0.032649854136097826	0.9092264996927446	-0.12479936171343115	0.11735312530430969
5,9,11	0.025927694752045052	0.032533981100706114	0.4255990497487876	-0.09471885397807632	0.1465742434821664
5,10,11	-0.014831746210424795	0.03241805392530424	0.6473609705192959	-0.13504839939308844	0.10538490697223885
6,7,8	-0.07118126458518766	0.03477781201089792	0.04084092895609171	-0.20014866573145346	0.05778613656107816
6,7,9	0.06868992614970486	0.03417646682195174	0.04460799918034451	-0.058047492092924105	0.19542734439233383
6,7,10	0.22562163694816212	0.033670413338587196	2.8312793323824776e-11	0.100760829073376	0.3504824448229482
6,7,11	0.09391436376753165	0.03338103116642628	0.004959915334078815	-0.029873321201478814	0.21770204873654211
6,8,9	0.1187971240628862	0.03422486566107118	0.000531690689080153	-0.008119772765048078	0.24571402089082048
6,8,10	-0.024330892743601173	0.033744815758202755	0.470995295398547	-0.14946760890996716	0.10080582342276481
6,8,11	-0.08161087396064273	0.033420796409446125	0.014713497600475783	-0.20554602134179722	0.042324273420511774
6,9,10	-0.14639299274800407	0.033304780814031425	1.1751637963329653e-05	-0.26989791669162944	-0.022888068804378714
6,9,11	0.028294952377970202	0.033137140445838514	0.3932982153202521	-0.09458830673503649	0.1511782114909769
6,10,11	0.061265640259152016	0.03255357680255086	0.06001215438598531	-0.059453575685909796	0.18198485620421384
7,8,9	0.14137242225325544	0.03477327952165769	5.016878157310963e-05	0.012421829046426747	0.27032301546008414
7,8,10	0.16181128090506464	0.03327509535423477	1.2669705232087267e-06	0.03841644026974535	0.28520612154038394
7,8,11	-0.009482320562588971	0.033117778976955566	0.774667996413948	-0.1322937810724108	0.11332913994723287
7,9,10	-0.12433102790430024	0.03367344868324543	0.00022948417951493445	-0.24920309182107175	0.0005410360124712826
7,9,11	0.05438292124504765	0.0333842050216619	0.10350300738749754	-0.06941653340807129	0.1781823758981666
7,10,11	0.049358435765680435	0.03266475510300222	0.1309638259049766	-0.07177306535904068	0.17048993689040157
8,9,10	-0.1616372195617663	0.033742449483787386	1.813926886100841e-06	-0.2867651608155054	-0.036509278308027165
8,9,11	-0.022291215771899922	0.03341695693812452	0.5048248783861247	-0.14621212514872084	0.10162969360492101
8,10,11	0.018075693164635254	0.03269527900530023	0.5804385247934859	-0.1031690004849918	0.1393203868142623
9,10,11	0.020355336213905395	0.03255297840383782	0.5318612178212974	-0.10036166067474062	0.1410723331025514
