Params: 	562
Performance: 	0.9827390892301666
Term	Coefficient	Standard Error	p-value	95% CI lower	95% CI upper
Intercept	6.868699594931859
1	0.8073033393322746	0.0792868565216999	1.7023471725158532e-23	0.49562747642827665	1.1189792022362726
2	0.5736129620637076	0.08639290469385687	4.5767280636796355e-11	0.23400329281327892	0.9132226313141363
3	0.07351089725361351	0.07922994947831333	0.3536714606241952	-0.23794126461554813	0.3849630591227752
4	-0.05492991079546723	0.07908748523720828	0.4874615137713525	-0.3658220471165454	0.255962225525611
5	0.02455746490179507	0.08011362692172636	0.7592470712400705	-0.29036842441460337	0.3394833542181935
6	0.08505559814348385	0.07887815039905939	0.281088874153138	-0.22501364496201998	0.39512484124898767
7	1.34160851322306	0.09788656140624764	4.417675835120013e-40	0.9568173910696991	1.7263996353764208
8	0.0629643343612902	0.08327512179842392	0.44972353693626066	-0.2643893606090201	0.39031802933160054
9	0.3199521813668576	0.07900372338721369	5.422525054891151e-05	0.00938931206456145	0.6305150506691537
10	0.2425410938853128	0.07983263526207882	0.0024271667588777247	-0.07128021994617528	0.5563624077168009
11	0.06319712451346066	0.07958049400061681	0.4272629296224737	-0.2496330244681716	0.3760272734950929
1,2	0.9758189957347667	0.08238830812209966	7.79902471413927e-31	0.6519513567128062	1.299686634756727
1,3	0.1866425695992177	0.08002075005622966	0.01982736125073778	-0.12791822166099054	0.501203360859426
1,4	0.48549021391961145	0.08004030131317455	1.7126185936073733e-09	0.17085256685824668	0.8001278609809762
1,5	0.04625274679194913	0.08032406536914626	0.5648300636568819	-0.26950037401734905	0.3620058676012473
1,6	0.2525742081071322	0.07960238243652985	0.0015436585858761515	-0.060341984103480184	0.5654904003177446
1,7	0.18083422260054677	0.08868717536902188	0.04164693336915661	-0.16779420239058512	0.5294626475916786
1,8	-0.32482943328894076	0.08378097476195034	0.00011087624571953368	-0.6541716313457178	0.0045127647678362415
1,9	0.38341259919847925	0.07971578846351614	1.6841381125289052e-06	0.07005060899725296	0.6967745893997055
1,10	0.3057741069859337	0.08061065765057426	0.00015540403466257171	-0.011105605298097121	0.6226538192699645
1,11	0.4747769535704622	0.08030855250621333	4.296190183322243e-09	0.15908481367468286	0.7904690934662415
2,3	-0.11145251484478852	0.0825272290386365	0.1770882336008697	-0.4358662506403698	0.21296122095079278
2,4	0.3844028367118312	0.0825607372732078	3.5478753936817196e-06	0.059857380371602764	0.7089482930520596
2,5	0.1411761151556576	0.08295072662416755	0.08900355942451806	-0.18490238553537675	0.4672546158466919
2,6	0.7203178667694757	0.08244986264418808	7.130755360037066e-18	0.39620825751904115	1.0444274760199104
2,7	-0.04125134499719618	0.09120336583249421	0.6511264191570731	-0.39977089026144563	0.31726820026705327
2,8	-0.5383892658895503	0.08649799089106223	6.477773496843202e-10	-0.8784120279605314	-0.19836650381856918
2,9	0.4799743096064932	0.08255910922652614	7.647652453319169e-09	0.15543525310195777	0.8045133661110286
2,10	0.5304842792588266	0.0830521288742489	2.3305851587103863e-10	0.2040071673076036	0.8569613912100496
2,11	0.33944479292889207	0.08251673902687312	4.134524543844605e-05	0.01507229326766718	0.6638172925901169
3,4	-0.012904849472487889	0.08082082763405261	0.8731635384746312	-0.33061073792027174	0.304801038975296
3,5	0.01688625786906628	0.08117678788019944	0.8352466428482743	-0.30221890684901553	0.3359914225871481
3,6	-0.15540680507467455	0.07997874414592686	0.05221547540005549	-0.46980247150946974	0.15898886136012066
3,7	0.24710640517006702	0.0917443693159419	0.0071614891433921255	-0.11353981953305611	0.6077526298731901
3,8	0.00809260278308803	0.08415529961817875	0.923405877980029	-0.32272106264784917	0.33890626821402525
3,9	-0.17106779767868835	0.08009489911634027	0.032877460887762895	-0.48592006817401007	0.14378447281663337
3,10	-0.06872169475189319	0.08098708298570506	0.3962842829002272	-0.3870811313722484	0.24963774186846202
3,11	0.030145983857885805	0.08065126193682814	0.7086263678885814	-0.28689334348103523	0.34718531119680685
4,5	0.07809043674960667	0.08051970660421175	0.33230817384262157	-0.2384317478545457	0.3946126213537591
4,6	0.05186129005296097	0.07993718053720623	0.5165958748663994	-0.2623709902396449	0.36609357034556683
4,7	0.26124102521035475	0.09043780165954683	0.003932198562636901	-0.09426909472566952	0.616751145146379
4,8	0.07042814442994924	0.08387873153558408	0.4012603537932389	-0.2592983345545079	0.40015462341440644
4,9	0.019180123058698442	0.08023385939167021	0.8111016650932751	-0.2962183989292775	0.33457864504667434
4,10	0.014778976654501688	0.08083289221923459	0.8549564770676834	-0.3029743375604539	0.33253229086945724
4,11	0.11379580889460275	0.08052061119499843	0.1578168996088413	-0.20272993164714617	0.4303215494363517
5,6	-0.081434014525553	0.08012400572251545	0.3096484024300883	-0.39640070280704803	0.23353267375594206
5,7	-0.10656083428360488	0.09018240967313734	0.23757076356520782	-0.46106701080157775	0.247945342234368
5,8	0.01778462883341969	0.0842115257308161	0.8327715199263526	-0.3132500609001923	0.3488193185670317
5,9	-0.022757603521505673	0.08025774002056545	0.7767945787236469	-0.3382500000297254	0.292734792986714
5,10	0.06978282675182555	0.08074736683551009	0.3876279738538395	-0.24763428801038417	0.3871999415140353
5,11	-0.14306519853860566	0.08065554280256475	0.07632915941655495	-0.46012135391915887	0.17399095684194754
6,7	-0.2274970331763519	0.08970869272867317	0.011328263946857393	-0.580141032986667	0.12514696663396319
6,8	0.05042177556463201	0.08394421956860862	0.5481704572507486	-0.27956213624158455	0.38040568737084857
6,9	-0.22664321421849964	0.08031759950400812	0.004846239503459574	-0.5423709177747402	0.08908448933774099
6,10	-0.1985895323253459	0.08018618772577935	0.013387929533253148	-0.5138006574577214	0.11662159280702958
6,11	-0.05958197313000144	0.07996707227801712	0.45635468800837753	-0.37393175756540786	0.25476781130540505
7,8	0.46568202973785994	0.0927606596417706	5.862804033566161e-07	0.10104077763474201	0.8303232818409778
7,9	0.07602845617517848	0.08977261037068962	0.3972035965789228	-0.2768668032650957	0.4289237156154527
7,10	-0.6423519206374183	0.09270047080853373	6.581365618940579e-12	-1.0067565710216733	-0.27794727025316346
7,11	-0.11204659287794663	0.08973376893258557	0.21201155813973835	-0.4647891670022858	0.24069598124639255
8,9	-0.4465722228785116	0.08407331081649655	1.2725884512217257e-07	-0.7770635911263619	-0.11608085463066137
8,10	-0.26111492369807	0.08442933655939298	0.0020248570100409205	-0.5930058256833047	0.07077597828716475
8,11	0.09735346533630312	0.08396073955528559	0.24645654836266753	-0.2326953863770883	0.42740231704969456
9,10	1.039454931612656	0.08029042052262912	3.489716192498389e-36	0.7238340683682372	1.3550757948570749
9,11	-0.09623716911048583	0.08032027142694703	0.23106593890946678	-0.411975375969848	0.21950103774887633
10,11	-0.13983820672955616	0.08084057169851211	0.08389847830694667	-0.4576217089029638	0.17794529544385146
1,2,3	-0.1034078874170428	0.070770779099443	0.14420686400015503	-0.3816071326875401	0.17479135785345454
1,2,4	-0.634954357765149	0.07090117072477778	1.1185043835058523e-18	-0.9136661712483936	-0.35624254428190444
1,2,5	-0.11233322541636387	0.07072004274276351	0.11242966941939873	-0.3903330265615369	0.16566657572880916
1,2,6	-1.0523531049077242	0.07062834301670835	1.5485705330054687e-46	-1.3299924353204187	-0.7747137744950297
1,2,7	-1.5356434756295303	0.07358373058697588	7.4552918728096595e-84	-1.8249004058764013	-1.2463865453826592
1,2,8	0.7545949326434829	0.07346474920737904	7.232817611410876e-24	0.4658057170441866	1.043384148242779
1,2,9	-1.006669547458357	0.07067695979787213	6.135103761200014e-43	-1.28449998996561	-0.7288391049511038
1,2,10	-0.8066754547004595	0.07100668574560208	1.3186474352867058e-28	-1.0858020467057374	-0.5275488626951816
1,2,11	-0.5998664221574473	0.07090511016176303	6.970078001219904e-17	-0.8785937215292187	-0.321139122785676
1,3,4	-0.1637977017680191	0.07057841757575203	0.020449338631949553	-0.4412407757572209	0.1136453722211827
1,3,5	-0.029356836065164205	0.07049863442142758	0.6771722696305802	-0.30648628324961974	0.24777261111929133
1,3,6	-0.04931664427005783	0.07020773852941449	0.4825288948415086	-0.32530258252837	0.22666929398825436
1,3,7	-0.3343081666280859	0.07372548803420928	6.29584405682754e-06	-0.6241223440231958	-0.04449398923297604
1,3,8	-0.0036052459025116557	0.07318920994669804	0.960720114433835	-0.291311319344278	0.2841008275392547
1,3,9	0.1067254125133455	0.07026070629841989	0.12900321054524716	-0.1694687415304713	0.3829195665571623
1,3,10	-0.01122348122027328	0.07061595267582338	0.8737428026096024	-0.2888141053232915	0.26636714288274493
1,3,11	-0.09567137434723427	0.07052936793528573	0.17517893742298976	-0.37292163467616335	0.1815788859816948
1,4,5	-0.10326280573736785	0.07038877604568351	0.14260380838126027	-0.3799604007137857	0.17343478923904998
1,4,6	-0.06657674704361857	0.07026244830006524	0.343534524768196	-0.34277774887898393	0.20962425479174676
1,4,7	-0.5403901623497211	0.07363459999080824	3.7452177019640574e-13	-0.8298470597289822	-0.25093326497046015
1,4,8	0.032944972647714676	0.07303353767462127	0.6519957931581932	-0.25414915460450294	0.3200390998999323
1,4,9	-0.1740556128967818	0.07032597541057449	0.013448596088505101	-0.45050633918654454	0.10239511339298096
1,4,10	-0.19195602821840302	0.0706958830603475	0.006708885428727329	-0.46986085788665244	0.0859488014498464
1,4,11	-0.1942575933489767	0.07065874795148078	0.006054594302036131	-0.47201644526495007	0.0835012585669967
1,5,6	0.05184294314325341	0.0702465393975751	0.4606365089997678	-0.2242955209509402	0.32798140723744706
1,5,7	0.08654254020680979	0.07363156603138057	0.24006761850191893	-0.20290243070740877	0.37598751112102835
1,5,8	-0.0451811995383357	0.0728556135256471	0.5352675639501316	-0.3315759086890448	0.24121350961237337
1,5,9	-0.06467725240016994	0.07030789334187706	0.3577848690515846	-0.34105689825350727	0.2117023934531674
1,5,10	-0.09235781761635298	0.07056620903977465	0.1908253936707565	-0.36975289996920446	0.1850372647364985
1,5,11	-0.016001470188993172	0.07055002855920804	0.8206062731305563	-0.29333294722989217	0.2613300068519058
1,6,7	-0.2135948400709622	0.07498164104353515	0.004458669840139725	-0.5083469427452	0.0811572626032756
1,6,8	0.020284145097094475	0.07327902767241382	0.7819715084063221	-0.2677750009520955	0.30834329114628445
1,6,9	0.26179650947289307	0.07106173280217382	0.0002387859073389262	-0.01754647197711745	0.5411394909229036
1,6,10	-0.16440191850216157	0.07055528733266872	0.0199496202735998	-0.44175406773045806	0.11295023072613491
1,6,11	-0.18389982281340334	0.07030558677029212	0.009005076549901295	-0.4602704015562431	0.09247075592943643
1,7,8	-0.20186882024913377	0.07643021522897797	0.008358035138867854	-0.5023152539769022	0.0985776134786347
1,7,9	-0.4738388520371214	0.07501570972856898	3.644078593239343e-10	-0.7687248783813312	-0.17895282569291165
1,7,10	0.21413007451386037	0.07398933921929153	0.0038651354437079003	-0.07672129932712249	0.5049814483548433
1,7,11	-0.2982916651373029	0.0735700530191102	5.316214377649765e-05	-0.5874948289977389	-0.00908850127686689
1,8,9	0.561876704758024	0.07332284406321794	3.490308398063867e-14	0.27364531690215477	0.8501080926138932
1,8,10	0.4372015841366913	0.07347340741107712	3.4174971148230225e-09	0.14837833322275168	0.7260248350506309
1,8,11	-0.05398874629281103	0.07295348642351501	0.45940476130582086	-0.340768192854437	0.23279070026881493
1,9,10	-0.8781051397274556	0.07059152117020165	1.1206915733993604e-33	-1.1555997238191686	-0.6006105556357426
1,9,11	-0.12067618663443636	0.07038201360052279	0.0866545512016102	-0.3973471985046084	0.1559948252357357
1,10,11	-0.11781047402478412	0.07065386918143435	0.09566497878821682	-0.3955501475430906	0.15992919949352236
2,3,4	0.08130141607836416	0.07104663229791874	0.2526898472025974	-0.19798220543608508	0.3605850375928134
2,3,5	-0.10461868196004986	0.07088195571344058	0.14019317158645003	-0.3832549614203559	0.1740175975002562
2,3,6	0.13024803011000635	0.07076925876427749	0.06592415816624042	-0.1479452387377218	0.4084412989577345
2,3,7	-0.04108879268860738	0.0741846378816987	0.5797599143033834	-0.33270788367465187	0.2505302982974371
2,3,8	0.019120447412885988	0.07355004514271724	0.7949310563498982	-0.2700040656797781	0.30824496050555006
2,3,9	0.14347892620210898	0.07080773884144635	0.04293230725068809	-0.13486560745522777	0.4218234598594457
2,3,10	0.03246265747476851	0.07106693412713298	0.6478969417064716	-0.24690077033313806	0.3118260852826751
2,3,11	-0.009675593708718774	0.07092250965464085	0.891506143553041	-0.28847129031799823	0.26912010290056065
2,4,5	-0.04032438036940218	0.07091324577079043	0.5696942303794035	-0.31908366074124217	0.23843490000243783
2,4,6	-0.19932795140474915	0.0710080785279389	0.005071956303427824	-0.47846001842386565	0.07980411561436732
2,4,7	-0.21259551781471434	0.07426449101068336	0.004266831743735558	-0.5045285106752148	0.07933747504578606
2,4,8	-0.012166367773668946	0.07370179780770435	0.8689096660797073	-0.30188741911848194	0.2775546835711441
2,4,9	-0.2078696297676078	0.07105696973393387	0.003498786161966894	-0.487193887642629	0.07145462810741338
2,4,10	-0.09481201255962153	0.07122067675889757	0.1833381338609506	-0.37477980115975146	0.18515577604050842
2,4,11	0.029062550207187288	0.07104919255436633	0.6825703356971056	-0.25023113565049065	0.30835623606486523
2,5,6	-0.05457694401357782	0.07082075573667963	0.4410607713443834	-0.33297264695964846	0.2238187589324928
2,5,7	-0.09166986119869437	0.07410774238345341	0.21631336606584958	-0.3829866767279931	0.19964695433060436
2,5,8	-0.021368272608081343	0.07337044209323079	0.7709147623587642	-0.30978676785762965	0.267050222641467
2,5,9	-0.026428648732550075	0.0708627076485399	0.7092410891754231	-0.3049892642366806	0.25213196677158045
2,5,10	-0.1062558895567271	0.07103555781274608	0.13494060508337388	-0.38549597737752483	0.17298419826407063
2,5,11	0.008280371894311273	0.0708795224351112	0.9070178710242986	-0.2703463423725154	0.286907086161138
2,6,7	0.042854310821497155	0.0760174449984224	0.573024370654384	-0.2559695271390362	0.3416781487820305
2,6,8	0.3010539491067742	0.07419597674527183	5.248676142812228e-05	0.009390285158153766	0.5927176130553946
2,6,9	-0.0020007144262683754	0.07181727881590978	0.9777792832962254	-0.28431373991794656	0.2803123110654098
2,6,10	-0.17368904834672802	0.07116607041402652	0.014792491321098273	-0.45344217993554037	0.1060640832420843
2,6,11	-0.1802344482865615	0.07080427616070485	0.01102368349487189	-0.4585653701795351	0.0980964736064121
2,7,8	-0.09945522702883425	0.07706141559376892	0.1970686327217923	-0.40238290325998904	0.20347244920232055
2,7,9	-0.40200504588790764	0.0760497745178175	1.46001174483529e-07	-0.7009559708751789	-0.10305412090063637
2,7,10	-0.0011167223899612097	0.07449861487945253	0.9880425418750095	-0.29397005390463793	0.29173660912471555
2,7,11	-0.06826470761978803	0.07387123871377788	0.35560042479043774	-0.3586518295206616	0.22212241428108553
2,8,9	0.24230599834230185	0.07424928376182935	0.0011288683946038738	-0.04956721497065561	0.5341792116552593
2,8,10	0.05660783026313131	0.07390885271178381	0.4438638496852879	-0.23392715189857327	0.3471428124248359
2,8,11	0.04944778195951583	0.07337018813646905	0.5004611418267692	-0.2389697149884687	0.33786527890750034
2,9,10	-0.7908442695322766	0.07121880213899552	1.861284737915895e-27	-1.070804689019779	-0.5108838500447741
2,9,11	-0.2837600704799279	0.07087386415970437	6.580897183528468e-05	-0.562364542121087	-0.00515559883876876
2,10,11	-0.11530048449442087	0.07112119632672169	0.10521629207976423	-0.39487721648188273	0.16427624749304098
3,4,5	-0.060627936465006804	0.07077605031119849	0.3918117265733636	-0.3388479028177177	0.2175920298877041
3,4,6	0.041121408782893956	0.07063148736392635	0.5605333390389158	-0.2365302820281746	0.3187730995939625
3,4,7	0.10018802111440336	0.0742555976808346	0.17749299732677148	-0.1917100121528391	0.3920860543816458
3,4,8	0.002138018317984186	0.07355533834640939	0.9768156915380759	-0.2870073023069829	0.2912833389429512
3,4,9	0.06826905707551487	0.07067155376360951	0.33421807902520895	-0.2095401343635586	0.34607824851458835
3,4,10	0.06622731565995295	0.0709285598094012	0.35061918631272926	-0.2125921640489266	0.3450467953688325
3,4,11	-0.08122573077600145	0.07081394530739588	0.2515762354513651	-0.3595946619907048	0.19714320043870184
3,5,6	0.11369450675467475	0.0706716688561181	0.10790472072994306	-0.16411513711193215	0.39150415062128163
3,5,7	0.06388590243007214	0.07418025374017274	0.38926985405205294	-0.2277159545382153	0.3554877593983596
3,5,8	-0.04908170026038716	0.07330961345739295	0.5032852757886626	-0.33726107873326217	0.23909767821248784
3,5,9	0.12246151401406086	0.07072009291577419	0.0835710058474349	-0.1555384843607298	0.4004615123888515
3,5,10	-0.007974882154935081	0.07070584812438316	0.9102144732585484	-0.2859188843931218	0.26996912008325163
3,5,11	-0.029041849744312113	0.07074482435270778	0.6814941792964844	-0.3071390671574818	0.24905536766885755
3,6,7	-0.20935274480549615	0.07633655823325	0.0061795263620946705	-0.5094310137927125	0.09072552418172014
3,6,8	0.07046079537226047	0.0737366632256565	0.3394621010862784	-0.21939731159188802	0.36031890233640895
3,6,9	0.02913004535552101	0.07134773788221473	0.6831321250888773	-0.2513372192862728	0.3095973099973148
3,6,10	0.08854142964342256	0.07066126098391552	0.21041200691751713	-0.1892273009786437	0.3663101602654888
3,6,11	0.06292003682936073	0.07043131835690666	0.37183033419023603	-0.21394479155927817	0.33978486521799967
3,7,8	-0.0007242979603285515	0.07804297041479105	0.9925965294808032	-0.3075104566594562	0.30606186073879904
3,7,9	-0.22825101742287918	0.07635620499150399	0.00284778434603234	-0.5284065176259705	0.07190448278021211
3,7,10	-0.19164400060314524	0.07437728119967547	0.010083787570769208	-0.4840203706010858	0.10073236939479535
3,7,11	0.04964711796250716	0.07390249597476925	0.5018331267253875	-0.24086287592773375	0.34015711185274805
3,8,9	0.10212364532051565	0.0737956848646763	0.1666312823342227	-0.18796647513336517	0.3922137657743965
3,8,10	-0.027284817166406183	0.0734595856853476	0.7103794726071394	-0.31605373501074824	0.26148410067793587
3,8,11	-0.0887202901563679	0.07319709986736041	0.22570020383349484	-0.37645737879962626	0.19901679848689047
3,9,10	0.07979881024494116	0.07070055441754583	0.25923412767258985	-0.19812438248308378	0.35772200297296614
3,9,11	0.010810386852108639	0.0704919667106914	0.8781406599382273	-0.2662928496262038	0.28791362333042114
3,10,11	0.0045995963846239	0.07075517494505786	0.9481780672769871	-0.27353830910654264	0.2827375018757904
4,5,6	-0.08028128167735493	0.07054836371971435	0.25534251921612927	-0.35760621425037414	0.19704365089566428
4,5,7	0.1629225256252609	0.07415833709501889	0.028196311319876877	-0.12859317722379468	0.4544382284743165
4,5,8	-0.09578324961887003	0.07310800551234607	0.19036849279172294	-0.3831701092179063	0.19160360998016623
4,5,9	-0.006464853791030137	0.07058444936853348	0.9270373704675824	-0.2839316386990713	0.27100193111701104
4,5,10	-0.08049651963897628	0.07073454850894928	0.2553226500273978	-0.3585533428101366	0.19756030353218404
4,5,11	0.07551931711940213	0.0706463528476252	0.28527479583507925	-0.20219080976370385	0.3532294440025081
4,6,7	-0.06522756678757716	0.07646125468680633	0.39376912602983505	-0.3657960163225945	0.23534088274744022
4,6,8	-0.04616628880825971	0.07360554626275886	0.5306282779929888	-0.3355089762647463	0.2431763986482269
4,6,9	0.09474982937507265	0.07172631002978513	0.1867323610071945	-0.18720559870189446	0.37670525745203975
4,6,10	0.023549409008911948	0.07083108001685295	0.7395848494059252	-0.25488687858224424	0.30198569660006813
4,6,11	-0.1464303452252837	0.07056567994980016	0.03817051799290781	-0.42382334773058433	0.13096265728001694
4,7,8	-0.20122473105027103	0.0771005014357662	0.00915890202621416	-0.5043060533466914	0.10185659124614935
4,7,9	-0.14246992112748358	0.07654599171518804	0.06293261377623209	-0.44337147109805125	0.1584316288430841
4,7,10	0.030720400010029347	0.07450984162846168	0.6801863203087348	-0.2621770637459613	0.32361786376602
4,7,11	0.02358155811504037	0.07386124718388187	0.7495733613797106	-0.2667662871788559	0.31392940340893666
4,8,9	0.04604272173155537	0.07362672550229923	0.5318468384297808	-0.2433832211098586	0.33546866457296937
4,8,10	-0.005902994401152523	0.0735243750045623	0.9360217391769234	-0.29492659843005375	0.28312060962774865
4,8,11	-0.08206280230342936	0.07309067321301449	0.2617456386536993	-0.36938152880213515	0.2052559241952764
4,9,10	0.10708225493781601	0.07090231599972811	0.13121076151829245	-0.17163406061013467	0.3857985704857667
4,9,11	0.03528081998757207	0.07066836339617483	0.6176897475525724	-0.2425158301481025	0.3130774701232466
4,10,11	0.011950939415612358	0.07087892340221447	0.86612865851176	-0.26667342005871547	0.2905752988899402
5,6,7	0.011315617823189905	0.07615226785566707	0.8818981960050418	-0.28803820747968956	0.31066944312606937
5,6,8	0.006504742614968639	0.07364087764093645	0.9296272698354812	-0.28297683214597397	0.29598631737591125
5,6,9	-0.07508486068745221	0.07170265968403486	0.29521224612022895	-0.3569473194849817	0.20677759811007732
5,6,10	0.057056332948756616	0.07059638046929696	0.41911777765615543	-0.22045735300050362	0.33457001889801685
5,6,11	0.15271622191469458	0.07040910877911968	0.03026127886830488	-0.12406130083937678	0.42949374466876594
5,7,8	0.03837140681066392	0.07733787932456203	0.6198688869512418	-0.2656430456610525	0.34238585928238036
5,7,9	-0.07025461446158768	0.0761795731871212	0.35657974949626536	-0.3697157767572071	0.22920654783403174
5,7,10	0.07632636046373809	0.07442914518719825	0.30531911495603936	-0.21625388636541953	0.3689066072928957
5,7,11	-0.12546521666614818	0.07383762748121526	0.08951542419239895	-0.4157202131382711	0.16478977980597476
5,8,9	0.07710302906516087	0.07371425290192801	0.29576482996745374	-0.21266698313407384	0.36687304126439557
5,8,10	0.018008495918773	0.07316952195818112	0.8056273223394601	-0.2696201842313552	0.30563717606890123
5,8,11	0.07018148358024764	0.07308925659211811	0.33712163234167336	-0.21713167419547355	0.35749464135596887
5,9,10	0.12820402388651114	0.07066201903509464	0.06985343994515167	-0.14956768662737757	0.40597573440039986
5,9,11	0.19424339796771276	0.07048165489802566	0.005932547004165173	-0.0828193028751654	0.47130609881059093
5,10,11	-0.02954927321790605	0.07072681042234998	0.6761650577224745	-0.3075756780458016	0.2484771316099895
6,7,8	-0.14486471998961584	0.07867689972780276	0.0658067238023421	-0.45414284866108034	0.1644134086818487
6,7,9	0.03283287364483899	0.07686489897120888	0.6693391735995118	-0.26932229765172283	0.33498804494140083
6,7,10	0.48751545463757634	0.07777744118527743	4.934347590797496e-10	0.18177308876068327	0.7932578205144694
6,7,11	0.31589777034644306	0.07566851162435809	3.177699575750328e-05	0.018445586090300614	0.6133499546025856
6,8,9	0.307501024002395	0.07440221270826793	3.806008803151453e-05	0.01502664848632762	0.5999753995184623
6,8,10	0.04340382173221863	0.07367690648266864	0.5558877312765882	-0.24621938205563892	0.3330270255200762
6,8,11	-0.11616826263064521	0.0734431056822114	0.11394646014689491	-0.40487239774272277	0.17253587248143232
6,9,10	-0.2256167227691328	0.0717681168839705	0.0017053474970867627	-0.5077364931838486	0.05650304764558306
6,9,11	0.09365222030479359	0.07147962257264964	0.19035707229953702	-0.1873334817741545	0.37463792238374166
6,10,11	0.1906675378362338	0.07062566150267746	0.007028683637801103	-0.08696125157084972	0.4682963272433173
7,8,9	-0.025086589613298543	0.07872310262099783	0.7500279679236159	-0.33454634140916195	0.2843731621825648
7,8,10	0.30057753447686536	0.07809260866503016	0.00012425748049957306	-0.006403751701834937	0.6075588206555657
7,8,11	0.07544083237079421	0.07645694127595533	0.32396494454153124	-0.22511066118806242	0.3759923259296508
7,9,10	-0.5454510010273007	0.07779008976117051	3.737852128024989e-12	-0.8512430883331787	-0.23965891372142273
7,9,11	0.08812733823523708	0.07570544753388056	0.24460040126975327	-0.2094700407224939	0.3857247171929681
7,10,11	0.16036245099075883	0.07427769053856682	0.03103243356538621	-0.13162242908564956	0.4523473310671672
8,9,10	-0.5737326830692531	0.07371984999435896	1.422068497092983e-14	-0.8635246973844715	-0.28394066875403473
8,9,11	-0.04157652161293249	0.0734971247444548	0.5717009331468629	-0.33049300513402247	0.24733996190815746
8,10,11	0.05854944360047114	0.07331072368315159	0.4246378243580966	-0.2296342991590778	0.3467331863600201
9,10,11	0.14028666347782298	0.07069792744598073	0.04742721847925319	-0.13762620265049436	0.4181995296061403
1,2,3,4	0.0349315637776359	0.046598293014725144	0.45360954582693136	-0.14824587347191465	0.21810900102718644
1,2,3,5	0.05653482790138453	0.04655492899714789	0.22482351455884128	-0.12647214581624788	0.23954180161901695
1,2,3,6	0.004649084904837467	0.046884171713119996	0.9210253790645921	-0.17965213873147318	0.18895030854114808
1,2,3,7	0.17110727947385668	0.04709601613670724	0.00029067123608014995	-0.014026702534011837	0.3562412614817252
1,2,3,8	0.013658417627543676	0.04710601120122514	0.771899374988798	-0.17151485488186646	0.19883169013695384
1,2,3,9	-0.07965661615512423	0.046884305857661665	0.08955320351069038	-0.2639583671123253	0.10464513480207682
1,2,3,10	0.021442202662674867	0.04662103864270921	0.6456451822405008	-0.16182464742956149	0.2047090527549112
1,2,3,11	0.011041929050733618	0.04659096292084031	0.8126955763317327	-0.17210669367095005	0.19419055177241729
1,2,4,5	0.036880624238671306	0.04659757808754734	0.4288109433246434	-0.1462940026390871	0.2200552511164297
1,2,4,6	0.16142479130976636	0.046923883644857445	0.0005994800353093381	-0.023032539544497438	0.34588212216403014
1,2,4,7	0.42839563605537	0.0471295763910846	3.5243026931653858e-19	0.24312972901350194	0.6136615430972381
1,2,4,8	-0.08299423121757565	0.04717279659935323	0.07874606976048551	-0.2684300364783664	0.10244157404321508
1,2,4,9	0.2548910652329409	0.04692143141433771	6.612615741475231e-08	0.07044337407303261	0.43933875639284925
1,2,4,10	0.13553023135718162	0.04666860157892831	0.00374418505732705	-0.047923588175371484	0.3189840508897347
1,2,4,11	0.0008260110699649381	0.04663065816632217	0.9858697543345611	-0.18247865327616322	0.1841306754160931
1,2,5,6	0.003909353422163642	0.04688742927904639	0.933564027285797	-0.18040467567416416	0.18822338251849144
1,2,5,7	0.02775336335354983	0.04718000021300925	0.55646861631674	-0.1577107592425568	0.21321748594965645
1,2,5,8	-0.0312582763227445	0.04718057040894999	0.5077504620951407	-0.21672464035355607	0.15420808770806707
1,2,5,9	0.06471194871369287	0.046887267471383325	0.16777008237662316	-0.11960144431828298	0.24902534174566873
1,2,5,10	0.09967258977567195	0.046676636208137376	0.032912517577069096	-0.08381281380626471	0.2831579933576086
1,2,5,11	0.0326987715998604	0.046597355451038214	0.48297067052953213	-0.150474980095943	0.2158725232956638
1,2,6,7	0.7223404623195683	0.04873527918512245	4.209294441941359e-46	0.5307625531899123	0.9139183714492243
1,2,6,8	-0.3348087618588062	0.04885337611477605	1.1023243766054813e-11	-0.5268509088719002	-0.14276661484571213
1,2,6,9	-0.02560083495893957	0.0481266769709025	0.5948519734481776	-0.2147863346956166	0.16358466477773742
1,2,6,10	0.2933504381230727	0.04699614555191359	5.803642619359821e-10	0.10860904641402339	0.47809182983212206
1,2,6,11	0.2255653252263148	0.046886098852655066	1.6744246524044966e-06	0.041256526023209394	0.40987412442942023
1,2,7,8	0.22425525789644293	0.04806952611715894	3.3947950081232825e-06	0.03529441761074756	0.41321609818213834
1,2,7,9	0.9986725867859204	0.048743939292104944	2.928052218867926e-81	0.8070606348598286	1.1902845387120122
1,2,7,10	0.2748248435680384	0.047215687835832916	7.345181882883657e-09	0.08922043327323212	0.4604292538628446
1,2,7,11	0.3935296547574691	0.04709004585683257	1.6062776991387415e-16	0.20841914186180088	0.5786401676531373
1,2,8,9	-0.42825406234166313	0.04884518226349456	5.4928787955401545e-18	-0.6202639994049535	-0.23624412527837285
1,2,8,10	-0.3057301205087381	0.047245657461351696	1.3663740062361276e-10	-0.4914523411103752	-0.12000789990710098
1,2,8,11	-0.11612314699678876	0.04710508835152463	0.013819964328046655	-0.3012927917929895	0.06904649779941198
1,2,9,10	0.4676136394677221	0.04700044439815039	1.5348893283032866e-22	0.28285534903586895	0.6523719298995753
1,2,9,11	0.23747729777676513	0.04688781312441467	4.6653398571834766e-07	0.05316175978802273	0.4217928357655075
1,2,10,11	0.14388340239413594	0.04664778727981745	0.0020813795578927706	-0.039488596330773645	0.3272554011190455
1,3,4,5	0.06876308238219861	0.04661797550048455	0.1404410653811046	-0.11449172652770373	0.25201789129210095
1,3,4,6	0.013599216553895732	0.04691664520978005	0.7719693847742886	-0.17082966008238296	0.19802809319017442
1,3,4,7	0.020745399352626787	0.04712115041620024	0.6598230494815425	-0.16448738526380913	0.2059781839690627
1,3,4,8	0.028097750674889233	0.04716568695977976	0.5514610941500953	-0.1573101066617914	0.21350560801156987
1,3,4,9	0.014457294890864447	0.04691451046271736	0.758007089212331	-0.16996319007544478	0.19887777985717367
1,3,4,10	0.011884993630100954	0.04667398654888735	0.7990418391798002	-0.171589994167059	0.1953599814272609
1,3,4,11	0.0821134333931278	0.046656469458777335	0.07864562546893096	-0.10129269489294643	0.265519561679202
1,3,5,6	-0.0547245645722072	0.046887186226906546	0.2433582052665898	-0.23903763823293395	0.12958850908851954
1,3,5,7	-0.06612300900278403	0.047158264307279936	0.1611043780684775	-0.2515016879645812	0.11925566995901316
1,3,5,8	0.05355813029542163	0.04718053660213476	0.25650761765534247	-0.13190810084112764	0.23902436143197087
1,3,5,9	-0.07983504853491104	0.046886975956235304	0.08885638852182223	-0.2641472956236714	0.10447719855384933
1,3,5,10	-0.007366747697265558	0.04661042197128386	0.8744419809023694	-0.19059186375724452	0.1758583683627134
1,3,5,11	0.07969695240361292	0.04658312980870484	0.08734206049983016	-0.10342087843034621	0.26281478323757207
1,3,6,7	0.22950447409708036	0.04869340574219831	2.694996190733224e-06	0.03809116906485854	0.42091777912930217
1,3,6,8	-0.0865790173744323	0.048774135029502966	0.07611073134102925	-0.27830966845095617	0.10515163370209155
1,3,6,9	0.02534338186149987	0.048058468938159	0.5980424792736038	-0.1635739927609409	0.21426075648394063
1,3,6,10	0.02468322759458022	0.04690634063843691	0.5988208638304174	-0.15970514187183296	0.2090715970609934
1,3,6,11	-0.02015554245043988	0.04683473030384076	0.6670076897261468	-0.2042624123870793	0.16395132748619953
1,3,7,8	-0.0572145539567151	0.048029825425466986	0.23377676884735307	-0.246019331208967	0.1315902232955368
1,3,7,9	0.11138745645263906	0.048701734359293314	0.022344989566782873	-0.08005858829249055	0.30283350119776864
1,3,7,10	0.0681353279254093	0.047112038282146745	0.14834631516615254	-0.11706163698056496	0.2533322928313836
1,3,7,11	0.0038926956144586244	0.047067218554048815	0.934098578988219	-0.18112808337567948	0.18891347460459673
1,3,8,9	-0.06634237822691887	0.048767412048164566	0.17394000500461418	-0.2580466013290992	0.12536184487526147
1,3,8,10	0.027378271826578593	0.04717142102731636	0.5617438947067668	-0.15805212607389563	0.2128086697270528
1,3,8,11	0.04599218800492852	0.047098967537589326	0.3289945080891624	-0.13915339593114165	0.2311377719409987
1,3,9,10	-0.03388900453560391	0.04690961187235572	0.4701564050104582	-0.21829023319077967	0.15051222411957188
1,3,9,11	0.010905393150584697	0.046830550217790444	0.8158989354772533	-0.17318504490839048	0.19499583120955988
1,3,10,11	-0.00986575559340866	0.04658452181486521	0.8323098098993318	-0.19298905839006417	0.17325754720324685
1,4,5,6	0.013055876255211832	0.046909847646926885	0.7808113370093663	-0.17134627922751322	0.19745803173793686
1,4,5,7	-0.014878394710724607	0.047159319372690287	0.752437698547662	-0.20026122112440245	0.17050443170295324
1,4,5,8	0.025340768697491745	0.047199977052527105	0.5914399835318834	-0.16020188266073218	0.21088342005571567
1,4,5,9	0.008858157491399773	0.04690689929692848	0.8502428191672449	-0.1755324080561177	0.19324872303891727
1,4,5,10	0.05446102530704475	0.04667907069251584	0.24353669044436418	-0.12903394820933844	0.23795599882342794
1,4,5,11	-0.007740098689662245	0.046590026122819456	0.8680783420497773	-0.19088503886742467	0.17540484148810018
1,4,6,7	0.02662597954389609	0.04887884828185094	0.5860280172030721	-0.165516298310568	0.21876825739836017
1,4,6,8	0.0077940865378981206	0.04902439897944027	0.8737058449561264	-0.18492034969511156	0.2005085227709078
1,4,6,9	-0.09606442642679842	0.048219325422212175	0.04654973847037831	-0.2856141263257149	0.09348527347211806
1,4,6,10	0.04832283869329909	0.04699321970114403	0.30399929880223325	-0.13640705152479277	0.23305272891139095
1,4,6,11	0.12274276011092787	0.046940919839309835	0.009028354115913849	-0.06178153985826225	0.307267060080118
1,4,7,8	0.12493439677819895	0.048147101508603796	0.009567761182278948	-0.06433139161780616	0.31420018517420406
1,4,7,9	0.08453568463915234	0.04888098557030331	0.08396710709142245	-0.10761499487545936	0.276686364153764
1,4,7,10	0.06741819765374168	0.047228512455309346	0.15367452423217484	-0.11823662609566582	0.2530730214031492
1,4,7,11	0.06801940047775604	0.04711404788061611	0.1490546963241776	-0.11718546414028283	0.2532242650957949
1,4,8,9	-0.029303024556963625	0.04902271317801743	0.5501130159431991	-0.22201083392095367	0.16340478480702642
1,4,8,10	-0.006561256340885377	0.0473356816007776	0.8897784432501147	-0.19263736096023582	0.1795148482784651
1,4,8,11	-0.04130248730651541	0.04716575662634143	0.3813583836176546	-0.22671061850177332	0.14410564388874253
1,4,9,10	0.003898360619407487	0.046998701865034846	0.933906899440812	-0.18085307993169303	0.188649801170508
1,4,9,11	0.020991888848086587	0.046944665316133984	0.654830897543561	-0.1635471345541209	0.20553091225029407
1,4,10,11	0.05117823896620402	0.04669735597249331	0.27329726657517106	-0.1323886138081727	0.23474509174058075
1,5,6,7	-0.07609440283097524	0.04888843823528202	0.1198302424978841	-0.2682743786992334	0.1160855730372829
1,5,6,8	0.080272228525465	0.048958812125619644	0.10132846046143228	-0.11218438642219575	0.27272884347312576
1,5,6,9	0.048815315392487374	0.04819825946266568	0.31133943599989883	-0.14065157442405743	0.23828220520903218
1,5,6,10	5.398426144753721e-05	0.047054237591619814	0.9990847780086991	-0.1849157666914613	0.18502373521435636
1,5,6,11	-0.04656198507776291	0.04683307031427479	0.32030135268218385	-0.23066232961154132	0.1375383594560155
1,5,7,8	0.01683148684030411	0.04817646231396589	0.7268658812212214	-0.17254971859640916	0.20621269227701738
1,5,7,9	0.014104171029509227	0.04888695873975814	0.7730047188233888	-0.1780699889562143	0.20627833101523274
1,5,7,10	-0.006940749297084381	0.04726722251912468	0.8832801431141564	-0.19274774193137398	0.17886624333720522
1,5,7,11	0.05158873624200863	0.04713085391328823	0.273897327004988	-0.1336821927272338	0.23685966521125107
1,5,8,9	0.0009121245414733664	0.04896267767995914	0.9851398921421638	-0.1915596858627513	0.19338393494569805
1,5,8,10	-0.028837060420045427	0.04730038987771466	0.542192920682709	-0.21477443361881043	0.15710031277871955
1,5,8,11	-0.024282944780846208	0.04714549054784372	0.6065942131958204	-0.20961141021836627	0.16104552065667382
1,5,9,10	-0.040128082788012526	0.047059849252865785	0.3939780366442315	-0.22511989312677536	0.1448637275507503
1,5,9,11	-0.043723119874984326	0.0468317465818198	0.35066933307936643	-0.2278182608293391	0.1403720210793704
1,5,10,11	0.053655047171289785	0.04662533441211346	0.25003440190071485	-0.1296286895487515	0.2369387838913311
1,6,7,8	-0.0011607334467605701	0.05175920109914903	0.982111800671284	-0.2046256502502621	0.20230418335674097
1,6,7,9	-0.2688692782892988	0.05023364872804146	1.021964439362021e-07	-0.4663372635390811	-0.07140129303951648
1,6,7,10	-0.1907785720629659	0.04912608780480981	0.00010806356360029574	-0.3838927460808387	0.002335601954906924
1,6,7,11	-0.06774493147917385	0.04861895421798725	0.16373702278701296	-0.2588655682928411	0.12337570533449338
1,6,8,9	-0.13016286879843209	0.050331948907121365	0.009813088345128954	-0.3280172710974256	0.06769153350056142
1,6,8,10	0.05219571623100186	0.0492706370709003	0.2896254785279788	-0.14148667954792113	0.24587811200992485
1,6,8,11	0.12365674247987306	0.0487105879202898	0.011243318537933356	-0.06782410552754252	0.3151375904872886
1,6,9,10	0.16764902888075006	0.04836370588501071	0.0005443031169296426	-0.02246822921511546	0.3577662869766156
1,6,9,11	-0.02369863836601449	0.04804697667203541	0.6219255242283194	-0.21257083700194337	0.1651735602699144
1,6,10,11	0.0026674995068455	0.046906833325849225	0.9546588904722109	-0.18172280670900018	0.18705780572269118
1,7,8,9	-0.26788114372570543	0.051762113288944485	2.627235277094669e-07	-0.4713575083190079	-0.06440477913240292
1,7,8,10	-0.374095506908535	0.048273761371082115	1.8263067895236788e-14	-0.5638591939937437	-0.18433181982332625
1,7,8,11	-0.01760872366314277	0.04799269104591845	0.7137490055668	-0.20626752603006132	0.1710500787037758
1,7,9,10	0.27459875491662955	0.04913111201889122	2.7677543835957943e-08	0.08146483076200098	0.46773267907125815
1,7,9,11	0.016294943598990558	0.048619238159329094	0.7375617946457111	-0.17482680938533363	0.20741669658331474
1,7,10,11	0.020349030658001588	0.0471119022783714	0.6658627712994449	-0.16484739961845274	0.20554546093445591
1,8,9,10	0.24410253320520525	0.049265184046774886	8.171954744681093e-07	0.05044157321115611	0.4377634931992544
1,8,9,11	0.05844544396424727	0.04871075259735043	0.23041331135394535	-0.13303605138709418	0.24992693931558874
1,8,10,11	-0.043471002904308595	0.04716651632521429	0.35687913524298787	-0.22888212046845707	0.14194011465983986
1,9,10,11	-0.04672215848852204	0.046916895266825645	0.3195051857942642	-0.23115201809661826	0.13770770111957417
2,3,4,5	0.04017111107599311	0.046613946099425055	0.3889628172827684	-0.14306785829748037	0.22341008044946659
2,3,4,6	-0.057740296579648256	0.04693137342954467	0.21879815552084964	-0.24222706970477215	0.1267464765454756
2,3,4,7	-0.05702480306921291	0.047156688635300134	0.22677783758516462	-0.2423972880797614	0.1283476819413356
2,3,4,8	0.007301722346072209	0.04720656248973915	0.8771003069467387	-0.17826681630187047	0.19287026099401489
2,3,4,9	-0.062366622027982	0.04693307870503595	0.18412906036756121	-0.24686009857449942	0.1221268545185354
2,3,4,10	-0.05059569522677008	0.04671488799202925	0.27897249180216804	-0.2342314661996608	0.13304007574612065
2,3,4,11	0.03256770543956957	0.0465783470319688	0.484548088524149	-0.15053132434549346	0.21566673522463262
2,3,5,6	0.0036144660814446464	0.04686806967902114	0.9385397166264151	-0.18062346061521628	0.18785239277810556
2,3,5,7	0.0040836934116840334	0.047161214172659414	0.9310104325433577	-0.18130658144226897	0.18947396826563706
2,3,5,8	0.03260944856400412	0.04718424599126784	0.4896182175113414	-0.15287136414519942	0.21809026127320763
2,3,5,9	-0.01223402742111613	0.046869483417236076	0.7941150990837464	-0.19647751150896886	0.17200945666673662
2,3,5,10	0.015971579555862765	0.0466642893266489	0.732205326024881	-0.16746528855486323	0.19940844766658875
2,3,5,11	-0.00019202651468046283	0.046554747967984124	0.9967095590126462	-0.1831982886084284	0.18281423557906745
2,3,6,7	0.008552290429854115	0.04870027586657694	0.86062661407425	-0.1828880209945732	0.19999260185428144
2,3,6,8	-0.046166955897923495	0.04879086689136745	0.3442082630427721	-0.23796337976092646	0.14562946796507947
2,3,6,9	-0.01901209270842942	0.04810290512448758	0.6927309215113231	-0.2081041455477362	0.17007996013087734
2,3,6,10	-0.006452522314118428	0.04700986658198523	0.8908470138041324	-0.19124785125911226	0.17834280663087543
2,3,6,11	-0.022955027765198463	0.046828502368722866	0.6240781326350624	-0.20703741574937895	0.16112736021898205
2,3,7,8	-0.03221705292292287	0.048088193248547025	0.5030015246260149	-0.22125127352079813	0.15681716767495238
2,3,7,9	0.026047154831343372	0.048696173523931054	0.5928148403033768	-0.16537703032398746	0.2174713399866742
2,3,7,10	0.02664418739771815	0.04720665194677927	0.5725666141784087	-0.15892470290498037	0.21221307770041667
2,3,7,11	-0.047219801269332284	0.0470486571597158	0.3157365729352126	-0.232167615598627	0.13772801305996243
2,3,8,9	-0.052017775076461714	0.048793368901838725	0.28658039528399293	-0.2438240343183262	0.13978848416540277
2,3,8,10	-0.015378904345616923	0.04726107804225478	0.7449273367825489	-0.2011617431010099	0.17040393440977605
2,3,8,11	0.01601559048017119	0.04706559450655197	0.7336978559565699	-0.16899880439503057	0.20102998535537298
2,3,9,10	-0.011269440679393727	0.0470094758438572	0.810578980049697	-0.1960632336366014	0.17352435227781393
2,3,9,11	0.015176717800946177	0.046833447246479074	0.7459458419774454	-0.16892510844966627	0.19927854405155862
2,3,10,11	-0.0044103698891135995	0.04662300290982337	0.9246496840553834	-0.18768494149629755	0.17886420171807038
2,4,5,6	0.03627524444423259	0.04689175763835176	0.4393081314959063	-0.1480557993904849	0.22060628827895012
2,4,5,7	0.002212489935949552	0.04714311749491039	0.9625750178439062	-0.18310664705353813	0.18753162692543723
2,4,5,8	0.026702678932680204	0.04717656170211304	0.5714788898694669	-0.15874792691049033	0.21215328477585077
2,4,5,9	-0.03901383685355553	0.046892335172160675	0.40556591591453106	-0.22334715096806654	0.14531947726095548
2,4,5,10	-0.011714069582468137	0.04673658291390326	0.8021311061652688	-0.19543512308253114	0.17200698391759484
2,4,5,11	-0.03563511182537148	0.04657394206179709	0.4443305013390215	-0.2187168257154733	0.14744660206473031
2,4,6,7	-0.1351507695058804	0.0486638652060873	0.005559700731060642	-0.32644795097756574	0.056146411965804915
2,4,6,8	0.06991034557566075	0.048832600067084245	0.15248480569261966	-0.12205013099574663	0.26187082214706814
2,4,6,9	0.09700533904465514	0.048107779833491106	0.043957851670487096	-0.09210587622839833	0.2861165543177086
2,4,6,10	0.0413642119074641	0.04702971930105146	0.3792715794056233	-0.14350915788335727	0.22623758169828545
2,4,6,11	0.051801085110308065	0.04683599063189597	0.2689228587070467	-0.13231073916367525	0.23591290938429138
2,4,7,8	-0.010057832052351418	0.04803139572496069	0.8341672433347938	-0.19886878213666134	0.1787531180319585
2,4,7,9	0.0033511593296271375	0.048674690598108916	0.9451209292089204	-0.18798857665295227	0.19469089531220657
2,4,7,10	0.1066626458220813	0.0472458079934114	0.024132144784853097	-0.07906016651962046	0.2923854581637831
2,4,7,11	-0.050017272714780917	0.047046819932981	0.28791298852862707	-0.23495786492362541	0.1349233194940636
2,4,8,9	0.0689030329346931	0.04882136262215114	0.1583822211483004	-0.12301326934982723	0.2608193352192134
2,4,8,10	-0.013286424789119865	0.04733179640650441	0.7789780191760307	-0.1993472567475178	0.17277440716927805
2,4,8,11	0.017572932266725308	0.047094833042676955	0.7091044678007499	-0.16755639901000108	0.20270226354345172
2,4,9,10	-0.04575843972016552	0.047029612141522716	0.33074539709061035	-0.2306313882679202	0.13911450882758916
2,4,9,11	0.0007269046010823094	0.04684043395685313	0.987620668804994	-0.18340238634015132	0.18485619554231597
2,4,10,11	-0.021481067318660382	0.04663039838010129	0.645113413768994	-0.20478471044767743	0.1618225758103567
2,5,6,7	0.018606157224253322	0.048864148635965485	0.7034326007979359	-0.17347833646500707	0.21069065091351372
2,5,6,8	0.024470233574969184	0.04896034383320096	0.6173010002981589	-0.16799240250031683	0.2169328696502552
2,5,6,9	0.005945546346543484	0.048286256227908116	0.9020218516342602	-0.18386725789949052	0.19575835059257748
2,5,6,10	0.003997089853782783	0.04710291707125242	0.9323865868826152	-0.18116401966075674	0.1891581993683223
2,5,6,11	0.028623338178377575	0.04679534376775055	0.5408606196434653	-0.1553287036674375	0.21257538002419263
2,5,7,8	0.0016145721236406063	0.04824996544063039	0.9733106831739898	-0.18805557339008316	0.19128471763736438
2,5,7,9	0.03691952248260637	0.048869106236863344	0.4500966503877265	-0.1551844594876322	0.22902350445284497
2,5,7,10	0.04555014455862498	0.0473241748314452	0.3359674782068417	-0.14048072706224063	0.23158101617949062
2,5,7,11	0.022719490543219353	0.04712459992930541	0.6298036692318201	-0.16252685407572914	0.20796583516216788
2,5,8,9	0.030654293049169105	0.0489530068863545	0.5312926940744092	-0.1617795015593244	0.22308808765766264
2,5,8,10	0.02830937942232887	0.047370309268091895	0.5501965480394059	-0.15790284622090883	0.21452160506556656
2,5,8,11	-0.050256681902168296	0.04713218329489021	0.28648580172401117	-0.23553283665757635	0.13501947285323973
2,5,9,10	-0.08696484835138657	0.047109397855223195	0.06511236930881147	-0.2721514337647698	0.09822173706199666
2,5,9,11	-0.005799395207784511	0.046793284777682034	0.901384363060358	-0.18974334318363845	0.1781445527680694
2,5,10,11	0.03282694239309859	0.046629944231733084	0.4815636619500133	-0.15047491548309405	0.2161288002692912
2,6,7,8	-0.19805241747342206	0.051747831899962266	0.0001356182001546499	-0.4014726420653451	0.005367807118500989
2,6,7,9	-0.2362397764500125	0.050112893799375495	2.683363507830622e-06	-0.4332330752480552	-0.03924647765196984
2,6,7,10	-0.3125603930897824	0.04916832515186642	2.825295126263238e-10	-0.5058406017086996	-0.11928018447086516
2,6,7,11	-0.19185622541473918	0.048458378380641515	7.919707762172149e-05	-0.3823456401714118	-0.0013668106580665695
2,6,8,9	-0.1761256807677232	0.05025301745223317	0.0004722236290432241	-0.37366980428418217	0.02141844274873575
2,6,8,10	0.10859337360314017	0.04933939019361427	0.027911757259566926	-0.08535929003339873	0.3025460372396791
2,6,8,11	0.058027177559351856	0.048540547554278904	0.23213015484614904	-0.1327852434208117	0.2488395985395154
2,6,9,10	0.11138046368100174	0.048371742942828734	0.02145608095165113	-0.07876838801108557	0.301529315373089
2,6,9,11	0.06261688946933566	0.047946774824989755	0.1917905736509716	-0.12586141667907882	0.2510951956177502
2,6,10,11	0.0029909732764310665	0.046897154387966225	0.9491571836146858	-0.18136128512860433	0.1873432316814665
2,7,8,9	0.001471581703668734	0.05175865534181771	0.9773221978597942	-0.20199118973306412	0.2049343531404016
2,7,8,10	-0.03656269161648534	0.04830192642205762	0.44920759416798617	-0.22643709524352248	0.1533117120105518
2,7,8,11	-0.07308692901337277	0.04789257385821088	0.12723363848221114	-0.26135217168781266	0.11517831366106715
2,7,9,10	0.2768492745375646	0.049165880710673494	2.1858183987243587e-08	0.08357867499323485	0.4701198740818943
2,7,9,11	0.027560236814904215	0.04846341692234566	0.5696688408336865	-0.16294898440026997	0.2180694580300784
2,7,10,11	-0.003060839222336964	0.047088863869591505	0.9481827390822839	-0.18816670573764074	0.18204502729296682
2,8,9,10	0.370043744091389	0.04934226838993142	1.1683047427262475e-13	0.17607976629308217	0.5640077218896958
2,8,9,11	0.0869378948485503	0.048535067315897754	0.073483150597806	-0.10385298336776438	0.277728773064865
2,8,10,11	0.014266225611883981	0.047127060858614574	0.7621520361001496	-0.1709897928962768	0.19952224412004477
2,9,10,11	0.03063298077379431	0.04690108723273917	0.5137792754537548	-0.15373473760584536	0.21500069915343398
3,4,5,6	-0.03632635747852547	0.04693288002710364	0.43906498389624504	-0.22081905302402066	0.14816633806696972
3,4,5,7	-0.06891907926984386	0.047198260335051985	0.14447112826505745	-0.25445498222834695	0.1166168236886592
3,4,5,8	0.05341302496000505	0.04723376453809013	0.2583342584602575	-0.13226244467580228	0.23908849459581238
3,4,5,9	-0.037540762982017695	0.04693078698031465	0.42390191882838646	-0.22202523078091432	0.14694370481687893
3,4,5,10	0.005711299098288464	0.04663747484464502	0.9025520383491833	-0.17762016154411903	0.18904275974069595
3,4,5,11	0.02583694452410032	0.04656800064293812	0.5791101585459153	-0.1572214137061736	0.20889530275437423
3,4,6,7	0.020477128759297566	0.04878517693704938	0.6747428706621019	-0.1712969279485454	0.21225118546714056
3,4,6,8	-0.016384308537224182	0.04891882385604567	0.7377320323996199	-0.20868372998558038	0.175915112911132
3,4,6,9	0.03506064264522993	0.048113443954462605	0.46630918389564	-0.15407283823234907	0.22419412352280893
3,4,6,10	-0.02379059321925177	0.047006493802697245	0.6128615840803342	-0.2085726638016231	0.16099147736311953
3,4,6,11	0.002579199033348953	0.0468337945766902	0.9560899447388869	-0.18152399256894997	0.18668239063564784
3,4,7,8	-0.06213078248926035	0.04807627694726217	0.19646557219894004	-0.2511181602225233	0.1268565952440026
3,4,7,9	0.044922889107568406	0.048799591885113194	0.3574484377082051	-0.14690783262110657	0.23675361083624336
3,4,7,10	0.0001662098395322914	0.047202413361832375	0.9971910128827332	-0.18538601862690773	0.1857184383059723
3,4,7,11	-0.04131359699050936	0.04704682181646189	0.3800280952738486	-0.22625419660329893	0.14362700262228023
3,4,8,9	-0.06994317385912407	0.04890285524646104	0.15288183383869638	-0.26217982285830005	0.1222934751400519
3,4,8,10	-0.01773057586315717	0.0472767967247139	0.7076925326060877	-0.20357520460662742	0.16811405288031306
3,4,8,11	0.04572770254790559	0.047104749964086326	0.3318418544240096	-0.1394406120505618	0.23089601714637298
3,4,9,10	0.002448036647955648	0.04700781159395834	0.9584750054253424	-0.18233921415906382	0.1872352874549751
3,4,9,11	-0.03321828635573344	0.04683535210782254	0.47828998478849494	-0.21732760059778589	0.15089102788631897
3,4,10,11	-0.00929209327091536	0.046615392859672845	0.8420310530588592	-0.19253674984487107	0.17395256330304038
3,5,6,7	0.03179954785807371	0.0490039934375226	0.5165041714361456	-0.16083467438784882	0.22443377010399623
3,5,6,8	-0.06676059372929644	0.049075901987258586	0.17394934205965173	-0.259677487785811	0.1261563003272181
3,5,6,9	0.04293308128123953	0.04836020191919511	0.37482176818911317	-0.14717040275903753	0.23303656532151656
3,5,6,10	-0.026465556136529345	0.047013722947326045	0.5735760339697701	-0.21127604441622255	0.15834493214316386
3,5,6,11	-0.06996012410283438	0.0468681054630342	0.13575321780956717	-0.25419819146610306	0.11427794326043432
3,5,7,8	-0.020228566635096423	0.04833911710581058	0.6756698769434633	-0.2102491664787476	0.16979203320855477
3,5,7,9	0.07592438399746199	0.048999931262172454	0.12150532373526417	-0.11669386987661345	0.2685426378715374
3,5,7,10	-0.029955578663878366	0.047217091541597575	0.5259147386134541	-0.21556550691241189	0.15565434958465513
3,5,7,11	-0.00622976653343027	0.04712416165483886	0.8948469721968468	-0.1914743882997076	0.17901485523284705
3,5,8,9	-0.08247657662267369	0.049080312526887125	0.0931072242253674	-0.2754108084676301	0.11045765522228276
3,5,8,10	0.02587313392405835	0.04726049801112871	0.5841563720064071	-0.15990742473461164	0.21165369258272834
3,5,8,11	0.03344501246411301	0.04714680549569466	0.4782133476439616	-0.15188862202063752	0.2187786469488635
3,5,9,10	-0.006362786431356127	0.04702296539685405	0.8923854990226467	-0.19120960669037557	0.1784840338276633
3,5,9,11	-0.06953276587248013	0.046871944634428585	0.13818942638851184	-0.2537859249812118	0.11472039323625151
3,5,10,11	0.012853829865780236	0.04661235113721983	0.782775277880205	-0.17037886972675576	0.19608652945831623
3,6,7,8	0.07794845148688143	0.052430183419776184	0.13732946112529176	-0.12815409030201175	0.2840509932757746
3,6,7,9	-0.07510277754907754	0.050500832242264475	0.13721068674066855	-0.2736210585982196	0.12341550350006453
3,6,7,10	0.028428761952172935	0.0491540097875162	0.5631187087805312	-0.1647951731085232	0.22165269701286905
3,6,7,11	-0.002952950605995888	0.04858003710268886	0.9515393894092741	-0.19392060461741212	0.18801470340542037
3,6,8,9	0.055331529524676126	0.05059978314693058	0.2743673083240794	-0.14357572656963624	0.2542387856189885
3,6,8,10	0.005807553434491852	0.04929720793040691	0.9062384822692975	-0.18797929213507905	0.19959439900406276
3,6,8,11	0.005998548978881968	0.04866418290076652	0.9019166253837285	-0.18529988134750172	0.19729697930526566
3,6,9,10	-0.13097520364544762	0.04838458362502616	0.0068774591197725225	-0.3211745319345364	0.05922412464364116
3,6,9,11	0.01966032234549575	0.04799386578210213	0.6821345039772336	-0.1690030978979511	0.2083237425889426
3,6,10,11	-0.007352210069708043	0.046877574902860174	0.8753959977609347	-0.19162750170895962	0.17692308156954353
3,7,8,9	0.08180861227097336	0.052431039500451235	0.11892572505672275	-0.12429729476273865	0.28791451930468537
3,7,8,10	0.10411238175124378	0.04833266680722134	0.03141383671558006	-0.0858828620313024	0.29410762553378994
3,7,8,11	-0.021756476367344096	0.04796897479790416	0.6502247998186221	-0.2103220503936653	0.1668090976589771
3,7,9,10	0.0533626524715092	0.04915987142544753	0.277901207587817	-0.13988432463096317	0.24660962957398158
3,7,9,11	0.004563344850859935	0.04858549883553457	0.925183721702141	-0.18642577917932507	0.19555246888104494
3,7,10,11	0.015798972596667724	0.04710405723500037	0.7373721116361661	-0.16936661889049098	0.20096456408382646
3,8,9,10	-0.023488664038751272	0.04929293890798749	0.6337884147880831	-0.21725872812265484	0.1702814000451523
3,8,9,11	0.024220700653091898	0.04865713317050291	0.6187195004666752	-0.16705001725209687	0.21549141855828066
3,8,10,11	-0.0065284038847923664	0.04715263059606333	0.8899037736199561	-0.19188493678251517	0.17882812901293044
3,9,10,11	0.014930302567694065	0.04688067420063305	0.7501751722513396	-0.16935717238100037	0.1992177775163885
4,5,6,7	-0.0005455365392429828	0.04897056855738346	0.9911133550780967	-0.19304836590598157	0.19195729282749563
4,5,6,8	0.041906767356542335	0.049098602210444854	0.3935238228487582	-0.15109936105683888	0.23491289576992355
4,5,6,9	0.07620836225048827	0.04831000210450478	0.11492239172470045	-0.11369778680581263	0.2661145113067892
4,5,6,10	0.009749158604009434	0.047161385925881476	0.836261011838671	-0.17564179141019134	0.1951401086182102
4,5,6,11	-0.03598040852356105	0.0468319481729873	0.4424532000992155	-0.22007634193083728	0.14811552488371518
4,5,7,8	-0.08896886154862835	0.04825935408472321	0.06547094531120244	-0.2786759137310927	0.10073819063383599
4,5,7,9	-0.006351306198237906	0.048984398325187646	0.8968552862651618	-0.19890850024789153	0.18620588785141573
4,5,7,10	-0.06811930626218465	0.04729738659782535	0.15003742930106606	-0.25404487359687444	0.11780626107250516
4,5,7,11	-0.011175364136215213	0.04712369720871786	0.8125774242980401	-0.19641816016930186	0.17406743189687146
4,5,8,9	0.015238484190645635	0.04908242233218094	0.7562544963490205	-0.1777040412784291	0.20818100965972036
4,5,8,10	0.07156590122844697	0.04737461033666975	0.1311190617112896	-0.11466323187359564	0.25779503433048956
4,5,8,11	-0.0215136053290656	0.0471689698567949	0.6483952809999178	-0.20693436770202722	0.16390715704389602
4,5,9,10	0.01261949995589784	0.047162126334978086	0.7890665863457962	-0.1727743605992704	0.19801336051106608
4,5,9,11	-0.016205080797042415	0.046833862294158736	0.7293885891144912	-0.2003085385960524	0.16789837700196758
4,5,10,11	0.027252999046662174	0.04665720570104476	0.5592448894245291	-0.15615602340061446	0.2106620214939388
4,6,7,8	0.12915314838893344	0.05184854916387563	0.0128611453164467	-0.0746629947892049	0.3329692915670718
4,6,7,9	0.16626900736473862	0.05029130598649667	0.0009713081255999697	-0.03142562800802831	0.3639636427375056
4,6,7,10	-0.02343253838285253	0.0491925651653923	0.6339085100976309	-0.21680803425950604	0.16994295749380098
4,6,7,11	-0.033230075675754825	0.04851823897064347	0.49352767569875466	-0.22395480183032218	0.1574946504788125
4,6,8,9	-0.19061986944162534	0.05047975751856596	0.00016631339069336735	-0.38905530595659926	0.007815567073348573
4,6,8,10	-0.040481940055260526	0.04940922241789703	0.412751485552297	-0.23470911348720142	0.15374523337668033
4,6,8,11	0.08348763345481942	0.04866346297318443	0.0864668123593955	-0.10780796684323148	0.27478323375287034
4,6,9,10	-0.0651164044164258	0.04843281821530003	0.17902701457814638	-0.2555053424113971	0.1252725335785455
4,6,9,11	-0.04046178376357763	0.0480363008700209	0.39976265311597026	-0.22929201592547743	0.1483684483983222
4,6,10,11	-0.0005697399924335517	0.04693108531273392	0.9903158044279736	-0.18505538053317272	0.18391590054830564
4,7,8,9	0.08397901850356068	0.05184961425556603	0.10554216868616963	-0.11984131153966782	0.2877993485467892
4,7,8,10	-0.01958990311407449	0.048339233478886245	0.6853526589268488	-0.20961096041915583	0.17043115419100685
4,7,8,11	0.04989170933785876	0.04798466899880532	0.29864914505488094	-0.13873555843977314	0.2385189771154907
4,7,9,10	-0.07159773699484442	0.0491930828924808	0.14578348562328663	-0.26497526805165433	0.12177979406196549
4,7,9,11	-0.04682816271046636	0.04851643515245576	0.33461974671837535	-0.23754579807325762	0.1438894726523249
4,7,10,11	-0.025282180404090124	0.04710299883595211	0.5915356172406334	-0.21044361133486994	0.15987925052668972
4,8,9,10	0.023512823797028307	0.049409148707794184	0.63423834825018	-0.1707140598812142	0.21773970747527083
4,8,9,11	0.06510625086092933	0.048664812836891745	0.18117469744319442	-0.1261946557382443	0.25640715746010295
4,8,10,11	0.011790650509463901	0.04720693002332188	0.8028076131969274	-0.17377933290942277	0.19736063392835057
4,9,10,11	-0.04770848979437142	0.04693428936726753	0.30957910233915525	-0.23220672544236248	0.13678974585361964
5,6,7,8	0.03274779435894851	0.05272566505830479	0.5346421081870334	-0.17451628288110085	0.24001187159899787
5,6,7,9	-0.013927411310629884	0.050507194952148775	0.782782292570029	-0.21247070411052857	0.1846158814892688
5,6,7,10	0.008167384124849228	0.04925352301366194	0.8683212683557908	-0.18544773646129203	0.20178250471099052
5,6,7,11	0.03934126154086029	0.04875262507486177	0.41983620475342764	-0.15230483411288695	0.23098735719460753
5,6,8,9	-0.016814511365661033	0.05064491294545521	0.7399358014456401	-0.2158991722596453	0.18227014952832324
5,6,8,10	-0.09204071826590068	0.049388080781090464	0.06259585926980281	-0.28618478412889553	0.10210334759709416
5,6,8,11	-0.04708390409051455	0.04881607791916047	0.33496312514132065	-0.23897943225890683	0.14481162407787773
5,6,9,10	0.011798362885983849	0.04848900464459608	0.8077948839224394	-0.178811443416833	0.2024081691888007
5,6,9,11	-0.04159928318173324	0.048166971733367335	0.38793788579819355	-0.23094318123829194	0.1477446148748255
5,6,10,11	-0.055789398215458516	0.04702966105683781	0.2357323669269792	-0.24066253904884172	0.1290837426179247
5,7,8,9	-0.014057145148972147	0.05274013128557768	0.789867887829122	-0.22137808898792632	0.19326379868998206
5,7,8,10	-0.06778414076763598	0.04844648148298721	0.16200052867280065	-0.2582267889351795	0.12265850739990755
5,7,8,11	0.06624421339121764	0.04813254070101701	0.16896518860245097	-0.12296433661158734	0.2554527633940226
5,7,9,10	-0.050647172872356344	0.0492508061288008	0.3039718882789896	-0.24425161341049653	0.14295726766578384
5,7,9,11	0.04667933021196624	0.04874780644812692	0.3384554215644775	-0.14494782346688778	0.23830648389082026
5,7,10,11	0.022990588545103094	0.04726372640824165	0.6267413566291755	-0.16280266091126167	0.20878383800146788
5,8,9,10	0.014283811030406546	0.0493931575295384	0.7724842630027595	-0.17988021148142863	0.20844783354224172
5,8,9,11	-0.08492726309982111	0.04881849464104623	0.08215209183207824	-0.27683229137847365	0.10697776517883141
5,8,10,11	0.008760998047813315	0.047319288764859656	0.8531425097759431	-0.177250666492761	0.19477266258838766
5,9,10,11	-0.08642339489650573	0.04703336304328009	0.06636121284181495	-0.27131108820263755	0.0984642984096261
6,7,8,9	0.22275974530568815	0.05268687046004332	2.5195372607557508e-05	0.015648169254607575	0.42987132135676875
6,7,8,10	-0.0949995679851211	0.053269352724597895	0.07475309147386024	-0.3044008761607391	0.11440174019049684
6,7,8,11	-0.09377310683378368	0.0512011432792086	0.06725556891891551	-0.2950443037673008	0.10749809009973343
6,7,9,10	0.19196509131115616	0.050654287229846245	0.00015759303689765318	-0.0071564198037204485	0.39108660242603277
6,7,9,11	0.07097449049373841	0.04993986409865592	0.15549418518209254	-0.12533863023134667	0.2672876112188235
6,7,10,11	-0.11487630279928347	0.04886834921123452	0.018882535644280985	-0.3069773089091279	0.07722470331056093
6,8,9,10	-0.04600526344894698	0.05078897052935547	0.36520000418572707	-0.24565621330606718	0.15364568640817322
6,8,9,11	-0.0713321433215538	0.05010251069643735	0.15476183843214264	-0.2682846262427937	0.1256203395996861
6,8,10,11	-0.029161419838733493	0.049046604286998176	0.5522354422507372	-0.22196314492008168	0.1636403052426147
6,9,10,11	-0.03165504224450946	0.04816175963694065	0.5111246444072874	-0.22097845160063798	0.15766836711161905
7,8,9,10	0.23280048876723358	0.05325699245863658	1.3318378419188612e-05	0.023447768677059028	0.44215320885740816
7,8,9,11	-0.08296919977147924	0.05119390466592308	0.10532312331867406	-0.28421194178647685	0.11827354224351838
7,8,10,11	-0.05919094797886334	0.04808489237608311	0.21855341503281053	-0.24821219287914306	0.12983029692141637
7,9,10,11	-0.05165237626454619	0.04887710131417017	0.2908043291636724	-0.2437877868060248	0.14048303427693243
8,9,10,11	0.006056147417093399	0.04903832752902272	0.9017312937939103	-0.18671304180904225	0.19882533664322904
