Params: 	562
Performance: 	0.9827390892301666
Term	Coefficient	Standard Error	p-value	95% CI lower	95% CI upper
Intercept	8.821788860703554
1	0.4092182112069539	0.003144439181984992	0.0	0.39685745132330175	0.42157897109060605
2	0.3500002851888369	0.0031397728488476513	0.0	0.33765786861542535	0.3623427017622485
3	0.005984814876935603	0.0031610579205950486	0.058536373847020214	-0.006441273106781275	0.01841090286065248
4	0.07613546364542387	0.0031547901494451765	5.896501797877728e-107	0.06373401420922067	0.08853691308162706
5	0.0056711211379490735	0.0031646522838073353	0.0733578115189118	-0.006769096252644633	0.01811133852854278
6	0.026905767934759628	0.0033178066088989534	1.1471583015673964e-15	0.013863502379759944	0.03994803348975931
7	0.357729443121997	0.003296025627697401	0.0	0.3447727983925503	0.3706860878514437
8	-0.024457210442601924	0.0033005605212345166	2.241407757095215e-13	-0.03743168179449734	-0.011482739090706512
9	0.1362792476936619	0.0033177029270073837	1.4696241380307486e-238	0.12323738971117096	0.14932110567615284
10	0.08200712521333646	0.003174974511655634	1.757925770605888e-119	0.06952633124532692	0.094487919181346
11	0.051319488584763304	0.003129701051138894	3.68742262941385e-55	0.03901666415032133	0.06362231301920528
1,2	-0.1346371595747268	0.0030067993834456317	1.980523057656727e-267	-0.14645685874716327	-0.12281746040229032
1,3	0.003149885349381182	0.00300260422754414	0.2943458938677456	-0.008653322705952475	0.014953093404714839
1,4	-0.024298523874518783	0.0030129399710331845	1.6282932215273973e-15	-0.036142361637120764	-0.012454686111916802
1,5	-0.0063078236760088485	0.0030112008168402507	0.03637945014857847	-0.018144824840370145	0.005529177488352447
1,6	-0.050432804595127036	0.0032387914053770388	2.469113764016355e-50	-0.06316446215252641	-0.03770114703772766
1,7	-0.17754591398146025	0.0031411841593370258	0.0	-0.18989387840269806	-0.16519794956022243
1,8	0.022415822744697434	0.0031441951039707797	1.6535637863749706e-12	0.010056022329348492	0.03477562316004638
1,9	-0.03581635916463364	0.0032385832730225136	2.9534454158302073e-27	-0.04854719855576889	-0.02308551977349839
1,10	-0.030296092245268413	0.0030223220777762633	7.597625712780216e-23	-0.04217681097835264	-0.01841537351218419
1,11	-0.007100465300893943	0.003002001660361425	0.018161590281304568	-0.018901304670484852	0.004700374068696966
2,3	-0.01155987958884301	0.003006046772850881	0.00012599729755801505	-0.023376620256341345	0.00025686107865532416
2,4	-0.003949318510413272	0.003006130746066904	0.18915617217856315	-0.015766389275808194	0.007867752254981649
2,5	-0.002682248532720588	0.003017505779403639	0.3742203690857532	-0.014544034443680881	0.009179537378239705
2,6	0.05546947189156824	0.003241056881276632	1.7623064964182248e-59	0.04272890877041126	0.06821003501272523
2,7	-0.15727241108247356	0.0031332439007465233	8.768826158906515e-309	-0.16958916242431277	-0.14495565974063435
2,8	-0.023395935113441547	0.0031396012607336106	1.6540743684314305e-13	-0.03573767717564341	-0.011054193051239681
2,9	-0.04702580871605219	0.0032404080096832596	2.1259396466325498e-44	-0.05976382112927787	-0.034287796302826516
2,10	-0.009383433341800368	0.0030225057936041884	0.0019462543689297742	-0.0212648742600198	0.002498007576419067
2,11	-0.0036782057292160065	0.002995706824467996	0.21973049132816175	-0.015454300160049169	0.008097888701617158
3,4	0.00013922885070068863	0.003006785738417136	0.9630742280981833	-0.011680416683261306	0.011958874384662683
3,5	0.001736544751124799	0.0030224311710091464	0.5656916579515915	-0.010144602826398307	0.013617692328647905
3,6	-0.012538704916677294	0.0032786825905928834	0.0001372331679188363	-0.02542717433571239	0.00034976450235780013
3,7	0.0016346352550396345	0.0031570856373370065	0.604707169050634	-0.010775837721771143	0.014045108231850411
3,8	0.004761058317239095	0.003161608166092341	0.13233179657962754	-0.007667192676183316	0.017189309310661503
3,9	-0.006372358485954979	0.0032787216847358067	0.05216128105331494	-0.0192609815836862	0.0065162646117762416
3,10	-0.010213668952776582	0.0030242555529076485	0.0007533721518830826	-0.022101988157823178	0.0016746502522700137
3,11	-0.006378073609148521	0.002999172882735594	0.033636808754490266	-0.018167793081367116	0.005411645863070075
4,5	0.0003974810713361504	0.0030191736005011167	0.895279323456396	-0.011470861028159422	0.012265823170831722
4,6	-0.013926008308846586	0.0032452514122174128	1.906304954955344e-05	-0.02668306009039191	-0.0011689565273012622
4,7	-0.0031800055979939856	0.003143990583133493	0.3119832809129568	-0.015539002043917987	0.009178990847930016
4,8	-0.006386644463584609	0.003154176587855896	0.043085919100275025	-0.018785681995139622	0.006012393067970404
4,9	-0.006078980041185082	0.003245211211976431	0.061258636986453466	-0.018835873795973557	0.006677913713603393
4,10	-0.005295606063612397	0.0030264949133111028	0.08039314193067419	-0.017192728172654922	0.006601516045430129
4,11	0.00245495037254666	0.0030019513482287827	0.41362707348685224	-0.009345691220539493	0.014255591965632815
5,6	-0.004859106378707652	0.0032961154118687536	0.14066749253353678	-0.01781610404885989	0.008097891291444587
5,7	-0.010460092188869395	0.003158532351924346	0.0009523140078523475	-0.02287625218667162	0.0019560678089328293
5,8	0.001006976422000522	0.0031633339268349906	0.7502866344117654	-0.011428058520139592	0.013442011364140638
5,9	0.00870097691718783	0.003295349844701912	0.008378600900562375	-0.004253011315867215	0.021654965150242875
5,10	0.006602381692589218	0.0030294894407712526	0.029479737266009293	-0.005306511874814462	0.018511275259992896
5,11	-0.009118255957456297	0.0030096795765385633	0.0024958352051900356	-0.020949277140966883	0.002712765226054289
6,7	-0.03130765078939471	0.003307455215717135	1.2829577197670945e-20	-0.04430922511833577	-0.018306076460453645
6,8	0.030453300568688436	0.0033148715224989417	1.5142738235423612e-19	0.01742257280981983	0.043484028327557045
6,9	-0.010019946168677313	0.0032984619298017264	0.0024300190958289254	-0.02298616797803324	0.0029462756406786143
6,10	-0.019977735323776447	0.0033374198475212354	2.76498623609661e-09	-0.03309710032930446	-0.00685837031824843
6,11	-0.0005064420635372668	0.0032022280905003612	0.8743603162952973	-0.013094369585281871	0.012081485458207338
7,8	0.06888909187314099	0.003293267180725121	3.4550296268211726e-84	0.05594329057195059	0.08183489317433139
7,9	-0.07918760876255644	0.003307488334746002	1.4593123878996614e-105	-0.09218931328207831	-0.06618590424303457
7,10	-0.08055425916840034	0.0031661003208721173	1.3354726423746045e-116	-0.09300016877863147	-0.0681083495581692
7,11	-0.00796890903064378	0.0031223876727299047	0.010816390861983953	-0.02024298464559205	0.004305166584304491
8,9	-0.03370791978862052	0.0033148127564955783	1.9301412053831192e-23	-0.04673841653890067	-0.020677423038340366
8,10	-0.025067165186612297	0.0031741306864111456	5.9393070029818276e-15	-0.037544642085781496	-0.012589688287443099
8,11	0.004305942135668445	0.003130236817056546	0.16917915168055556	-0.007998988389392126	0.01661087266072902
9,10	0.04220281791926504	0.0033381647734737805	1.1314112670267372e-34	0.029080524617052753	0.05532511122147733
9,11	-0.0097919802005626	0.003202706756545563	0.0022773117009622663	-0.02238178935388179	0.002797828952756591
10,11	-0.008340524419002085	0.0030097911872315423	0.005664312260851138	-0.02017198434306274	0.0034909355050585684
1,2,3	0.0016808071505897632	0.002943955403119006	0.5681405268433051	-0.009891852945562211	0.013253467246741736
1,2,4	-0.018751438981646756	0.002948730421651557	2.7861243288838215e-10	-0.030342869629272268	-0.007160008334021245
1,2,5	0.004139796990594756	0.00294840933967179	0.16052993623015252	-0.007450371486886838	0.01572996546807635
1,2,6	-0.06586727195796886	0.003052519360693863	9.708046413061448e-89	-0.07786669591690755	-0.053867847999030175
1,2,7	0.01059950830944842	0.003003611618466753	0.00043153460609348087	-0.001207659789817626	0.022406676408714465
1,2,8	0.027995933847789548	0.0030057873274804384	4.953918707771749e-20	0.01618021305752253	0.03981165463805657
1,2,9	-0.032717754399712716	0.003052055990502233	9.028320403802696e-26	-0.04471535685492864	-0.02072015194449679
1,2,10	-0.030172730160074462	0.0029525149310642446	1.1926146511722657e-23	-0.04177903767744376	-0.018566422642705166
1,2,11	-0.016927099964777925	0.00294372369373567	1.1050626424803002e-08	-0.02849884921359451	-0.005355350715961339
1,3,4	-0.0033126668050436547	0.002947551866856444	0.26127150918735903	-0.014899464565216427	0.008274130955129116
1,3,5	-0.0005131280596788841	0.002948299688711857	0.8618590182915362	-0.012102865500301978	0.011076609380944208
1,3,6	0.0023554357546693404	0.003048148684047692	0.43981227340969664	-0.009626807116823954	0.014337678626162635
1,3,7	-0.01169882895622518	0.0030013244093533035	0.000101888094387663	-0.02349700605868104	9.934814623068118e-05
1,3,8	-0.003041355183356898	0.0030020787381272655	0.31120543550056506	-0.014842497544896699	0.008759787178182902
1,3,9	0.007238831495607206	0.0030477774165164934	0.01768498123101052	-0.004741951926826927	0.01921961491804134
1,3,10	0.004997222085781504	0.0029484618057054575	0.09033746113195532	-0.006593152635168853	0.01658759680673186
1,3,11	0.0007674090549449099	0.0029438784196370053	0.7943801040113081	-0.010804948419887031	0.012339766529776851
1,4,5	-0.0013615356564421338	0.0029500594249053038	0.6444954413740498	-0.012958190602950025	0.010235119290065757
1,4,6	0.010271726780679434	0.0030631515487367584	0.0008210270518625583	-0.0017694922061895144	0.022312945767548383
1,4,7	-0.017186501556837194	0.0030088784266418186	1.3775189740663802e-08	-0.02901437342788494	-0.00535862968578945
1,4,8	0.005743496785123851	0.003012346661708681	0.05678179156021423	-0.0060980086842860924	0.017585002254533796
1,4,9	-0.005365389065966706	0.003063094862481678	0.08006991008193104	-0.017406385219717505	0.0066756070877840926
1,4,10	-0.0011112141594195107	0.0029578839505431114	0.7072158687069519	-0.012738627240213008	0.010516198921373988
1,4,11	-0.005730377489253661	0.002948201854468592	0.052144860857879144	-0.017319730344416705	0.005858975365909384
1,5,6	0.004525730728896808	0.003059963446402103	0.13937409202102238	-0.007502955858659425	0.01655441731645304
1,5,7	0.0074578926273396375	0.0030113144663192555	0.013387242128429063	-0.004379555292019792	0.01929534054669907
1,5,8	0.00013587864374081313	0.003011399858368956	0.9640173255766179	-0.011701904950936608	0.011973662238418234
1,5,9	-0.009727439926854842	0.003060156288200996	0.0015133771935514659	-0.021756884573649528	0.002302004719939842
1,5,10	-0.003759101807478728	0.002956009510605143	0.2037095660580739	-0.01537914648308179	0.007860942868124332
1,5,11	0.00395802616347023	0.00294586648796891	0.1793122139429267	-0.007622146388665084	0.015538198715605545
1,6,7	-0.0033354176431591494	0.003235924144142794	0.3028477981351651	-0.016055804024495322	0.009384968738177022
1,6,8	-0.015514019844374647	0.003239413445426872	1.8632868795964812e-06	-0.028248122635168287	-0.0027799170535810092
1,6,9	0.013812793640063485	0.0031459433413635	1.2199141381775468e-05	0.0014461209205037188	0.026179466359623253
1,6,10	0.004333770263981511	0.0030784782065783316	0.1594355735975472	-0.007767697666000717	0.01643523819396374
1,6,11	-0.0032080259797648315	0.0030435117913986246	0.2920503318472734	-0.015172041271291	0.008755989311761338
1,7,8	-0.04722982254276061	0.0031410666060149	2.681214784131877e-47	-0.05957732486303089	-0.03488232022249033
1,7,9	0.0009478419583490208	0.003236059998859012	0.7696444548542111	-0.011773078466557098	0.01366876238325514
1,7,10	0.035110717217558096	0.0030171482177990525	7.166276692133065e-30	0.02325033687779257	0.04697109755732362
1,7,11	-0.008016407754265377	0.0029989500763153054	0.007608316918308062	-0.019805251376609854	0.0037724358680790993
1,8,9	0.031579377098579955	0.0032392514106350328	9.814659684375355e-22	0.018845911264979254	0.04431284293218066
1,8,10	0.027461546403354114	0.0030219840211319965	3.6008887605216423e-19	0.01558215656765509	0.03934093623905314
1,8,11	-0.007666963986760134	0.0030011297082259743	0.010739153327897757	-0.01946437572097552	0.004130447747455253
1,9,10	-0.04494295051108296	0.003078088820516592	6.955306745873774e-45	-0.057042887768238446	-0.03284301325392748
1,9,11	-0.0007113326662316812	0.003043571105579291	0.8152412112551735	-0.012675581121225955	0.011252915788762592
1,10,11	-0.003996665396208701	0.0029480024726270394	0.17541934864296052	-0.015585234483289122	0.00759190369087172
2,3,4	0.0031154698682736848	0.002950338805701569	0.291174324173235	-0.008482283321430808	0.014713223057978177
2,3,5	-0.004292393204096037	0.0029488849080755546	0.14574045413917905	-0.015884431136353815	0.00729964472816174
2,3,6	0.007811562898176838	0.0030489800239842713	0.010516175860605992	-0.0041739479625326655	0.01979707375888634
2,3,7	0.001112210181610701	0.0030053847842286003	0.7113876349381718	-0.010701928215043089	0.01292634857826449
2,3,8	-0.0023721633999611597	0.003005834274908651	0.43014428428510354	-0.014188068740112499	0.00944374194019018
2,3,9	0.0057265719354994155	0.003049087493323962	0.06058332286565366	-0.006259361386140604	0.017712505257139435
2,3,10	0.002554772006923267	0.0029542367669164525	0.3873147582732579	-0.009058304030457529	0.014167848044304064
2,3,11	-0.0012079043802706762	0.0029415506874708695	0.6814064119557313	-0.012771111562565905	0.010355302802024555
2,4,5	-0.0015481018982914452	0.0029482151449085428	0.599602910215199	-0.013137506998044852	0.010041303201461963
2,4,6	-0.00836037196893431	0.003051746351410911	0.006235116606193515	-0.020356757235889658	0.003636013298021037
2,4,7	-0.008551236364289243	0.0030020121010190053	0.004460437014633446	-0.020352116776003695	0.0032496440474252073
2,4,8	0.003732468028089915	0.0030058023975436075	0.21454699171602937	-0.00808331200244905	0.01554824805862888
2,4,9	-0.008625041062121055	0.003050995045321569	0.004769855316503126	-0.020618472952136348	0.0033683908278942364
2,4,10	-0.003056414541856364	0.002958398901337119	0.30173098013254773	-0.014685851889219588	0.00857302280550686
2,4,11	0.0034053929402000464	0.0029435825078279443	0.24752697120740938	-0.008165801308184555	0.014976587188584647
2,5,6	0.0010179713186620823	0.003059775493980068	0.7394173228161205	-0.01100997642974864	0.013045919067072805
2,5,7	-0.0014925180477431284	0.0030152705533833817	0.6206917583404012	-0.013345517306927684	0.010360481211441426
2,5,8	0.0012568188891074299	0.003017166257693885	0.6770706230388255	-0.010603632365309465	0.013117270143524325
2,5,9	-0.0036648809191824963	0.003059365663677983	0.23116168773730317	-0.015691217628656245	0.008361455790291255
2,5,10	-0.005303935717997376	0.002960563399592985	0.07343655651066637	-0.016941881686981467	0.006334010250986715
2,5,11	0.0025966294408227286	0.0029454883206134408	0.37817380641673604	-0.00898205653911123	0.014175315420756687
2,6,7	-0.014915753144823553	0.003235748742270056	4.422102567466125e-06	-0.027635450023101603	-0.0021960562665455027
2,6,8	0.006747200783048731	0.0032423044081798568	0.03762656139247434	-0.005998266354248078	0.01949266792034554
2,6,9	-0.011501973449757102	0.0031410326104680747	0.0002602646576716305	-0.023849342133862996	0.0008453952343487926
2,6,10	-0.006544653853278739	0.0030839249328352973	0.034007451423720206	-0.018667532811275138	0.005578225104717661
2,6,11	-0.009103460058308076	0.0030328327071120964	0.002735580159446833	-0.021025495973225748	0.0028185758566095977
2,7,8	-0.02009662283828018	0.0031331482816765606	1.9653263206828806e-10	-0.03241299830248409	-0.007780247374076267
2,7,9	0.020663853016237615	0.0032364709890909406	2.3705043584325273e-10	0.007941316992721574	0.033386389039753654
2,7,10	0.02350710794846758	0.003018981757651581	1.3814876978008466e-14	0.011639519981350238	0.035374695915584925
2,7,11	-0.0036225687974096666	0.0029925564515903783	0.2262928293471475	-0.015386279143059275	0.008141141548239944
2,8,9	0.024139064070388416	0.003241609762867785	1.718494704562641e-13	0.011396327577066536	0.03688180056371029
2,8,10	0.0164668901246885	0.003022339652079285	6.053282231914286e-08	0.004586102307189793	0.02834767794218721
2,8,11	0.003265539173334409	0.0029945984373334904	0.2757015734334045	-0.008506198198438352	0.01503727654510717
2,9,10	-0.029322572829002552	0.003084153181487389	8.821369813816903e-21	-0.041446349030233434	-0.01719879662777167
2,9,11	-0.007011913380140272	0.0030324408867976214	0.02091380956572647	-0.018932409053207346	0.0049085822929268
2,10,11	-0.0021845450606002917	0.002945313915606605	0.45839938383705325	-0.013762545456146308	0.009393455334945724
3,4,5	-0.00438416316373926	0.0029519486950337643	0.13773509063118072	-0.015988244812772376	0.007219918485293854
3,4,6	0.0012323405464305052	0.0030564935558477077	0.6868752110554318	-0.010782705935058114	0.013247387027919125
3,4,7	0.00358121296681127	0.0030038325590642507	0.2333905926351547	-0.00822682364779763	0.01538924958142017
3,4,8	-0.0017107877239962337	0.003005766387257633	0.5693382220546304	-0.013526426198450788	0.010104850750458319
3,4,9	0.0018973832636114477	0.003055446385496069	0.5347169682756924	-0.010113546801395644	0.013908313328618539
3,4,10	0.003203513309730001	0.0029546169723320046	0.27845573448945776	-0.008411057311446542	0.014818083930906546
3,4,11	-0.0035906533269444655	0.0029435477103926747	0.22274311536831837	-0.015161710786948996	0.007980404133060065
3,5,6	0.00321868204441976	0.0030664310268575003	0.29407006180112555	-0.008835428539089514	0.015272792627929034
3,5,7	0.00300771437639593	0.003020273868596822	0.3195089360620312	-0.008864952866297378	0.014880381619089238
3,5,8	-0.004295649206264789	0.003021959028165887	0.15541307237054874	-0.016174940794856783	0.007583642382327206
3,5,9	0.004737407840142618	0.003066755406887847	0.12264258318378546	-0.00731797787811537	0.016792793558400604
3,5,10	-0.0016056619246815071	0.00295337961514466	0.5867604983235719	-0.013215368506772573	0.010004044657409561
3,5,11	-0.003260352703403883	0.0029458980450661866	0.2686058480808542	-0.01484064930618209	0.008319943899374323
3,6,7	-0.006253160198917562	0.003275712878706598	0.056484858246282056	-0.01912995570937134	0.006623635311536216
3,6,8	0.004382299914409467	0.00327752252459278	0.18142701149859364	-0.008501609296446496	0.01726620912526543
3,6,9	0.0007186859041369738	0.0031619835371236825	0.8202336403062457	-0.011711040669163805	0.013148412477437752
3,6,10	0.002560394805189525	0.0030809253782051855	0.4060966197650189	-0.009550692932689427	0.014671482543068477
3,6,11	0.0019188930638924994	0.0030405783217534103	0.5280874086548522	-0.010033590786949997	0.013871376914734997
3,7,8	0.004304588576067014	0.0031565479728308744	0.17289322422126777	-0.008103770846792285	0.016712947998926315
3,7,9	-0.008349269900781418	0.0032758119464669673	0.010922527419348377	-0.021226454845639002	0.004527915044076165
3,7,10	-0.0072871928709945175	0.0030206080221694322	0.01597900980501129	-0.01916117366813625	0.004586787926147216
3,7,11	0.0002547910762731448	0.0029970796292055463	0.9322638069201619	-0.011526699836649803	0.012036281989196092
3,8,9	0.004458722829115004	0.0032775161133366485	0.17393573228476666	-0.008425161179155377	0.017342606837385387
3,8,10	0.0028421974044521153	0.003024086064955685	0.3474640921931257	-0.009045455545101484	0.014729850354005715
3,8,11	-0.0021453573397355835	0.002998106504561497	0.47438251100275186	-0.013930884889709129	0.00964017021023796
3,9,10	0.0015220945529056387	0.0030807069792247576	0.6213364252493139	-0.010588134660702478	0.013632323766513754
3,9,11	0.000520406427793	0.003040088504192378	0.8641073156245488	-0.01143015195497449	0.01247096481056049
3,10,11	0.000958341568216239	0.002947373287959827	0.7451180739723404	-0.0106277542000484	0.012544437336480878
4,5,6	-0.0035137160615976402	0.0030684987137064535	0.25237747056666016	-0.0155759547020275	0.00854852257883222
4,5,7	0.0043187307825872006	0.00301595808217526	0.15239116826070842	-0.0075369711456005255	0.016174432710774928
4,5,8	-0.004242583796851133	0.003018934837093074	0.16015915309987042	-0.01610998731970871	0.007624819726006442
4,5,9	5.523809221959523e-05	0.003067536053133056	0.9856357278114243	-0.012003216338846191	0.012113692523285383
4,5,10	-0.0037166582426414337	0.0029609015397290502	0.20961099615091533	-0.015355933437216173	0.007922616951933305
4,5,11	0.00474243178179105	0.0029476827170713186	0.1078834718366416	-0.006844880349305495	0.016329743912887596
4,6,7	0.0012319506486244483	0.003242116321908822	0.7040185746623777	-0.011512777123367733	0.01397667842061663
4,6,8	-0.00047291964604831774	0.0032465729044429213	0.8842061597564295	-0.013235166200696969	0.012289326908600334
4,6,9	0.010736282875426703	0.0031556455272105303	0.0006882675520814923	-0.001668529042464133	0.023141094793317538
4,6,10	-0.0004285118027279357	0.0030879611728326785	0.8896541574537791	-0.01256725718095159	0.01171023357549572
4,6,11	-0.008905751293530974	0.0030407676988768034	0.0034611028275378024	-0.020858979584006183	0.003047476996944234
4,7,8	-0.012202410518518107	0.0031443395290484764	0.0001092533676907886	-0.024562778667444732	0.00015795763040851556
4,7,9	-0.0016662055758675381	0.003242228872954991	0.6074023879382265	-0.014411375784929046	0.01107896463319397
4,7,10	0.001729136761085489	0.0030216890950556666	0.5672552571019789	-0.010149093723071986	0.013607367245242964
4,7,11	-0.002673276661632879	0.0029993216359269184	0.37293341304187	-0.01446358088120179	0.009117027557936032
4,8,9	0.003684936618266115	0.003246486766270542	0.2565581282292338	-0.00907697132806354	0.016446844564595768
4,8,10	-0.0001616695893661424	0.003026704100439483	0.957409782423763	-0.012059614010978577	0.011736274832246292
4,8,11	0.0029146988584543834	0.0030018522554216376	0.33174202547263976	-0.008885553201769331	0.0147149509186781
4,9,10	0.0016538849981322448	0.003088004879249922	0.5923361977256159	-0.010485032189593091	0.013792802185857581
4,9,11	-0.0016896949459976694	0.003040803022091934	0.5785275952665453	-0.013643062091688475	0.010263672199693137
4,10,11	0.0006118872858170265	0.0029505678665449537	0.835745358660384	-0.01098676633983803	0.012210540911472082
5,6,7	0.003920376879533189	0.003295944198361948	0.23447382062009747	-0.009035947751986727	0.016876701511053104
5,6,8	-0.0018933261503437512	0.00329662637899076	0.5658471855811686	-0.014852332427289772	0.011065680126602268
5,6,9	-0.0023006411922620283	0.0031665774806470606	0.46763689871014025	-0.014748426512933998	0.010147144128409941
5,6,10	-0.0016510641868935846	0.003085935664629754	0.5927197778967213	-0.013781847312044527	0.010479718938257358
5,6,11	0.0047763712722969955	0.0030499892796408846	0.11758063750773866	-0.00721310696259614	0.01676584950719013
5,7,8	0.0001963853896939701	0.0031597702605932927	0.950451324926989	-0.012224640815062552	0.012617411594450493
5,7,9	-0.0032415535457393126	0.003296802922781409	0.32566808056667773	-0.01620125381461167	0.009718146723133045
5,7,10	0.0003696181433072033	0.003028041419590412	0.9028659803737956	-0.011533583266898665	0.012272819553513071
5,7,11	-0.001173246470473269	0.0030070640337182108	0.6964784000402304	-0.012993985980560813	0.010647493039614275
5,8,9	0.0010637046690551754	0.0032959061963908375	0.7469467741700785	-0.011892470577085406	0.014019879915195755
5,8,10	-0.0002407314976871095	0.003029539700518374	0.9366776234113205	-0.012149822635668571	0.011668359640294352
5,8,11	0.0012967994913256047	0.0030084729636964047	0.6665028016681394	-0.010529478508821823	0.013123077491473033
5,9,10	0.0015364647691058358	0.0030862047047534725	0.6186728976664797	-0.01059537595015836	0.013668305488370032
5,9,11	0.005434738951064472	0.0030501892875116634	0.0750155491115563	-0.006555525512826097	0.01742500341495504
5,10,11	-0.0026856834048765883	0.0029568876882456636	0.36389521360832566	-0.014309180188255133	0.008937813378501957
6,7,8	-0.013444132886117779	0.0033100534845432726	5.1594226376672136e-05	-0.026455920984578402	-0.00043234478765715595
6,7,9	0.00771842738537441	0.0032956428645659437	0.019327668323849283	-0.005236712705920154	0.020673567476668975
6,7,10	0.029184048271458193	0.003331967524329925	5.912543707282055e-18	0.016086116295438897	0.042281980247477494
6,7,11	0.014854856244922606	0.003199882930943263	3.787242670037287e-06	0.002276147522619322	0.02743356496722589
6,8,9	0.016377061605701827	0.0033009168851189266	7.908022546069406e-07	0.003401189390838024	0.02935293382056563
6,8,10	-0.0030802889288045025	0.0033397061084109734	0.35652784826387407	-0.016208641203684503	0.0100480633460755
6,8,11	-0.012657312304559715	0.0032017778726808996	8.118051135479082e-05	-0.02524347002442881	-7.115458469062093e-05
6,9,10	-0.015137025783418485	0.003175107448125921	2.0721736918837885e-06	-0.027618342323401553	-0.002655709243435417
6,9,11	0.008238078252548204	0.003130919004090657	0.008607087589279975	-0.004069533943117638	0.020545690448214048
6,10,11	0.009224339705977101	0.0030643686010010133	0.002660190492358268	-0.002821663501521873	0.021270342913476077
7,8,9	0.012983673667397425	0.003310131648918974	9.216184887733796e-05	-2.8421694464901212e-05	0.02599576902925975
7,8,10	0.017865323818843926	0.0031665873365906163	2.0548661522394215e-08	0.005417499754553566	0.030313147883134287
7,8,11	-0.005085487259832529	0.0031215820131635062	0.10352155478922115	-0.017356395834850352	0.007185421315185293
7,9,10	-0.014701439136389816	0.0033311508319622627	1.1006012496060618e-05	-0.027796160702644054	-0.00160671757013558
7,9,11	0.010054830230903169	0.003199477121121963	0.0017113848659202398	-0.0025222832569340627	0.022631943718740402
7,10,11	0.007862552944511257	0.0030052305751044734	0.008990185160891551	-0.003950979257573364	0.019676085146595877
8,9,10	-0.020384984082366577	0.003340495186184486	1.3696439428978253e-09	-0.033516438214310246	-0.007253529950422907
8,9,11	-0.00510095072967635	0.003202210016330977	0.11141059932964185	-0.017688807202036652	0.007486905742683952
8,10,11	0.0012263208862804925	0.0030094375480249516	0.6837126991343783	-0.010603748885493815	0.013056390658054801
9,10,11	0.004251956001611226	0.0030638998209116157	0.1654436211459672	-0.007792204435909406	0.01629611643913186
1,2,3,4	0.0021832227361012445	0.002912393313420328	0.45360954582713897	-0.00926536709199569	0.01363181256419818
1,2,3,5	0.0035334267438367345	0.002909683062321747	0.22482351455881547	-0.007904509113515305	0.014971362601188774
1,2,3,6	0.0002905678065515888	0.0029302607320700023	0.9210253790647962	-0.011228258670717837	0.011809394283821013
1,2,3,7	0.010694204967115846	0.002943501008544202	0.00029067123608022394	-0.0008766689083759341	0.022265078842607627
1,2,3,8	0.0008536511017221519	0.0029441257000765724	0.7718993749886235	-0.010719678430115988	0.012426980633560292
1,2,3,9	-0.004978538509694496	0.0029302691161038545	0.08955320351073984	-0.016497397944519564	0.006540320925130572
1,2,3,10	0.0013401376664169866	0.002913814915169327	0.6456451822405483	-0.01011404046434779	0.012794315797181762
1,2,3,11	0.000690120565671525	0.00291193518255252	0.8126955763315533	-0.010756668354433705	0.012136909485776757
1,2,4,5	0.0023050390149174883	0.0029123486304717095	0.4288109433245372	-0.009143375164942416	0.013753453194777391
1,2,4,6	0.010089049456860132	0.0029327427278035907	0.0005994800353095367	-0.001439533721531357	0.02161763263525162
1,2,4,7	0.026774727253460355	0.0029455985244427893	3.524302693168327e-19	0.015195608063343594	0.038353846443577116
1,2,4,8	-0.0051871394510976995	0.0029482997874595756	0.07874606976053013	-0.016776877279897115	0.006402598377701716
1,2,4,9	0.01593069157705932	0.0029325894633961042	6.612615741468709e-08	0.004402710879565062	0.027458672274553578
1,2,4,10	0.008470639459823931	0.0029167875986830195	0.003744185057326719	-0.002995224260960638	0.0199365031806085
1,2,4,11	5.16256918734713e-05	0.0029144161353951347	0.9858697543343798	-0.011404915829759535	0.011508167213506478
1,2,5,6	0.0002443345888848026	0.0029304643299403986	0.9335640272859124	-0.011275292229635683	0.011763961407405288
1,2,5,7	0.0017345852095971776	0.002948750013313075	0.5564686163166686	-0.009856922452659473	0.01332609287185383
1,2,5,8	-0.0019536422701719285	0.002948785650559375	0.5077504620950544	-0.013545290022097653	0.009638005481753796
1,2,5,9	0.004044496794605711	0.0029304542169614582	0.16777008237663307	-0.007475090269892782	0.015564083859104204
1,2,5,10	0.006229536860979525	0.002917289763008587	0.032912517577068354	-0.00523830086289152	0.01769737458485057
1,2,5,11	0.002043673224991032	0.0029123347156898892	0.4829706705295842	-0.009404686255996685	0.013492032705978749
1,2,6,7	0.045146278894972434	0.0030459549490701545	4.209294441951997e-46	0.033172659574368935	0.057119898215575934
1,2,6,8	-0.020925547616175467	0.0030533360071735042	1.1023243766052976e-11	-0.032928181804493854	-0.008922913427857082
1,2,6,9	-0.0016000521849332964	0.003007917310681408	0.5948519734482761	-0.013424145918475617	0.010224041548609022
1,2,6,10	0.018334402382691847	0.0029372590969946027	5.803642619362503e-10	0.00678806540087625	0.02988073936450744
1,2,6,11	0.014097832826644783	0.002930381178290941	1.6744246524041807e-06	0.0025785328764506964	0.025617132776838872
1,2,7,8	0.014015953618528018	0.0030043453823224357	3.394795008121528e-06	0.0022059011006720485	0.025826006136383986
1,2,7,9	0.062417036674120435	0.00304649620575656	2.9280522188618346e-81	0.05044128967873969	0.07439278366950118
1,2,7,10	0.017176552723002433	0.00295098048973956	7.345181882883335e-09	0.005576277079577032	0.028776828366427837
1,2,7,11	0.024595603422341884	0.0029431278660520346	1.6062776991383944e-16	0.013026196366362625	0.036165010478321144
1,2,8,9	-0.026765878896354265	0.0030528238914684113	5.492878795535449e-18	-0.03876649996280991	-0.014765257829898617
1,2,8,10	-0.019108132531795947	0.002952853591334482	1.366374006236679e-10	-0.03071577131939827	-0.007500493744193624
1,2,8,11	-0.007257696687299322	0.002944068021970291	0.013819964328046363	-0.018830799487061872	0.00431540611246323
1,2,9,10	0.02922585246673169	0.0029375277748843994	1.5348893283078814e-22	0.01767845931474087	0.04077324561872252
1,2,9,11	0.0148423311110478	0.0029304883202759184	4.6653398571837165e-07	0.003322609986751395	0.026362052235344206
1,2,10,11	0.008992712649634024	0.002915486704988594	0.002081379557891537	-0.0024680372706728394	0.020453462569940885
1,3,4,5	0.004297692648888455	0.0029136234687802834	0.1404410653810084	-0.007155732907980438	0.015751118205757347
1,3,4,6	0.0008499510346182005	0.002932290325611256	0.7719693847743624	-0.01067685375514923	0.01237675582438563
1,3,4,7	0.001296587459538881	0.0029450719010125173	0.6598230494816151	-0.01028046157898837	0.012873636498066133
1,3,4,8	0.0017561094171811634	0.0029478554349862316	0.551461094149962	-0.009831881666361363	0.01334410050072369
1,3,4,9	0.0009035809306791416	0.002932156903919836	0.7580070892123016	-0.01062269937971519	0.012429861241073474
1,3,4,10	0.0007428121018811414	0.00291712415930546	0.7990418391798448	-0.010724374635441356	0.012209998839203639
1,3,4,11	0.005132089587071256	0.0029160293411735817	0.07864562546888605	-0.006330793430808376	0.016594972604950887
1,3,5,6	-0.0034202852857622233	0.002930449139181659	0.24335820526668994	-0.014939852389557645	0.008099281818033198
1,3,5,7	-0.00413268806267339	0.0029473915192049947	0.16110437806853942	-0.01571885549778571	0.007453479372438929
1,3,5,8	0.003347383143463437	0.0029487835376334256	0.25650761765540186	-0.008244256302570904	0.014939022589497777
1,3,5,9	-0.0049896905334320925	0.0029304359972647073	0.08885638852181252	-0.01650920597647962	0.006529824909615434
1,3,5,10	-0.00046042173108036544	0.0029131513732052437	0.8744419809020266	-0.011911991484829059	0.010991148022668328
1,3,5,11	0.004981059525225322	0.002911445613044055	0.08734206049986129	-0.006463804901897134	0.01642592395234778
1,3,6,7	0.01434402963106759	0.0030433378588873936	2.694996190732909e-06	0.00238069806655373	0.026307361195581448
1,3,6,8	-0.0054111885859016795	0.0030483834393439328	0.07611073134104739	-0.01739435427818441	0.00657197710638105
1,3,6,9	0.001583961366343506	0.003003654308634935	0.5980424792736581	-0.010223374547559031	0.013391297280246043
1,3,6,10	0.0015427017246612369	0.002931646289902304	0.5988208638304235	-0.009981571366989576	0.013066974816312048
1,3,6,11	-0.00125972140315243	0.002927170643990044	0.6670076897261621	-0.012766400774192378	0.010246957967887518
1,3,7,8	-0.00357590962229484	0.0030018640890916884	0.2337767688473341	-0.015376208200560591	0.00822438895597091
1,3,7,9	0.006961716028289685	0.00304385839745583	0.022344989566787717	-0.005003661768280907	0.018927093824860276
1,3,7,10	0.004258457995337717	0.0029445023926341703	0.14834631516618704	-0.007316352311285669	0.015833268301961103
1,3,7,11	0.00024329347590390862	0.0029417011596280514	0.934098578988153	-0.011320505210979725	0.011807092162787542
1,3,8,9	-0.004146398639182446	0.003047963253010285	0.17394000500461246	-0.016127912583068713	0.007835115304703823
1,3,8,10	0.0017111419891608247	0.0029482138142072753	0.5617438947068443	-0.009878257879618824	0.013300541857940475
1,3,8,11	0.00287451175030731	0.0029436854710993337	0.328994508089284	-0.00869708724569708	0.014446110746311698
1,3,9,10	-0.0021180627834753675	0.002931850742022235	0.470156405010433	-0.013643139574423865	0.009407014007473128
1,3,9,11	0.0006815870719106285	0.0029269093886119045	0.8158989354774961	-0.010824065306775328	0.012187239450596583
1,3,10,11	-0.0006166097245887958	0.002911532613429075	0.8323098098991296	-0.012061816149379763	0.010828596700202172
1,4,5,6	0.0008159922659512764	0.0029318654779329294	0.7808113370092258	-0.010709142451719035	0.012341126983621588
1,4,5,7	-0.0009298996694204623	0.002947457460793142	0.7524376985476168	-0.012516326320275325	0.010656526981434399
1,4,5,8	0.0015837980435930666	0.002949998565782947	0.5914399835319228	-0.01001261766629594	0.013180213753482075
1,4,5,9	0.0005536348432122942	0.00293168120605803	0.850242819167296	-0.010970775503507548	0.012078045189932137
1,4,5,10	0.0034038140816906133	0.0029174419182822417	0.2435366904443206	-0.008064621763083344	0.014872249926464569
1,4,5,11	-0.000483756168104046	0.0029118766326762173	0.8680783420497352	-0.011930314929214203	0.01096280259300611
1,4,6,7	0.0016641237214931673	0.003054928017615684	0.5860280172031482	-0.010344768644410838	0.013673016087397172
1,4,6,8	0.0004871304086182023	0.0030640249362150146	0.8737058449562369	-0.011557521855944894	0.012531782673181299
1,4,6,9	-0.006004026651674952	0.003013707838888259	0.04654973847037631	-0.017850882895357224	0.0058428295920073215
1,4,6,10	0.0030201774183311594	0.0029370762313215017	0.3039992988022385	-0.008525440720299583	0.0145657955569619
1,4,6,11	0.007671422506932916	0.002933807489956861	0.009028354115914454	-0.003861346241141453	0.019204191255007285
1,4,7,8	0.007808399798638045	0.003009193844287736	0.009567761182273288	-0.004020711976112269	0.01963751157338836
1,4,7,9	0.005283480289947228	0.003055061598143956	0.0839671070914103	-0.006725937179716	0.017292897759610456
1,4,7,10	0.00421363735335939	0.002951782028456835	0.15367452423212286	-0.007389789130978583	0.015817063837697362
1,4,7,11	0.004251212529859643	0.0029446279925385045	0.14905469632418764	-0.0073240915087677775	0.015826516568487062
1,4,8,9	-0.001831439034811217	0.00306391957362609	0.5501130159429832	-0.013875677120060596	0.010212799050438162
1,4,8,10	-0.00041007852130601347	0.0029584801000486017	0.8897784432499338	-0.012039835060015424	0.011219678017403397
1,4,8,11	-0.0025814054566580934	0.00294785978914634	0.3813583836174924	-0.014169413656361715	0.009006602743045529
1,4,9,10	0.0002436475387129636	0.002937418866564681	0.9339068994408133	-0.011303317495730832	0.011790612573156757
1,4,9,11	0.0013119930530049858	0.0029340415822583766	0.6548308975436661	-0.010221695909632993	0.012845682015642963
1,4,10,11	0.0031986399353868336	0.0029185847482808354	0.27329726657530895	-0.008274288363011724	0.014671568233785392
1,5,6,7	-0.004755900176935576	0.0030555273897051247	0.11983024249791308	-0.0167671486687017	0.0072553483148305505
1,5,6,8	0.005017014282841351	0.003059925757851228	0.10132846046144675	-0.007011524151387448	0.017045552717070152
1,5,6,9	0.0030509572120303004	0.0030123912164166026	0.3113394359999239	-0.00879072340150374	0.014892637825564343
1,5,6,10	3.3740163403782678e-06	0.00294088984947624	0.9990847780087244	-0.01155723541821643	0.011563983450897188
1,5,6,11	-0.0029101240673603136	0.0029270668946421753	0.32030135268216203	-0.014416395600721468	0.00859614746600084
1,5,7,8	0.0010519679275183096	0.00301102889462287	0.7268658812213951	-0.010784357412276277	0.012888293267312896
1,5,7,9	0.0008815106893438306	0.0030554349212348845	0.7730047188235132	-0.011129374309763893	0.012892395688451554
1,5,7,10	-0.0004337968310678675	0.002954201407445293	0.8832801431141314	-0.012046733870710969	0.011179140208575234
1,5,7,11	0.003224296015125019	0.0029456783695805144	0.2738973270050654	-0.008355137045452633	0.014803729075702671
1,5,8,9	5.700778384176621e-05	0.0030601673549974454	0.985139892142247	-0.011972480366422272	0.012086495934105806
1,5,8,10	-0.0018023162762529276	0.0029562743673571647	0.5421929206826889	-0.013423402101175732	0.009818769548669878
1,5,8,11	-0.001517684048802313	0.0029465931592402295	0.6065942131959563	-0.013100713138647305	0.01006534504104268
1,5,9,10	-0.002508005174250613	0.002941240578304112	0.3939780366442637	-0.014069993320423291	0.009053982971922066
1,5,9,11	-0.0027326949921862905	0.0029269841613637384	0.35066933307940706	-0.014238641301833466	0.008773251317460885
1,5,10,11	0.0033534404482062474	0.0029140834007570938	0.2500344019006255	-0.008101793096796343	0.014808673993208838
1,6,7,8	-7.254584042178883e-05	0.0032349500686968133	0.9821118006714681	-0.01278910314064063	0.012644011459797055
1,6,7,9	-0.01680432989308059	0.003139603045502588	1.0219644393630244e-07	-0.029146078971191973	-0.004462580814969206
1,6,7,10	-0.011923660753935448	0.0030703804878006143	0.00010806356360028549	-0.023993296630052504	0.00014597512218160816
1,6,7,11	-0.004234058217447144	0.0030386846386242002	0.163737022787134	-0.016179098018301336	0.007710981583407045
1,6,8,9	-0.008135179299902843	0.003145746806695085	0.009813088345121408	-0.020501079443589934	0.004230720843784249
1,6,8,10	0.0032622322644379	0.0030794148169312687	0.2896254785279369	-0.008842917471744788	0.015367382000620586
1,6,8,11	0.007728546404992041	0.0030444117450181152	0.011243318537933684	-0.004239006595471443	0.019696099405455525
1,6,9,10	0.010478064305046098	0.0030227316178131685	0.0005443031169301603	-0.0014042643259454934	0.02236039293603769
1,6,9,11	-0.0014811648978764243	0.003002936042002215	0.6219255242281978	-0.013285677312621987	0.010323347516869138
1,6,10,11	0.0001667187191775367	0.002931677082865579	0.9546588904722944	-0.011357675419312829	0.011691112857667902
1,7,8,9	-0.016742571482856617	0.0032351320805590325	2.627235277094601e-07	-0.029459844269938033	-0.004025298695775201
1,7,8,10	-0.023380969181783447	0.0030171100856926313	1.8263067895236257e-14	-0.03524119962460899	-0.011520738738957904
1,7,8,11	-0.0011005452289466746	0.002999543190369905	0.7137490055667375	-0.012891720376879093	0.010690629918985745
1,7,9,10	0.017162422182289153	0.0030706945011807034	2.7677543835968488e-08	0.005091551922624858	0.029233292441953447
1,7,9,11	0.0010184339749365933	0.003038702384958067	0.7375617946457895	-0.010926675586583664	0.012963543536456849
1,7,10,11	0.0012718144161243455	0.0029444938923982125	0.665862771299631	-0.010302962476154049	0.012846591308402742
1,8,9,10	0.015256408325325618	0.0030790740029234312	8.171954744677292e-07	0.003152598325697543	0.027360218324953695
1,8,9,11	0.0036528402477654276	0.0030444220373343988	0.23041331135394835	-0.008314753211693402	0.015620433707224256
1,8,10,11	-0.002716937681518903	0.002947907270325893	0.3568791352430559	-0.01430513252927818	0.008871257166240374
1,9,10,11	-0.002920134905532278	0.0029323059541766015	0.3195051857943218	-0.014447001131038289	0.008606731319973731
2,3,4,5	0.0025106944422489032	0.0029133716312140646	0.38896281728289384	-0.008941741143593184	0.01396313002809099
2,3,4,6	-0.0036087685362274835	0.0029332108393465427	0.21879815552091775	-0.015139191856547728	0.007921654784092763
2,3,4,7	-0.003564050191826148	0.0029472930397062584	0.22677783758512024	-0.01514983050498543	0.008021730121333134
2,3,4,8	0.00045635764662930924	0.002950410155608699	0.8771003069467933	-0.011141676018867116	0.012054391312125736
2,3,4,9	-0.0038979138767483855	0.0029333174190647473	0.18412906036761637	-0.015428756160905725	0.007632928407408954
2,3,4,10	-0.003162230951672283	0.0029196804995018284	0.278972491802297	-0.014639466637477954	0.008315004734133389
2,3,4,11	0.0020354815899743246	0.002911146689498051	0.4845480885238861	-0.009408207771592118	0.013479170951540768
2,3,5,6	0.0002259041300901772	0.0029292543549388214	0.9385397166264459	-0.01128896628845113	0.011740774548631485
2,3,5,7	0.0002552308382306077	0.0029475758857912125	0.9310104325432618	-0.011331661340141453	0.011842123016602667
2,3,5,8	0.00203809053525002	0.0029490153744542416	0.4896182175113921	-0.009554460259075206	0.013630641329575248
2,3,5,9	-0.0007646267138203692	0.0029293427135772573	0.7941150990835858	-0.012279844469311175	0.010750591041670435
2,3,5,10	0.0009982237222409397	0.0029165180829155563	0.7322053260250057	-0.010466580534679434	0.012463027979161314
2,3,5,11	-1.2001657168466545e-05	0.002909671747999009	0.9967095590123891	-0.011449893038027717	0.011425889723690784
2,3,6,7	0.0005345181518656723	0.00304376724166106	0.8606266140743043	-0.01143050131216104	0.012499537615892384
2,3,6,8	-0.0028854347436201733	0.0030494291807104637	0.3442082630427795	-0.014872711235057852	0.009101841747817505
2,3,6,9	-0.001188255794276634	0.0030064315702804747	0.6927309215113733	-0.013006509096733312	0.010629997508180042
2,3,6,10	-0.00040328264463238873	0.002938116661374077	0.890847013804136	-0.011952990703694506	0.011146425414429728
2,3,6,11	-0.0014346892353239967	0.002926781398045179	0.6240781326352817	-0.012939838484335279	0.010070460013687284
2,3,7,8	-0.0020135658076821696	0.0030055120780341886	0.503001524626123	-0.013828204595049371	0.009801072979685032
2,3,7,9	0.001627947176959051	0.00304351084524569	0.5928148403033562	-0.010336064395249122	0.013591958749167224
2,3,7,10	0.0016652617123572994	0.0029504157466737025	0.5725666141784278	-0.009932793931561351	0.01326331735627595
2,3,7,11	-0.002951237579332723	0.0029405410724822373	0.315736572935302	-0.014510475974913643	0.008608000816248197
2,3,8,9	-0.0032511109422796013	0.0030495855563649242	0.2865803952838832	-0.015239002144896147	0.008736780260336944
2,3,8,10	-0.0009611815216013803	0.0029538173776409264	0.7449273367824665	-0.012572608943813452	0.010650245900610691
2,3,8,11	0.0010009744050099335	0.0029415996566595016	0.7336978559567661	-0.010562425274690191	0.012564374084710058
2,3,9,10	-0.0007043400424620889	0.0029380922402410755	0.8105789800497021	-0.01225395210228757	0.010845272017363392
2,3,9,11	0.0009485448625590857	0.002927090452904944	0.7459458419774587	-0.010557819278104199	0.01245490900322237
2,3,10,11	-0.00027564811806999115	0.002913937681863963	0.9246496840552769	-0.011730308843518996	0.011179012607379014
2,4,5,6	0.002267202777765362	0.002930734852396982	0.43930813149573944	-0.00925348746190447	0.013787893017435195
2,4,5,7	0.00013828062099735354	0.0029464448434318976	0.9625750178437692	-0.01144416544084562	0.011720726682840327
2,4,5,8	0.0016689174332923072	0.0029485351063820654	0.5714788898695145	-0.009921745431905854	0.013259580298490468
2,4,5,9	-0.0024383648033472873	0.0029307709482600426	0.4055659159145183	-0.013959196935504226	0.009082467328809653
2,4,5,10	-0.000732129348904766	0.002921036432118958	0.8021311061651349	-0.01221469519265872	0.010750436494849188
2,4,5,11	-0.002227194489086151	0.0029108713788623193	0.44433050133893304	-0.013669801607217518	0.009215412629045218
2,4,6,7	-0.00844692309411807	0.0030414915753804563	0.005559700731057601	-0.0204029969360984	0.0035091507478622625
2,4,6,8	0.004369396598479364	0.003052037504192766	0.1524848056925666	-0.007628133187233601	0.016366926384192328
2,4,6,9	0.006062833690291362	0.0030067362395931945	0.04395785167047262	-0.005756617264274481	0.017882284644857208
2,4,6,10	0.0025852632442170094	0.002939357456315716	0.37927157940553047	-0.008969322367709327	0.014139848856143344
2,4,6,11	0.003237567819393888	0.0029272494144934992	0.26892285870710086	-0.008269421197730074	0.01474455683651785
2,4,7,8	-0.000628614503272111	0.003001962232810043	0.8341672433347556	-0.01242929888354148	0.011172069876997258
2,4,7,9	0.00020944745810144542	0.0030421681623818086	0.9451209292089859	-0.011749286040809773	0.012168180957012664
2,4,7,10	0.006666415363880024	0.0029528629995882157	0.024132144784854433	-0.004941260407476348	0.018274091135236398
2,4,7,11	-0.0031260795446742037	0.0029404262458113104	0.28791298852856556	-0.014684866557726977	0.00843270746837857
2,4,8,9	0.004306439558418228	0.0030513351638844512	0.1583822211483098	-0.007688329334364312	0.01630120845120077
2,4,8,10	-0.0008304015493198844	0.0029582372754065286	0.7789780191760587	-0.012459203546719767	0.010798400448079998
2,4,8,11	0.0010983082666692554	0.0029434270651673114	0.7091044678010219	-0.010472274938126152	0.012668891471464662
2,4,9,10	-0.002859902482510465	0.002939350758845171	0.3307453970905905	-0.014414461766745138	0.008694656801724208
2,4,9,11	4.5431537567424025e-05	0.0029275271223033173	0.9876206688050541	-0.011462649146259666	0.011553512221394512
2,4,10,11	-0.001342566707417175	0.0029143998987563283	0.645113413768772	-0.012799044402980733	0.010113910988146383
2,5,6,7	0.001162884826516098	0.0030540092897478415	0.7034326007978715	-0.010842396029062671	0.013168165682094867
2,5,6,8	0.0015293895984347782	0.003060021489575061	0.6173010002983421	-0.010499525156270601	0.013558304353140158
2,5,6,9	0.0003715966466581724	0.0030178910142442585	0.9020218516344689	-0.011491703618718957	0.012234896912035303
2,5,6,10	0.00024981811586068667	0.0029439323169532777	0.9323865868828143	-0.011322751228798038	0.011822387460519411
2,5,6,11	0.0017889586361482003	0.00292470898548441	0.5408606196435555	-0.009708043979215245	0.013285961251511645
2,5,7,8	0.00010091075772711549	0.0030156228400394025	0.9733106831741015	-0.011753473336880631	0.011955294852334864
2,5,7,9	0.0023074701551629136	0.00305431913980396	0.4500966503877235	-0.009699028717977003	0.014313969028302828
2,5,7,10	0.002846884034913316	0.0029577609269653246	0.33596747820696815	-0.008780045441390784	0.014473813511217416
2,5,7,11	0.0014199681589508843	0.0029452874955815883	0.6298036692318985	-0.0101579283797334	0.012997864697635168
2,5,8,9	0.001915893315572935	0.003059562930397156	0.5312926940744379	-0.010111218847457911	0.01394300547860378
2,5,8,10	0.001769336213895307	0.002960644329255744	0.5501965480394615	-0.00986892788880705	0.013407600316597665
2,5,8,11	-0.0031410426188858438	0.002945761455930638	0.2864858017239613	-0.014720802291098846	0.008438717053327159
2,5,9,10	-0.0054353030219612625	0.002944337365951449	0.06511236930883105	-0.017009464610297714	0.006138858566375188
2,5,9,11	-0.0003624622004874886	0.0029245802986051263	0.9013843630600991	-0.011858958948978355	0.011134034548003378
2,5,10,11	0.002051683899568905	0.00291437151448332	0.4815636619499616	-0.009404682217693142	0.013508050016830954
2,6,7,8	-0.012378276092088678	0.0032342394937476386	0.00013561820015468197	-0.025092040129083858	0.0003354879449065009
2,6,7,9	-0.014764986028125305	0.0031320558624609723	2.6833635078326824e-06	-0.027077067203002986	-0.0024529048532476224
2,6,7,10	-0.01953502456811148	0.00307302032199165	2.825295126262704e-10	-0.0316150376067938	-0.007455011529429158
2,6,7,11	-0.011991014088421289	0.0030286486487900955	7.919707762171211e-05	-0.02389660251071333	-8.542566612924733e-05
2,6,8,9	-0.011007855047982894	0.003140813590764575	0.00047222362904311997	-0.023354362767761587	0.001338652671795797
2,6,8,10	0.006787085850195598	0.0030837118871008926	0.02791175725958224	-0.005334955627088087	0.018909127327479285
2,6,8,11	0.003626698597459562	0.0030337842221424324	0.23213015484614008	-0.008299077713800663	0.015552474908719787
2,6,9,10	0.0069612789800620745	0.003023233933926796	0.02145608095166114	-0.0049230242506933825	0.01884558221081753
2,6,9,11	0.003913555591833298	0.0029966734265618584	0.19179057365099206	-0.007866338542442602	0.0156934497261092
2,6,10,11	0.00018693582977689048	0.0029310721492478895	0.9491571836146997	-0.011335080320537825	0.011708951980091606
2,7,8,9	9.197385647922648e-05	0.0032349159588636067	0.9773221978598113	-0.012624449358316577	0.01280839707127503
2,7,8,10	-0.0022851682260301535	0.0030188704013786017	0.44920759416802214	-0.014152318452719977	0.00958198200065967
2,7,8,11	-0.004567933063336527	0.002993285866138181	0.12723363848215072	-0.016334510730489027	0.0071986446038159735
2,7,9,10	0.01730307965859726	0.003072867544417089	2.1858183987263866e-08	0.005223667187076666	0.02938249213011785
2,7,9,11	0.0017225148009319558	0.0030289635576466046	0.5696688408335878	-0.010184311525016433	0.013629341126880344
2,7,10,11	-0.00019130245139617821	0.002943053991849469	0.9481827390822519	-0.011760419108602664	0.011377814205810308
2,8,9,10	0.023127734005711584	0.0030838917743707147	1.1683047427269106e-13	0.011004985393317403	0.03525048261810577
2,8,9,11	0.005433618428034238	0.003033441707243608	0.07348315059781411	-0.006490811460485423	0.0173580483165539
2,8,10,11	0.0008916391007418364	0.002945441303663412	0.7621520361003856	-0.010686862056018218	0.01247014025750189
2,9,10,11	0.0019145612983623517	0.0029313179520462007	0.5137792754537096	-0.009608421100365139	0.01343754369708984
3,4,5,6	-0.002270397342407431	0.0029333050016939785	0.4390649838963283	-0.013801190814000884	0.009260396129186022
3,4,5,7	-0.004307442454365041	0.0029498912709407473	0.1444711282650758	-0.015903436389271476	0.007288551480541393
3,4,5,8	0.0033383140599997276	0.002952110283630635	0.2583342584603416	-0.008266402792238238	0.014943030912237693
3,4,5,9	-0.0023462976863764477	0.0029331741862696683	0.4239019188283194	-0.013876576923807497	0.009183981551054602
3,4,5,10	0.00035695619364276357	0.002914842177790317	0.9025520383492556	-0.011101260096507718	0.011815172483793246
3,4,5,11	0.0016148090327558554	0.002910500040183634	0.5791101585460126	-0.009826338356636271	0.013055956422147982
3,4,6,7	0.0012798205474558334	0.0030490735585655872	0.6747428706621653	-0.010706057996784356	0.013265699091696023
3,4,6,8	-0.0010240192835768783	0.003057426491002852	0.7377320323995291	-0.01304273312409913	0.010994694556945373
3,4,6,9	0.0021912901653263544	0.0030070902471539132	0.46630918389574494	-0.009629552389522334	0.014012132720175045
3,4,6,10	-0.0014869120762036996	0.0029379058626685765	0.6128615840802231	-0.013035791487601901	0.010061967335194502
3,4,6,11	0.00016119993958510926	0.0029271121610431375	0.9560899447386693	-0.011345249535558571	0.011667649414728792
3,4,7,8	-0.0038831739055786548	0.0030047673092038845	0.19646557219895336	-0.015694885013907586	0.007928537202750274
3,4,7,9	0.0028076805692231824	0.003049974492819575	0.35744843770817825	-0.009181739538819005	0.01479710067726537
3,4,7,10	1.0388114970505402e-05	0.002950150835114524	0.9971910128828042	-0.011586626164181997	0.011607402394123008
3,4,7,11	-0.0025820998119068126	0.0029404263635288675	0.38002809527385295	-0.014140887287706159	0.008976687663892535
3,4,8,9	-0.004371448366195976	0.0030564284529038185	0.15288183383862908	-0.01638623892864449	0.007643342196252536
3,4,8,10	-0.0011081609914480013	0.0029547997952946207	0.7076925326059174	-0.012723450287914898	0.010507128305018897
3,4,8,11	0.0028579814092434654	0.0029440468727553975	0.3318418544241172	-0.008715038253160754	0.014431001071647687
3,4,9,10	0.00015300229049685938	0.0029379882246223983	0.9584750054254424	-0.011396200884941865	0.011702205465935582
3,4,9,11	-0.002076142897233477	0.0029272095067389117	0.4782899847884665	-0.013582975037361767	0.009430689242894811
3,4,10,11	-0.0005807558294329282	0.0029134620537295576	0.8420310530586665	-0.01203354686530518	0.010872035206439323
3,5,6,7	0.0019874717411299918	0.003062749589845163	0.5165041714360643	-0.01005216714924017	0.014027110631500153
3,5,6,8	-0.0041725371080816726	0.0030672438742036638	0.17394934205958545	-0.01622984298661384	0.007884768770450495
3,5,6,9	0.0026833175800774194	0.003022512619949695	0.3748217681891225	-0.0091981501724399	0.014564785332594738
3,5,6,10	-0.0016540972585334128	0.002938357684207881	0.5735760339696941	-0.01320475277601425	0.009896558258947426
3,5,6,11	-0.004372507756427469	0.0029292565914396393	0.13575321780953895	-0.01588738696663177	0.007142371453776832
3,5,7,8	-0.0012642854146938049	0.003021194819113162	0.675669876943396	-0.013140572904922005	0.010612002075534397
3,5,7,9	0.004745273999840736	0.003062495703885778	0.1215053237353142	-0.0072933668672889775	0.01678391486697045
3,5,7,10	-0.0018722236664925132	0.002951068221349851	0.5259147386134291	-0.013472844182025866	0.00972839684904084
3,5,7,11	-0.00038936040833967896	0.0029452601034274284	0.8948469721967698	-0.011967149268732009	0.011188428452052653
3,5,8,9	-0.005154786038917461	0.0030675195329304427	0.09310722422534459	-0.01721317552922723	0.006903603451392307
3,5,8,10	0.0016170708702538698	0.0029537811256955438	0.5841563720063554	-0.009994214045913004	0.013228355786420742
3,5,8,11	0.0020903132790076103	0.002946675343480913	0.4782133476438458	-0.009493038876289285	0.013673665434304505
3,5,9,10	-0.00039767415195967985	0.0029389353373033764	0.8923854990226676	-0.011950600418148388	0.011155252114229028
3,5,9,11	-0.004345797867029963	0.0029294965396517844	0.13818942638851564	-0.01586162031132568	0.007170024577265756
3,5,10,11	0.0008033643666116681	0.0029132719460762393	0.7827752778800987	-0.010648679357921832	0.012255408091145167
3,6,7,8	0.004871778217929821	0.0032768864637360094	0.13732946112531305	-0.008009630643875994	0.017753187079735635
3,6,7,9	-0.004693923596817331	0.003156302015141529	0.13721068674066975	-0.017101316162388705	0.007713468968754045
3,6,7,10	0.0017767976220113522	0.0030721256117197627	0.5631187087804115	-0.010299698319282157	0.013853293563304862
3,6,7,11	-0.00018455941287475516	0.003036252318918052	0.951539389409271	-0.012120037788588264	0.011750918962838752
3,6,8,9	0.003458220595291831	0.003162486446683162	0.27436730832413875	-0.008973482910602695	0.015889924101186358
3,6,8,10	0.00036297208965488034	0.0030810754956504356	0.906238482269519	-0.011748705758443317	0.012474649937753077
3,6,8,11	0.0003749093111798385	0.00304151143129791	0.9019166253838027	-0.01158124258421915	0.012331061206578828
3,6,9,10	-0.008185950227841396	0.0030240364765641357	0.006877459119766279	-0.020073408245909447	0.0037015077902266564
3,6,9,11	0.0012287701465924852	0.0029996166113813844	0.6821345039774781	-0.010562693618622948	0.013020233911807918
3,6,10,11	-0.0004595131293570129	0.0029298484314287635	0.8753959977608647	-0.011976718856810245	0.01105769259809622
3,7,8,9	0.005113038266934804	0.0032769399687782074	0.11892572505679765	-0.007768580922672215	0.017994657456541822
3,7,8,10	0.006507023859452324	0.003020791675451335	0.03141383671559085	-0.005367678876956815	0.018381726595861465
3,7,8,11	-0.0013597797729590876	0.0029980609248690124	0.650224799818603	-0.013145128149604172	0.010425568603685997
3,7,9,10	0.0033351657794692454	0.0030724919640904716	0.27790120758782866	-0.008742770289435282	0.015413101848373773
3,7,9,11	0.0002852090531784779	0.0030365936772209115	0.9251837217022112	-0.011651611198708087	0.012222029305065045
3,7,10,11	0.0009874357872919313	0.0029440035771875262	0.7373721116361154	-0.0105854136806555	0.012560285255239364
3,8,9,10	-0.0014680415024221107	0.003080808681749217	0.633788414788047	-0.013578670507666079	0.010642587502821857
3,8,9,11	0.001513793790818757	0.00304107082315643	0.6187195004665562	-0.010440626078255534	0.013468213659893048
3,8,10,11	-0.00040802524279972413	0.002947039412253957	0.889903773619902	-0.011992808548907394	0.011176758063307946
3,9,10,11	0.0009331439104812295	0.0029300421375395664	0.7501751722512489	-0.010584823273812176	0.012451111094774635
4,5,6,7	-3.409603370231086e-05	0.0030606605348364652	0.9911133550781945	-0.01206552286912347	0.011997330801718848
4,5,6,8	0.002619172959783384	0.003068662638152806	0.3935238228488509	-0.009443710066052952	0.01468205598561972
4,5,6,9	0.004763022640655364	0.0030193751315315503	0.11492239172471232	-0.007106111675363449	0.01663215695667418
4,5,6,10	0.0006093224127499616	0.002947586620367594	0.8362610118388374	-0.010977611963137594	0.012196256788637517
4,5,6,11	-0.0022487755327223555	0.0029269967608117073	0.44245320009925815	-0.013754771370677123	0.009257220305232412
4,5,7,8	-0.0055605538467899535	0.0030162096302952025	0.0654709453111696	-0.01741724460819398	0.0062961369146140745
4,5,7,9	-0.000396956637390233	0.003061524895324228	0.8968552862650676	-0.012431781265493585	0.011637867990713119
4,5,7,10	-0.0042574566413866154	0.002956086662364087	0.1500374293010592	-0.01587780459980474	0.0073628913170315086
4,5,7,11	-0.0006984602585138732	0.0029452310755448703	0.8125774242979291	-0.012276135010581803	0.010879214493554057
4,5,8,9	0.0009524052619158032	0.0030676513957613076	0.7562544963489086	-0.011106502579901362	0.013011313103732968
4,5,8,10	0.00447286882677838	0.0029609131460418578	0.13111906171125115	-0.007166451992099277	0.016112189645656035
4,5,8,11	-0.0013446003330663883	0.0029480606160496793	0.6483952809999693	-0.012933397981376483	0.010244197315243706
4,5,9,10	0.0007887187472434484	0.002947632895936131	0.7890665863458398	-0.010798397537454568	0.012375835031941465
4,5,9,11	-0.0010128175498151024	0.0029271163933849184	0.7293885891145037	-0.012519283662253217	0.010493648562623012
4,5,10,11	0.0017033124404172671	0.002916075356315294	0.5592448894243254	-0.009759751462537509	0.013166376343372043
4,6,7,8	0.00807207177430841	0.003240534322742225	0.0128611453164459	-0.00466643717432523	0.02081058072294205
4,6,7,9	0.01039181296029685	0.003143206624156043	0.0009713081255992274	-0.0019641017505010894	0.022747727671094786
4,6,7,10	-0.001464533648928481	0.0030745353228370177	0.6339085100975852	-0.013550502141219322	0.01062143484336236
4,6,7,11	-0.0020768797297343773	0.0030323899356652145	0.49352767569881684	-0.013997175114394828	0.009843415654926073
4,6,8,9	-0.01191374184010287	0.003154984844910376	0.00016631339069310105	-0.024315956622288755	0.0004884729420830142
4,6,8,10	-0.0025301212534538783	0.0030880764011185662	0.4127514855522796	-0.014669319592950189	0.009609077086042434
4,6,8,11	0.005217977090925393	0.003041466435824029	0.08646681235944514	-0.006737997927702794	0.01717395210955358
4,6,9,10	-0.004069775276026438	0.003027051138456253	0.17902701457816517	-0.01596908390071215	0.007829533348659275
4,6,9,11	-0.0025288614852239776	0.0030022688043763062	0.3997626531159	-0.014330750995342716	0.00927302802489476
4,6,10,11	-3.56087495274179e-05	0.002933192832045872	0.9903158044278864	-0.011565961283323625	0.01149474378426879
4,7,8,9	0.0052486886564725044	0.0032406008909728803	0.10554216868617258	-0.0074900819712292906	0.0179874592841743
4,7,8,10	-0.0012243689446304728	0.003021202092430392	0.6853526589266501	-0.013100685026198064	0.010651947136937118
4,7,8,11	0.0031182318336161127	0.0029990418124253323	0.2986491450548904	-0.008670972402485882	0.014907436069718108
4,7,9,10	-0.0044748585621775805	0.003074567680780051	0.14578348562330445	-0.016560954253228205	0.007611237128873044
4,7,9,11	-0.002926760169404052	0.0030322771970284867	0.33461974671839156	-0.014846612379578513	0.008993092040770409
4,7,10,11	-0.001580136275256959	0.0029439374272470084	0.5915356172403226	-0.013152725708430704	0.009992453157916786
4,8,9,10	0.0014695514873141764	0.003088071794237134	0.634238348250201	-0.01066962874257597	0.013608731717204323
4,8,9,11	0.004069140678807938	0.003041550802305731	0.18117469744320966	-0.0078871659836404	0.01602544734125628
4,8,10,11	0.0007369156568417974	0.002950433126457613	0.8028076131968477	-0.010861208306838602	0.012335039620522197
4,9,10,11	-0.0029817806121482703	0.002933393085454218	0.30957910233914565	-0.0145129203401477	0.008549359115851161
5,6,7,8	0.002046737147434016	0.0032953540661440515	0.5346421081870869	-0.010907267680069077	0.01500074197493711
5,6,7,9	-0.0008704632069148951	0.0031566996845092976	0.7827822925699005	-0.01327941900690856	0.01153849259307877
5,6,7,10	0.0005104615078029822	0.0030783451883538717	0.8683212683558151	-0.01159048352883085	0.012611406544436814
5,6,7,11	0.002458828846303508	0.003047039067178861	0.4198362047534767	-0.009519052132055696	0.014436709824662712
5,6,8,9	-0.0010509069603532456	0.0031653070590909474	0.7399358014457755	-0.01349369826622725	0.01139188434552076
5,6,8,10	-0.005752544891618323	0.0030867550488181553	0.06259585926982437	-0.017886549008055506	0.0063814592248188605
5,6,8,11	-0.0029427440056564915	0.003051004869947524	0.33496312514142956	-0.01493621451618099	0.009050726504868007
5,6,9,10	0.0007373976803745283	0.0030305627902872533	0.8077948839223019	-0.011175715213551518	0.012650510574300574
5,6,9,11	-0.0025999551988581384	0.003010435733335456	0.38793788579822763	-0.014433948827393048	0.00923403842967677
5,6,10,11	-0.003486837388465334	0.00293935381605236	0.23573236692708907	-0.015041408690551771	0.008067733913621103
5,7,8,9	-0.0008785715718102106	0.003296258205348604	0.78986788782925	-0.013836130561744842	0.012078987418124422
5,7,8,10	-0.004236508797977154	0.0030279050926866977	0.16200052867280965	-0.016139174308448613	0.007666156712494306
5,7,8,11	0.004140263336951267	0.003008283793813563	0.16896518860243404	-0.007685271038224044	0.015965797712126577
5,7,9,10	-0.0031654483045221327	0.0030781753830500485	0.30397188827901067	-0.01526572583815589	0.008934829229111624
5,7,9,11	0.002917458138247876	0.003046737903007931	0.3384554215644794	-0.009059238966680493	0.014894155243176246
5,7,10,11	0.001436911784069586	0.0029539829005151026	0.6267413566290214	-0.01017516630695321	0.013048989875092383
5,8,9,10	0.0008927381894000873	0.0030870723455961534	0.7724842630028396	-0.011242513217589626	0.013027989596389799
5,8,9,11	-0.0053079539437388785	0.003051155915065389	0.08215209183207486	-0.017302018211154662	0.006686110323676904
5,8,10,11	0.0005475623779875411	0.002957455547803733	0.853142509776153	-0.011078166655798371	0.012173291411773455
5,9,10,11	-0.005401462181031322	0.0029395851902050073	0.06636121284182948	-0.01695694301266457	0.006154018650601925
6,7,8,9	0.013922484081606165	0.003292929403752706	2.5195372607535357e-05	0.0009780105784136343	0.026866957584798696
6,7,8,10	-0.005937472999070614	0.0033293345452873706	0.07475309147383384	-0.019025054760046744	0.007150108761905517
6,7,8,11	-0.005860819177111771	0.003200071454950539	0.06725556891890207	-0.018440268985456598	0.006718630631233055
6,7,9,10	0.011997818206947349	0.003165892951865389	0.00015759303689763488	-0.00044727623773243436	0.02444291265162713
6,7,9,11	0.004435905655857669	0.0031212415061659957	0.15549418518218405	-0.007833664389460152	0.01670547570117549
6,7,10,11	-0.007179768924955322	0.003054271825702158	0.018882535644279247	-0.019186081806820597	0.004826543956909955
6,8,9,10	-0.002875328965559148	0.0031743106580847153	0.36520000418573306	-0.015353513331629154	0.009602855400510858
6,8,9,11	-0.00445825895759706	0.0031314069185273325	0.1547618384321472	-0.01676778914017455	0.007851271224980428
6,8,10,11	-0.0018225887399203507	0.003065412767937384	0.5522354422508441	-0.013872696557504604	0.010227519077663902
6,9,10,11	-0.001978440140280929	0.003010109977308789	0.511124644407482	-0.013811153225038954	0.009854272944477096
7,8,9,10	0.014550030547952139	0.003328562028664786	1.3318378419187848e-05	0.0014654855423162309	0.027634575553588045
7,8,9,11	-0.005185574985717549	0.003199619041620191	0.10532312331866742	-0.017763246361654897	0.0073920963902197965
7,8,10,11	-0.003699434248679125	0.0030053057735051937	0.21855341503278966	-0.015513262054946606	0.008114393557588355
7,9,10,11	-0.003228273516534737	0.0030548188321356355	0.29080432916358273	-0.01523673667537715	0.008780189642307677
8,9,10,11	0.000378509213568419	0.0030648954705639235	0.9017312937938893	-0.011669565113065073	0.01242658354020191