Params: 	12
Performance: 	0.7924868580010378
Term	Coefficient	Standard Error	p-value	95% CI lower	95% CI upper
Intercept	6.5819272755658105
1	0.8810599304799699	0.02220302801853167	5.410302282775576e-249	0.8173623429640192	0.9447575179959206
2	1.0226451515895025	0.02220759067324508	4.0491010805656686e-308	0.9589344744130933	1.0863558287659116
3	0.037221319306358094	0.022193943647210872	0.0936949748605113	-0.026450206334755033	0.10089284494747122
4	-0.0696372312429152	0.022196910252518326	0.0017325652616456586	-0.1333172676871962	-0.005957194798634172
5	0.07931346233020248	0.022192986423419762	0.0003609423495809467	0.015644682839125984	0.14298224182127897
6	1.041110418169746	0.02231520796433201	9.980857771e-314	0.9770910010407718	1.10512983529872
7	0.5567055540021664	0.022376798316554727	6.234809804527307e-118	0.4925094421967918	0.6209016658075409
8	-0.11116950985950996	0.022404355290982197	7.625502277208154e-07	-0.17544467902538524	-0.046894340693634684
9	0.38147117370645406	0.022318076027519236	6.948500682796809e-61	0.3174435284787847	0.4454988189341234
10	0.29646487575608166	0.022198516289345622	6.86518589261479e-39	0.23278023180190266	0.36014951971026066
11	0.17635421571997356	0.02219537529073342	3.348239055484934e-15	0.11267858288057679	0.24002984855937032
