Params: 	12
Performance: 	0.7924868580010379
Term	Coefficient	Standard Error	p-value	95% CI lower	95% CI upper
Intercept	8.727696955544738
1	0.44052996523997684	0.01110151400926583	5.410302282858049e-249	0.4086811714820015	0.4723787589979522
2	0.5113225757947469	0.011103795336622552	4.0491010806038935e-308	0.47946723720654233	0.5431779143829516
3	0.01861065965317353	0.011096971823605436	0.09369497486060852	-0.013225103167383033	0.050446422473730095
4	-0.034818615621461546	0.011098455126259166	0.0017325652616435715	-0.06665863384360207	-0.002978597399321027
5	0.03965673116509695	0.011096493211709881	0.0003609423495814769	0.007822341419558704	0.0714911209106352
6	0.5205552090848646	0.01115760398216602	9.980857771e-314	0.48854550052037754	0.5525649176493517
7	0.278352777001078	0.01118839915827737	6.23480980458341e-118	0.24625472109839072	0.3104508329037653
8	-0.05558475492976604	0.01120217764549111	7.625502277170128e-07	-0.08772233951270371	-0.023447170346828375
9	0.19073558685322134	0.011159038013759627	6.948500682851319e-61	0.15872176423938664	0.22274940946705604
10	0.14823243787803503	0.011099258144672811	6.86518589265885e-39	0.11639011590094553	0.18007475985512453
11	0.08817710785998124	0.011097687645366717	3.3482390554981143e-15	0.056339291440282845	0.12001492427967964
