Params: 	67
Performance: 	0.8743026327570844
Term	Coefficient	Standard Error	p-value	95% CI lower	95% CI upper
Intercept	8.719498650344843
1	0.42657300196677217	0.008871015738174589	0.0	0.39660781635153863	0.4565381875820057
2	0.5080885067045132	0.0088772566468591	0.0	0.47810224007751523	0.5380747733315112
3	0.01837559438816335	0.008852308100038496	0.038056401701997165	-0.011526399156881643	0.04827758793320834
4	-0.0347534525987097	0.008856055745764034	9.031597694163159e-05	-0.06466810522396606	-0.004838799973453337
5	0.03952694785560671	0.008856288385515616	8.583909944118336e-06	0.00961150940226218	0.06944238630895125
6	0.5166741151413191	0.009108816812363835	0.0	0.4859056671333791	0.5474425631492591
7	0.2692839654203354	0.008999980413067196	1.3023793597600646e-159	0.2388831532055079	0.2996847776351629
8	-0.047747823450418524	0.00899871526477325	1.2607201602388177e-07	-0.07814436215197788	-0.017351284748859164
9	0.18425343898528232	0.009106419767144724	4.446894017608553e-82	0.15349308789736124	0.2150137900732034
10	0.14846090354500657	0.008858345711451415	1.2196726147621281e-58	0.11853851570104469	0.17838329138896847
11	0.0852231955204475	0.008853584805031104	2.0526542703150678e-21	0.055316889425046555	0.11512950161584845
1,2	-0.033491384057302495	0.008795960304788207	0.00014509857832435742	-0.06320304177232319	-0.0037797263422818007
1,3	0.014244380876568905	0.008778369744731979	0.1048379467626033	-0.015407858118801396	0.043896619871939206
1,4	0.015160506038675296	0.008783228950946577	0.08450805967923238	-0.01450814674971045	0.04482915882706104
1,5	-0.008973572116156476	0.008777825188435161	0.30677816309569517	-0.03862397166822133	0.02067682743590838
1,6	-0.06063261538903276	0.008837824197956859	9.4404619419052e-12	-0.09048568411789898	-0.03077954666016653
1,7	-0.019278658658939372	0.008851505179946676	0.029536607712175627	-0.04917794003997793	0.010620622722099186
1,8	0.08581599991434755	0.008871100277077262	1.3179664324684577e-21	0.05585052873723639	0.1157814710914587
1,9	-0.01190547136731699	0.008835044136919674	0.17798214185963654	-0.04174914939646408	0.0179382066618301
1,10	0.023705767401159622	0.008783559389984093	0.007023306461212136	-0.005964001569113964	0.053375536371433205
1,11	-0.01222892116779956	0.008780333638345201	0.1638659816511518	-0.04188779395104553	0.01742995161544641
2,3	-0.029444713794199457	0.008779679590567508	0.0008140628867677319	-0.05910137728556294	0.0002119496971640239
2,4	0.009753232781036712	0.008785008669320823	0.2670575326967939	-0.01992143167422024	0.03942789723629366
2,5	-0.0053668902537341995	0.008788984827047519	0.5415172771762857	-0.035054985674264176	0.024321205166795777
2,6	-0.12999077608461404	0.008845465834667714	3.1782003855575838e-46	-0.15986965730995228	-0.10011189485927578
2,7	-0.0903102683684062	0.008864160095176618	9.919850456572534e-24	-0.12025229647597556	-0.06036824026083683
2,8	-0.0734048280041712	0.008878415212425413	2.641626341019162e-16	-0.10339500812126624	-0.04341464788707615
2,9	-0.013247253709231539	0.008842563656705956	0.134278936646085	-0.04311633173909825	0.01662182432063517
2,10	-0.0015041018280958843	0.008787508662985333	0.8641146185144245	-0.031187210950390405	0.028179007294198637
2,11	-0.00350171240556318	0.008781842403748186	0.6901293493336927	-0.03316568161031089	0.02616225679918453
3,4	-0.00596766200240255	0.008777085041229302	0.49664765048870085	-0.03561556142944669	0.023680237424641593
3,5	-0.008336968860462455	0.00877562774668568	0.34223449061205946	-0.03797994572815325	0.021306008007228334
3,6	0.004154684349133574	0.008822579061094628	0.6377593392252878	-0.025646888207333754	0.033956256905600904
3,7	-0.004252894829137993	0.00884761297491671	0.6308012404969354	-0.03413902882665049	0.025633239168374504
3,8	-0.00826218645194309	0.008859301550925616	0.3511532618150335	-0.03818780300252755	0.021663430098641363
3,9	0.002820316521286479	0.008823623369065123	0.7492845730263371	-0.026984783577358538	0.0326254166199315
3,10	-0.0010004393862439592	0.008778024793181136	0.9092737508011813	-0.030651513178265023	0.028650634405777104
3,11	-0.014787911229532241	0.008776037330137607	0.09215801686487117	-0.044432271619079394	0.014856449160014912
4,5	0.00020089758512663747	0.008776867991750764	0.9817410373550085	-0.029446268675828745	0.029848063846082018
4,6	-0.031710249172722534	0.00882441663761122	0.00033520758360615805	-0.061518028833655355	-0.0019024695117897117
4,7	0.007659523619170109	0.008849914059106113	0.38688614958366363	-0.0222343831539621	0.037553430392302314
4,8	-0.012712512480812767	0.008863871481473145	0.15169301298829188	-0.04265356568726022	0.017228540725634685
4,9	0.009975782358423991	0.008824766685169719	0.2584477368420233	-0.019833179719536843	0.03978474443638483
4,10	-0.0018604138260906976	0.008781857415687098	0.832250394827081	-0.0315244337392972	0.0278036060871158
4,11	-0.0013634515225601773	0.0087775671593024	0.8765759523532644	-0.031012979484371386	0.02828607643925103
5,6	-0.015884745123397107	0.008825119087581271	0.07203877826072866	-0.045694897572786095	0.01392540732599188
5,7	0.008315005141707982	0.008852966261167116	0.347738508282306	-0.02158921158960631	0.03821922187302228
5,8	-0.009194537487615253	0.008862083550980821	0.29963759783178345	-0.03912955128768007	0.020740476312449563
5,9	0.009088773669451504	0.008828398604198616	0.30338837539143526	-0.020732456578361855	0.03891000391726487
5,10	0.0032148301142574283	0.008778059405471094	0.7142335835196287	-0.026436360593765564	0.03286602082228042
5,11	-0.017626487551378207	0.008776338754054425	0.04475095725945612	-0.047271866113351484	0.01201889101059507
6,7	0.057449496989803076	0.009081487957555237	3.1769233454748725e-10	0.026773362447554187	0.08812563153205197
6,8	0.053558131172380126	0.009115599522158556	5.024910363318048e-09	0.022766772016047213	0.08434949032871304
6,9	0.007566262077886449	0.009009430144167815	0.40112475386760005	-0.022866470150928346	0.03799899430670124
6,10	-0.08370932188474087	0.008831468826871974	7.939405368119699e-21	-0.11354092296211903	-0.05387772080736271
6,11	-0.0009053569646613763	0.008824310523784884	0.9182935875904877	-0.030712778186313246	0.02890206425699049
7,8	0.09667799386603243	0.009011914842497418	4.6510095820074495e-26	0.0662368686359152	0.12711911909614965
7,9	-0.0464439456519842	0.009086929969191287	3.548708312047758e-07	-0.0771384626313302	-0.0157494286726382
7,10	-0.047978261471507494	0.008852411899038867	6.783530551104221e-08	-0.07788060563663982	-0.018075917306375176
7,11	-0.006652430014530596	0.008850493269719319	0.4523641542466752	-0.03654829328893022	0.023243433259869033
8,9	-0.032671627749445355	0.009116010380476016	0.000347532299994265	-0.06346437473397153	-0.0018788807649191865
8,10	-0.058445241380307975	0.008865414639598298	5.686648045122865e-11	-0.08839150718258647	-0.028498975578029485
8,11	0.0021352893500794067	0.008860685518095941	0.8095948322492003	-0.027795002069129812	0.03206558076928863
9,10	0.0645409764135636	0.008834993841527082	4.164549532642903e-13	0.03469746827598463	0.09438448455114257
9,11	-0.026462614463829692	0.008824091850465536	0.0027471917465938145	-0.056269297034260916	0.003344068106601532
10,11	-0.028191721294636457	0.00877700544391602	0.0013417664502834634	-0.05783935185187613	0.0014559092626032152
