Params: 	67
Performance: 	0.8743026327570844
Term	Coefficient	Standard Error	p-value	95% CI lower	95% CI upper
Intercept	6.123875959102082
1	0.8683139409851387	0.05803253742654869	9.258935483900289e-48	0.6722872618500446	1.0643406201202328
2	1.7571944048575927	0.05837930999757938	3.6682144211233596e-161	1.5599963711940097	1.9543924385211757
3	0.13841797839017897	0.057907919173525876	0.016937795782843882	-0.05718775581672553	0.33402371259708347
4	-0.047778211953106206	0.058012928509407855	0.41028962556715654	-0.24373865460985544	0.148182230703643
5	0.16818128547561853	0.05784047725818701	0.0036864919738122852	-0.027196638346204643	0.3635592092974417
6	1.433557210342578	0.05759051611302937	1.4473515894035224e-117	1.2390236241177464	1.6280907965674096
7	0.6281968095962728	0.058813502404235385	7.463249048534785e-26	0.4295321280941359	0.8268614910984097
8	-0.18248860839791795	0.05906316482430034	0.0020345442805421664	-0.38199661844091193	0.017019401645076038
9	0.4419844817729556	0.05766369557087216	2.927493971136051e-14	0.24720370445950435	0.6367652590864068
10	0.5593776613752963	0.05781314965568973	1.2942688887640467e-21	0.3640920467890127	0.7546632759615799
11	0.38961702556971906	0.05797856117038954	2.4401996144412875e-11	0.1937726715011519	0.5854613796382862
1,2	-0.13396553622920748	0.03518384121915281	0.00014509857832439754	-0.25281216708929016	-0.015118905369124788
1,3	0.05697752350627899	0.03511347897892788	0.10483794676258251	-0.0616314324752021	0.17558647948776007
1,4	0.060642024154704884	0.03513291580378633	0.0845080596792136	-0.05803258699883817	0.17931663530824793
1,5	-0.03589428846462908	0.03511130075374065	0.3067781630956524	-0.15449588667288855	0.08270730974363037
1,6	-0.2425304615561353	0.035351296791827434	9.440461941897359e-12	-0.36194273647160025	-0.1231181866406704
1,7	-0.07711463463575871	0.0354060207197867	0.029536607712173004	-0.19671176015991293	0.04248249088839551
1,8	0.34326399965739807	0.035484401108309055	1.3179664324657509e-21	0.22340211494895346	0.4631258843658427
1,9	-0.04762188546927487	0.035340176547678695	0.17798214185957367	-0.16699659758586322	0.07175282664731349
1,10	0.09482306960463889	0.035134237559936395	0.007023306461211931	-0.023856006276455524	0.21350214548573332
1,11	-0.04891568467119496	0.03512133455338078	0.16386598165117983	-0.16755117580417878	0.06971980646178885
2,3	-0.11777885517679984	0.03511871836227	0.000814062886767555	-0.23640550914225367	0.0008477987886539723
2,4	0.03901293112414338	0.03514003467728329	0.26705753269683646	-0.07968572669688442	0.15771158894517118
2,5	-0.021467561014939948	0.035155939308190054	0.5415172771762264	-0.14021994269705979	0.09728482066717989
2,6	-0.5199631043384587	0.035381863338670834	3.178200385554135e-46	-0.6394786292398117	-0.40044757943710574
2,7	-0.36124107347363527	0.03545664038070645	9.919850456543427e-24	-0.4810091859039127	-0.24147296104335786
2,8	-0.29361931201669517	0.03551366084970166	2.641626341012934e-16	-0.41358003248507536	-0.17365859154831495
2,9	-0.05298901483692843	0.035370254626823805	0.13427893664606808	-0.17246532695639522	0.06648729728253834
2,10	-0.0060164073123829195	0.03515003465194133	0.8641146185144384	-0.12474884380156101	0.11271602917679516
2,11	-0.01400684962224481	0.03512736961499273	0.6901293493338585	-0.13266272644123558	0.10464902719674597
3,4	-0.02387064800960908	0.03510834016491719	0.4966476504887207	-0.1424622457177856	0.09472094969856745
3,5	-0.033347875441847974	0.03510251098674265	0.3422344906120852	-0.15191978291261088	0.08522403202891495
3,6	0.016618737396533637	0.03529031624437848	0.6377593392253007	-0.10258755282933556	0.13582502762240284
3,7	-0.01701157931654954	0.03539045189966678	0.630801240496984	-0.13655611530659933	0.10253295667350026
3,8	-0.03304874580777324	0.035437206203702463	0.35115326181502093	-0.15275121201011105	0.08665372039456458
3,9	0.011281266085153757	0.03529449347626046	0.7492845730261684	-0.1079391343094262	0.1305016664797337
3,10	-0.0040017575449708825	0.03511209917272455	0.9092737508012931	-0.12260605271305516	0.1146025376231134
3,11	-0.05915164491812372	0.03510414932055038	0.09215801686489959	-0.17772908647631216	0.059425796640064726
4,5	0.0008035903405052627	0.03510747196700306	0.9817410373550377	-0.11778507470331628	0.11939225538432682
4,6	-0.12684099669089452	0.03529766655044488	0.00033520758360599905	-0.2460721153346258	-0.007609878047163232
4,7	0.030638094476675863	0.035399656236424416	0.386886149583734	-0.08893753261585285	0.1502137215692046
4,8	-0.050850049923252365	0.03545548592589255	0.15169301298828106	-0.1706142627490421	0.06891416290253735
4,9	0.039903129433695186	0.03529906674067887	0.2584477368420326	-0.07933271887814812	0.15913897774553848
4,10	-0.0074416553043647644	0.03512742966274843	0.8322503948270372	-0.12609773495719087	0.11121442434846134
4,11	-0.005453806090240931	0.035110268637209584	0.8765759523532595	-0.12405191793748573	0.11314430575700386
5,6	-0.06353898049358896	0.03530047635032505	0.072038778260726	-0.18277959029114477	0.05570162930396687
5,7	0.03326002056682452	0.03541186504466846	0.34773850828241315	-0.08635684635843262	0.15287688749208167
5,8	-0.03677814995046036	0.03544833420392331	0.2996375978317922	-0.15651820515071968	0.08296190524979898
5,9	0.03635509467780961	0.03531359441679446	0.3033883753913873	-0.08292982631344381	0.15564001566906305
5,10	0.012859320457025585	0.035112237621884396	0.7142335835197167	-0.10574544237506645	0.13146408328911763
5,11	-0.0705059502055134	0.03510535501621764	0.044750957259454084	-0.1890874644534063	0.04807556404237952
6,7	0.229797987959202	0.036325951830220936	3.1769233454805015e-10	0.10709344979020649	0.35250252612819755
6,8	0.2142325246895155	0.0364623980886342	5.024910363321993e-09	0.09106708806418394	0.33739796131484706
6,9	0.03026504831155113	0.03603772057667125	0.40112475386751667	-0.091465880603708	0.15199597722681027
6,10	-0.33483728753895975	0.03532587530748787	7.939405368126772e-21	-0.4541636918484723	-0.2155108832294472
6,11	-0.003621427858643604	0.03529724209513949	0.9182935875905304	-0.12285111274525093	0.11560825702796373
7,8	0.38671197546412933	0.036047659369989694	4.6510095820082473e-26	0.26494747454366036	0.5084764763845984
7,9	-0.1857757826079426	0.03634771987676515	3.548708312044799e-07	-0.30855385052532663	-0.0629977146905586
7,10	-0.19191304588602948	0.03540964759615548	6.78353055110479e-08	-0.3115224225465588	-0.07230366922550016
7,11	-0.026609720058124987	0.035401973078877234	0.45236415424663023	-0.14619317315572336	0.09297373303947337
8,9	-0.1306865109977824	0.03646404152190408	0.0003475322999942318	-0.2538574989358871	-0.007515523059677662
8,10	-0.23378096552122674	0.03546165855839318	5.686648045128215e-11	-0.35356602873034065	-0.11399590231211282
8,11	0.008541157400320562	0.03544274207238373	0.809594832249136	-0.11118000827651621	0.12826232307715735
9,10	0.2581639056542575	0.03533997536610829	4.1645495326400405e-13	0.13878987310394175	0.37753793820457326
9,11	-0.10585045785532415	0.03529636740186211	0.0027471917465924233	-0.2250771881370489	0.013376272426400618
10,11	-0.11276688517854691	0.03510802177566407	0.0013417664502833203	-0.23135740740750557	0.005823637050411751
