Params: 	232
Performance: 	0.9292041206369122
Term	Coefficient	Standard Error	p-value	95% CI lower	95% CI upper
Intercept	8.708118459775335
1	0.4224774480123076	0.007160552434055096	0.0	0.39592214830131633	0.4490327477232988
2	0.5006037151913534	0.007182953720979316	0.0	0.47396533908455846	0.5272420912981484
3	0.0163584817027887	0.007138065285515704	0.022050100308041998	-0.010113423189910452	0.04283038659548785
4	-0.03581125257033236	0.0071424496422501085	5.923985213089129e-07	-0.062299417089393336	-0.00932308805127138
5	0.03707935649084165	0.00715626931472674	2.4804194449694587e-07	0.010539940961763718	0.06361877201991958
6	0.5253391036636001	0.007604995039745624	0.0	0.497135564280162	0.5535426430470383
7	0.263416566866699	0.007417756466457636	1.760782946980931e-204	0.23590741195665338	0.29092572177674464
8	-0.040365052499518606	0.007435570351127325	6.546026686553942e-08	-0.06794027117360721	-0.01278983382543001
9	0.1919244533438813	0.007605556158322797	1.14298327361068e-118	0.16371883302155923	0.22013007366620338
10	0.1431370338200244	0.007155999706039525	1.130695199444486e-79	0.11659861814948527	0.16967544949056354
11	0.08095602050497408	0.0071327045792757135	8.90746083054939e-29	0.05450399608409279	0.10740804492585537
1,2	-0.034746866383249905	0.00703210872829393	8.573903763289203e-07	-0.0608258255976258	-0.008667907168874008
1,3	0.01734046795017226	0.007012518361528373	0.013509000832604073	-0.008665839319301535	0.043346775219646055
1,4	0.013327527832693599	0.007022451458190804	0.057895165114833405	-0.012715616868159732	0.03937067253354693
1,5	-0.012493245854445742	0.007014926716742552	0.07510883245397468	-0.03850848464074202	0.013521992931850536
1,6	-0.07160238020721675	0.007241988543199699	2.0300697365405122e-22	-0.0984596901758729	-0.0447450702385606
1,7	-0.02146445371918982	0.007141154819356179	0.0026903257696021692	-0.04794781631684353	0.005018908878463891
1,8	0.0939089734874288	0.007146825558310902	1.5413450529016552e-37	0.06740458064470499	0.12041336633015261
1,9	-0.02416673643850692	0.007243841216768247	0.0008687223322757603	-0.051030917148259164	0.002697444271245325
1,10	0.01823246156320889	0.007025159000048648	0.009536466531176556	-0.00782072420447235	0.04428564733089013
1,11	-0.011841113890282851	0.007011614482577953	0.09145415690129456	-0.03784406907531178	0.014161841294746073
2,3	-0.02850683898159802	0.007018328650406612	5.104419123813108e-05	-0.05453469402465354	-0.0024789839385425047
2,4	0.009229442202587444	0.0070219594795037955	0.18890944736605692	-0.016811877968440116	0.035270762373615004
2,5	-0.004050766454278529	0.007042542642720269	0.5652464075310246	-0.030168420410059085	0.022066887501502028
2,6	-0.1363167222820203	0.007271199209951776	4.339775088238364e-71	-0.1632823616034049	-0.1093510829606357
2,7	-0.09999474064175792	0.007161225038121664	6.530782678117728e-42	-0.12655253474165828	-0.07343694654185756
2,8	-0.06991745610962875	0.0071702421579797945	7.252431553883115e-22	-0.09650869069091206	-0.04332622152834545
2,9	-0.01954724706410625	0.007267943598905562	0.007229470038291276	-0.04650081277414998	0.007406318645937486
2,10	-0.006301119123649689	0.00703347147173312	0.370452853572771	-0.03238513214648382	0.019782893899184445
2,11	-0.002233655832686479	0.0070139688859064825	0.7501787096223523	-0.02824534245102386	0.0237780307856509
3,4	-0.004857582642938157	0.0070022442965532745	0.48795917121428356	-0.030825787981425958	0.021110622695549645
3,5	-0.0075115896369169575	0.0069998412828171635	0.28338322200640664	-0.03347088326774537	0.01844770399391145
3,6	0.005730735472669285	0.007219013191774866	0.4274060469202401	-0.02104136915063528	0.032502840095973845
3,7	-0.004987377433824189	0.0071260739947111166	0.48410504476865335	-0.031414811969777814	0.021440057102129435
3,8	-0.0066609809534264215	0.0071284908249265875	0.35022910095591375	-0.03309737843620761	0.019775416529354765
3,9	0.0040479551711192305	0.007216295398500298	0.5749121121023439	-0.022714070367418716	0.030809980709657174
3,10	-0.00022632850157385323	0.007006299761290273	0.9742339655004706	-0.026209573752491618	0.02575691674934391
3,11	-0.012519507500228337	0.006996357823038217	0.0737331509010864	-0.03846588253024863	0.013426867529791959
4,5	0.000851052156647933	0.007006026688281995	0.9033305317846367	-0.025131180388107202	0.026833284701403066
4,6	-0.02410851357637184	0.007220823870289964	0.0008607766097622092	-0.050887333199823595	0.002670306047079917
4,7	0.008304757327674437	0.007128325695406635	0.24417693318844605	-0.01813102776326494	0.034740542418613816
4,8	-0.012858079139637053	0.007130432100120158	0.07153304987841264	-0.039301675947478916	0.01358551766820481
4,9	0.01645961713313316	0.007220312108719065	0.02276014666524175	-0.010317304594587656	0.043236538860853976
4,10	0.0009985525577348347	0.007013418734152751	0.8867997009885513	-0.025011093792782234	0.0270081989082519
4,11	-0.0002937672139833713	0.006999403103112926	0.9665275596024981	-0.026251435831451363	0.025663901403484617
5,6	-0.020456186750602696	0.007231871850964469	0.004732897132441679	-0.047275978413672155	0.006363604912466764
5,7	0.006342383879588403	0.007141694238138602	0.3746312721232834	-0.02014297918207544	0.03282774694125225
5,8	-0.005715519931226813	0.007142705679891036	0.42371891509762394	-0.03220463397986037	0.020773594117406743
5,9	0.004606570439028457	0.007234672992894215	0.5243879059945591	-0.022223609411846687	0.0314367502899036
5,10	-0.0015957396715400984	0.007009157703905576	0.8199356151768016	-0.027589583758707598	0.024398104415627404
5,11	-0.01771758411762407	0.006998796454091164	0.011451441051129198	-0.043673002944068166	0.008237834708820023
6,7	0.06197234698466879	0.007604261004860216	7.251030763351409e-16	0.03377152980968588	0.0901731641596517
6,8	0.04889056226870916	0.007596039224258198	1.6107695516968874e-10	0.020720236016047586	0.07706088852137073
6,9	-0.002432524214484295	0.007436564539764357	0.7436323377547549	-0.030011429891422012	0.025146381462453425
6,10	-0.09120989701658629	0.00725234468336896	1.1421993912664786e-34	-0.11810561329656778	-0.06431418073660479
6,11	-0.007786608128489154	0.00720719762702283	0.28012888344165987	-0.03451489408470978	0.01894167782773147
7,8	0.10115633264256203	0.007396731592351392	2.321090602500792e-40	0.07372514962622417	0.1285875156588999
7,9	-0.042847727932791416	0.00759805285764808	2.0130019220127e-08	-0.07102552185483588	-0.014669934010746951
7,10	-0.05529401356378282	0.0071357079055339645	1.6298044330515944e-14	-0.08175717598409254	-0.0288308511434731
7,11	-0.0076250573334428855	0.007120379692848066	0.2843848349933101	-0.03403137423999421	0.018781259573108434
8,9	-0.03731324381058368	0.007596627627626174	9.940893354959622e-07	-0.06548575218926576	-0.009140735431901598
8,10	-0.05032133982287326	0.007142856804396912	2.739103790242081e-12	-0.07681101432498917	-0.023831665320757357
8,11	0.007791524142659369	0.007115530939008858	0.2736793236856935	-0.01859681089550808	0.03417985918082682
9,10	0.05891249274241066	0.007255052953892919	9.160629698015831e-16	0.032006732693303175	0.08581825279151814
9,11	-0.03398110000241838	0.007204491381855446	2.604760697110028e-06	-0.060699349700658475	-0.0072628503041782845
10,11	-0.02905508707735864	0.006997812591709477	3.4680473663869446e-05	-0.055006857196435444	-0.003103316958281841
1,2,3	-0.003844806444719107	0.006946715341331784	0.5800176879265884	-0.029607079620552552	0.021917466731114336
1,2,4	-0.004896985141001637	0.006957196190152705	0.48161342041520305	-0.030698127117004946	0.020904156835001672
1,2,5	-0.016987583290254557	0.006957824584626256	0.014733110525091294	-0.042791055701477156	0.008815889120968042
1,2,6	-0.08299444248917145	0.007007553563150086	4.352433053831078e-31	-0.10898233753275147	-0.05700654744559144
1,2,7	-0.022522693506398975	0.00702446728374511	0.0013708327295860294	-0.04857331400639667	0.0035279269935987213
1,2,8	0.03144129506278202	0.007040176420679435	8.525218317274571e-06	0.005332416370649868	0.05755017375491417
1,2,9	-0.08819716012358163	0.007006701132842135	1.0069188864012367e-34	-0.11418189388281677	-0.062212426364346485
1,2,10	-0.0696869849001716	0.006960312156190996	6.221698296464577e-23	-0.09549968260637842	-0.04387428719396477
1,2,11	-0.028351196963409188	0.006951004525979238	4.7497667736002704e-05	-0.05412937681472303	-0.002573017112095344
1,3,4	0.006066521583168685	0.006940133056828808	0.3821822944399411	-0.019671340831153086	0.03180438399749046
1,3,5	0.007023843956155761	0.006931486417170384	0.31105751874233956	-0.01868195192283413	0.03272963983514565
1,3,6	-0.01310715259730877	0.0069866870442754445	0.060833569447006276	-0.039017663016204546	0.012803357821587006
1,3,7	0.0045051953429977	0.006994466039817235	0.5195967972613857	-0.021434163905644826	0.030444554591640225
1,3,8	0.0023404066114338182	0.007013306522603751	0.7386422803698477	-0.02366882359642635	0.02834963681929399
1,3,9	0.006992329416671517	0.006982851812614368	0.31680458801443356	-0.018903957836182407	0.03288861666952544
1,3,10	-0.002955968851297972	0.006941728552217119	0.6702915204051483	-0.028699748247390952	0.022787810544795006
1,3,11	0.004582290406867213	0.0069336116939061245	0.5087833525288028	-0.021131387176950088	0.030295967990684514
1,4,5	0.0021968541675135966	0.006941574799277435	0.7516809164603051	-0.023546355027406728	0.027940063362433924
1,4,6	0.01918418310979816	0.006993201060941256	0.006150665960364785	-0.006750484895607329	0.045118851115203654
1,4,7	-0.00940143063496254	0.007009748059660978	0.18004670537308481	-0.03539746408868592	0.016594602818760847
1,4,8	0.010274953205823448	0.007024895630438343	0.14375875311457212	-0.01577725584127641	0.036327162252923303
1,4,9	0.0012703284698316122	0.006990254623846647	0.8558186767024549	-0.024653412512715304	0.02719406945237853
1,4,10	-0.00021053591069383586	0.0069521267460866155	0.9758445736487326	-0.02599287757655587	0.025571805755168195
1,4,11	-8.65969491664338e-05	0.006942152402001127	0.9900489294996002	-0.025831948215328162	0.025658754316995293
1,5,6	-0.00250493287489679	0.0069902801887709014	0.7201320260822413	-0.028428768666361307	0.023418902916567723
1,5,7	-0.00015884999574748704	0.007001970159516786	0.981903178568382	-0.026126038682065936	0.02580833869057096
1,5,8	0.0005205591660046452	0.007015701244469739	0.9408611285844246	-0.025497551998661785	0.026538670330671074
1,5,9	-0.006911482083231399	0.006987655845181802	0.3227634219472897	-0.032825585353190766	0.01900262118672797
1,5,10	0.00302425879962438	0.006941122177054826	0.663111572649624	-0.022717271821067503	0.02876578942031626
1,5,11	0.0005170130209004552	0.0069334987000769675	0.9405681705786233	-0.025196245519131272	0.026230271560932182
1,6,7	-0.12523437221295294	0.0072133942511090265	5.0329569141383555e-62	-0.15198563868797024	-0.09848310573793566
1,6,8	-0.03527063334872376	0.007247135849679265	1.2450716630260477e-06	-0.06214703238453333	-0.008394234312914198
1,6,9	0.006786765622695402	0.007152058409733071	0.3428012705634903	-0.01973703353527273	0.033310564780663535
1,6,10	-0.004591939421925196	0.006997811450383671	0.511791464561706	-0.03054370530833292	0.021359826464482527
1,6,11	-0.012227492369569293	0.006988882569215326	0.08038421806105557	-0.03814614501259351	0.013691160273454921
1,7,8	0.008343984179267225	0.007146105180751015	0.24313020915938385	-0.01815773710393879	0.03484570546247324
1,7,9	-0.01891636376535272	0.007208852856184579	0.008771333336957484	-0.04565078822930518	0.007818060698599735
1,7,10	0.006226008345747325	0.007010590762772182	0.37462708269813316	-0.01977315031848063	0.032225167009975283
1,7,11	0.0122392071981922	0.006998069079793274	0.08049184237037793	-0.013713514120949153	0.03819192851733355
1,8,9	-0.0012526105590146613	0.007249078928122031	0.8628336398089769	-0.02813621560733301	0.025630994489303685
1,8,10	0.017597946896708024	0.007029202514975456	0.012393816448560649	-0.00847023446687956	0.0436661282602956
1,8,11	-0.020305234979947507	0.007012948782979794	0.0038379260248375857	-0.046313138490877495	0.005702668530982481
1,9,10	-0.02508191562223172	0.006992897626926739	0.0003448055145197281	-0.051015458326025054	0.0008516270815616088
1,9,11	0.015238911965041992	0.00698183612035716	0.029205578440033134	-0.01065360853761316	0.04113143246769714
1,10,11	0.002751621273057782	0.006941489659239659	0.6918609272518944	-0.02299127217538329	0.02849451472149886
2,3,4	0.0035189850116734527	0.006942728665968954	0.6123231134091629	-0.022228503360880444	0.02926647338422735
2,3,5	-0.006228063785685103	0.006941797171284423	0.3697553053433241	-0.031972097659336195	0.01951597008796599
2,3,6	0.011398618294045537	0.006991094809298886	0.10320239157399858	-0.014528238562130195	0.03732547515022127
2,3,7	0.0029348845506470753	0.007006120395271374	0.6753429336509972	-0.023047695511595138	0.02891746461288929
2,3,8	-0.0008776553262370189	0.007019805907451583	0.9005189054144076	-0.02691098885771094	0.025155678205236905
2,3,9	-0.0014326465277518484	0.006987617601143519	0.8375773659655368	-0.027346607967606892	0.024481314912103196
2,3,10	0.0024563850689968436	0.006946347814178716	0.7236680888559863	-0.02330452511232025	0.02821729525031394
2,3,11	-0.0013906767854768645	0.006935223608402887	0.8410963411111967	-0.02711033224222565	0.02432897867127192
2,4,5	-0.0007991183437157622	0.006951798485419511	0.9084980489485741	-0.02658024263696883	0.024982005949537305
2,4,6	0.022280384506112486	0.006997565049991563	0.0014802340509293807	-0.003670467590986156	0.04823123660321113
2,4,7	-0.009483384757019146	0.007015370125605728	0.17662884298141396	-0.03550026794929731	0.016533498435259013
2,4,8	-0.0017284988710224922	0.007022786526525682	0.805615132233723	-0.02777288619109247	0.024315888449047484
2,4,9	-0.008437308532981993	0.006995840262511437	0.22797676965461358	-0.0343817641615268	0.017507147095562815
2,4,10	-0.0016210288863697103	0.006948834138343708	0.815573099764372	-0.027391159736620953	0.024149101963881533
2,4,11	0.012493213947633097	0.006945247834257052	0.07223522064951135	-0.013263616898078978	0.03825004479334517
2,5,6	-0.007552899233084331	0.0070007122108968305	0.28080468706819817	-0.0335154227482541	0.01840962428208544
2,5,7	-0.001373833398252108	0.007030227540632773	0.8450903411290221	-0.027445816125462423	0.02469814932895821
2,5,8	0.006796272177973825	0.007044088917860667	0.3347802758228352	-0.019327116223600834	0.03291966057954848
2,5,9	-0.0017200578307846074	0.00699791344593736	0.8058716270074786	-0.027672201973272758	0.02423208631170354
2,5,10	-0.0059834028486405325	0.006952603772041949	0.38958715379962106	-0.03176751359130641	0.019800707894025348
2,5,11	0.0032678903573568827	0.006943524962236358	0.6379626427120421	-0.022482551123387255	0.02901833183810102
2,6,7	-0.05638549518946558	0.0072382264477746285	1.1926502288339048e-14	-0.08322885322180479	-0.02954213715712638
2,6,8	0.01759061486666702	0.00727942398118579	0.01578180247083608	-0.00940552646796097	0.044586756201295014
2,6,9	-0.014531895633456679	0.007173436067010931	0.042950662042168644	-0.04113497500078862	0.012071183733875262
2,6,10	0.0013568404187443046	0.007006486903021742	0.8464705475126241	-0.02462709885750368	0.02734077969499229
2,6,11	-0.029062737339098747	0.006992350050167661	3.403573080860099e-05	-0.054994249324580045	-0.003131225353617449
2,7,8	0.002344126685000371	0.007166973550778638	0.7436548585974021	-0.024234986087991798	0.02892323945799254
2,7,9	0.004573019309140832	0.00723640265796442	0.5275115604025713	-0.0222635750990973	0.031409613717378965
2,7,10	-0.011456871010762034	0.007022443634227928	0.1029878113273475	-0.03749998669602181	0.014586244674497737
2,7,11	0.014084027016053609	0.0070104845566893335	0.04470434790260641	-0.011914737777116609	0.040082791809223826
2,8,9	0.02937199518577164	0.007274699057856719	5.654947139900192e-05	0.0023933764873187817	0.05635061388422449
2,8,10	0.04063570502973053	0.007039716954705924	9.360701239265166e-09	0.01452853029225076	0.0667428797672103
2,8,11	0.014421946975293264	0.007017835465668261	0.04003597871649455	-0.011604079065229218	0.04044797301581575
2,9,10	-0.04739633835075049	0.007003797213942193	1.8322885127879156e-11	-0.07337030276817373	-0.02142237393332724
2,9,11	-0.007042318747011061	0.006984910562329906	0.31350089197200476	-0.032946240985605196	0.01886160349158307
2,10,11	-0.005615437347384525	0.006946981274577471	0.4190213848249641	-0.03137869675118116	0.020147822056412103
3,4,5	-0.003296327464977612	0.006931370808122996	0.6344477914677018	-0.029001694601502315	0.022409039671547094
3,4,6	-0.00110792556910213	0.006973107343875936	0.873779021043426	-0.026968074927532882	0.024752223789328624
3,4,7	0.00631045244805195	0.006995209418302062	0.3671330630757793	-0.019631663660294497	0.032252568556398395
3,4,8	-0.0021742213844319503	0.0070090922778321	0.7564489144399872	-0.028167822835433308	0.023819380066569404
3,4,9	0.0027785747806685305	0.006974839909966933	0.6904094653655954	-0.02308799989371923	0.028645149455056293
3,4,10	0.002102705536319749	0.006938930559486396	0.7619059931297322	-0.02363069735094409	0.027836108423583587
3,4,11	-0.005093570580142908	0.006932873296444702	0.46263021814422756	-0.030804509776653572	0.020617368616367756
3,5,6	0.0018500131950894214	0.006972972885054283	0.7908031067328842	-0.02400963751545897	0.027709663905637814
3,5,7	-0.0015555695642168136	0.006993572805487002	0.8240085782842154	-0.02749161620456969	0.024380477076136067
3,5,8	-0.0010300800823585636	0.007006515276959568	0.8831366456259133	-0.02701412458490436	0.024953964420187234
3,5,9	0.003190453008241682	0.006975985710807653	0.6474826506596185	-0.022680370931131517	0.02906127694761488
3,5,10	-0.0019152055601193221	0.006933079971228988	0.7823979118685842	-0.0276269112213532	0.023796500101114556
3,5,11	-0.005088320494709558	0.006929884561948152	0.46289866524544954	-0.03078817580613686	0.020611534816717743
3,6,7	-0.0052826259827295574	0.007196346800784389	0.46301265151795434	-0.03197067105732445	0.021405419091865333
3,6,8	0.0011593023939098501	0.0072250247187461624	0.872541591291565	-0.025635096305433352	0.027953701093253052
3,6,9	-0.010492886363643377	0.0071351140993958775	0.1415951967367577	-0.036953846621464614	0.015968073894177856
3,6,10	-0.006046270198073729	0.006983112186621432	0.38670594384750145	-0.03194352306215084	0.01985098266600338
3,6,11	-0.0004903629530367088	0.0069703546607102285	0.9439239945862495	-0.026340303835634356	0.025359577929560936
3,7,8	0.0031787835801767653	0.0071361598201982405	0.6560563774523316	-0.023286054790342688	0.029643621950696218
3,7,9	0.006905206900982071	0.007198830361336635	0.33759580861957117	-0.01979204859353819	0.03360246239550233
3,7,10	-0.0025862149624597125	0.006999629659581681	0.7118194403245341	-0.028544723776963432	0.023372293852044007
3,7,11	-0.006229448127027653	0.006994347536373436	0.37325521681226015	-0.03216836789917785	0.019709471645122538
3,8,9	-0.0016566106120872622	0.007225298906650097	0.8186810559313111	-0.028452026152244517	0.025138804928069993
3,8,10	0.00015316650514578256	0.0070104039891771995	0.9825715482194802	-0.025845299499006213	0.02615163250929778
3,8,11	-0.0012202188268906553	0.0070026549533009	0.8616902037384084	-0.027189947108351355	0.024749509454570044
3,9,10	0.00704062631767354	0.006986039053241968	0.3136953151138585	-0.018867480991090375	0.03294873362643745
3,9,11	-0.003241511975119616	0.006969349851731314	0.6419158241017058	-0.02908772646875033	0.0226047025185111
3,10,11	-0.0011162205294897361	0.006934279742148441	0.8721361431389374	-0.026832375606693125	0.02459993454771365
4,5,6	-0.005644997933649689	0.006977150293411205	0.4185948446534573	-0.031520140791201384	0.02023014492390201
4,5,7	0.007218226527498358	0.007001293810497496	0.3027028623722329	-0.018746453881549323	0.03318290693654604
4,5,8	-0.007406899803717747	0.007011954731003733	0.2909784474273298	-0.03341111681861329	0.018597317211177796
4,5,9	-0.0012653930685456727	0.0069788291232316686	0.8561401568135641	-0.027146761958160782	0.024615975821069436
4,5,10	-0.0018630649897563474	0.006939198401345994	0.7883610472742871	-0.027597461183182286	0.02387133120366959
4,5,11	0.006395211061382009	0.006933106507204116	0.3564496315836606	-0.019316593009964654	0.03210701513272867
4,6,7	0.025973102715272197	0.0071959676137889304	0.0003163034851589038	-0.0007135361236441408	0.05265974155418854
4,6,8	-0.0036078986846211436	0.007227497942378326	0.6177133520810871	-0.030411469468857134	0.023195672099614848
4,6,9	0.010161359978134242	0.007133927943524619	0.1545328999099407	-0.016295201355867175	0.03661792131213566
4,6,10	0.0029029226430694636	0.0069865956760037625	0.6778321069172919	-0.023007248931601523	0.02881309421774045
4,6,11	-0.005825016799354574	0.006973517751882077	0.4036697333305622	-0.03168668817828685	0.020036654579577703
4,7,8	0.0020773966199657806	0.007140640933054664	0.7711455467415861	-0.024404060202277478	0.028558853442209035
4,7,9	-0.0009074919183372594	0.007199256732425529	0.8997052691291288	-0.027606328633323116	0.025791344796648595
4,7,10	-0.00674126633299476	0.007004618770854283	0.3359917110558328	-0.03271827753908845	0.019235744873098932
4,7,11	0.0006565821137563682	0.006995446347485835	0.9252332375873384	-0.025286412659405864	0.0265995768869186
4,8,9	-0.012951351202628438	0.007229749809252516	0.07341739288947179	-0.039763273158132856	0.013860570752875983
4,8,10	0.003088804818534024	0.007019524726613539	0.6599740970648473	-0.022943485938447847	0.0291210955755159
4,8,11	0.0010688170592003015	0.007008290492477	0.8788057626828669	-0.024921810927029355	0.027059445045429956
4,9,10	0.0052447445015020334	0.0069896456636395635	0.45314807552387415	-0.02067673811886402	0.031166227121868086
4,9,11	0.0030565825542225224	0.006973416130102607	0.6612136747342574	-0.022804711954791432	0.028917877063236473
4,10,11	-0.007945299646897237	0.006937725880030523	0.25228363391412467	-0.03367423491461621	0.01778363562082174
5,6,7	-0.01770447877317517	0.007205424746687213	0.01411103853136945	-0.04442618990586121	0.009017232359510876
5,6,8	0.008777829112442424	0.007237135447361709	0.22535087064601925	-0.01806148288529027	0.03561714111017512
5,6,9	-0.0038975474945792607	0.007151144466093531	0.5858122944681616	-0.03041795724265333	0.02262286225349481
5,6,10	-0.002498884529323831	0.006984218399467477	0.7205472633321421	-0.028400239844146382	0.02340247078549872
5,6,11	0.0005228697084468147	0.006973061114770864	0.9402365643942154	-0.025337108206823392	0.02638284762371702
5,7,8	-0.0072409590097677265	0.007152041066376036	0.3114834179154458	-0.03376469384894924	0.019282775829413793
5,7,9	-0.008492954641034084	0.007214240797758509	0.23927031221134848	-0.03524736058052752	0.018261451298459356
5,7,10	-0.004395943878721243	0.007002587982022493	0.5302502693695796	-0.03036542379353894	0.02157353603609645
5,7,11	-0.0008324879442965965	0.006995497824632772	0.9052875174181358	-0.026775673623269203	0.025110697734676012
5,8,9	0.008638906556015714	0.007242693314853504	0.2331330927979937	-0.01822101709680335	0.03549883020883478
5,8,10	0.0013736507695219112	0.007016123425198145	0.8448032641932812	-0.02464602607542942	0.027393327614473245
5,8,11	0.003645527557334027	0.00700722730941294	0.6029591238422582	-0.02234115755644636	0.02963221267111442
5,9,10	-0.0014405279968686862	0.006987450043448077	0.836692523618331	-0.02735386803986052	0.02447281204612315
5,9,11	0.0014311729341737918	0.006974804979924263	0.8374481981462214	-0.024435272200243337	0.02729761806859092
5,10,11	-0.004196646330642945	0.006934267044316734	0.5451287340011497	-0.02991275431724407	0.02151946165595818
6,7,8	-0.02788210764598818	0.007612090889675168	0.0002574756215158368	-0.05611196237636621	0.0003477470843898517
6,7,9	-0.021982543157578405	0.007404615741281619	0.0030342056088979988	-0.04944296497074603	0.005477878655589224
6,7,10	-0.014021749586515002	0.007225624162060679	0.05248617133766387	-0.040818371354123306	0.012774872181093301
6,7,11	-0.0387461262052418	0.00718744911713973	8.055536085381096e-08	-0.06540117373417334	-0.012091078676310256
6,8,9	0.04290704818178873	0.007437517021705162	9.544685079200397e-09	0.015324610173562288	0.07048948619001517
6,8,10	0.01590726307425114	0.007263173398908865	0.02865813864804418	-0.011028612088623185	0.04284313823712547
6,8,11	0.005469836191063527	0.007218770424404786	0.448727066544065	-0.021301368116192536	0.032241040498319586
6,9,10	-0.03420132246082897	0.007145577143339902	1.8539451805014657e-06	-0.06070108548846185	-0.007701559433196094
6,9,11	-0.01374861405572461	0.00712552588310144	0.05384589189068835	-0.04017401588984355	0.012676787778394332
6,10,11	0.012977755153872087	0.006979991932464839	0.06316986192839201	-0.012907926077280625	0.0388634363850248
7,8,9	-0.026365669732559008	0.0076120838554834536	0.0005468393663368056	-0.05459549837625296	0.001864158911134943
7,8,10	0.010411883631525159	0.007153169018142716	0.14570859159464508	-0.016116034278376053	0.03693980154142637
7,8,11	0.005912137432680219	0.007135828504422072	0.4075019856451747	-0.020551472235191475	0.03237574710055191
7,9,10	-0.026540233628327373	0.0072319329638659505	0.0002505874656549014	-0.05336025193192911	0.0002797846752743624
7,9,11	-0.0016140874544530864	0.007188516838297552	0.8223680314388535	-0.02827309468560242	0.025044919776696248
7,10,11	-0.002963172974354952	0.006998371817525853	0.6720534998518191	-0.02891701701290888	0.022990671064198977
8,9,10	-0.004767754586829943	0.0072666711637983175	0.511845424867241	-0.03171660140179584	0.022181092228135954
8,9,11	0.018949416218773114	0.007214540994832155	0.008707120707829826	-0.007806103017960513	0.045704935455506746
8,10,11	-0.0006936052040770399	0.0070101838783541565	0.9211962317089938	-0.026691254915222406	0.025304044507068326
9,10,11	0.0050757886561524634	0.0069813305635953865	0.46729995057382556	-0.020814856961645208	0.030966434273950134
