Params: 	232
Performance: 	0.9292041206369122
Term	Coefficient	Standard Error	p-value	95% CI lower	95% CI upper
Intercept	6.651212857292794
1	0.05881585287250349	0.10150433969883638	0.5623722015643382	-0.317618533649039	0.43525023939404606
2	1.1527087374434313	0.10312374948924767	5.445041540454624e-28	0.7702686812846187	1.5351487936022439
3	0.10307542423834981	0.10140625521911588	0.30956300408101917	-0.2729952106341458	0.4791460591108454
4	0.021922069490342894	0.10147469780879464	0.8289879615357835	-0.35440238846335415	0.3982465274440399
5	0.06244804252627245	0.10166120265064511	0.539119713481534	-0.31456807881771487	0.43946416387025977
6	0.7464392983518362	0.10106881571967748	2.4268362583118354e-13	0.3716200762892373	1.1212585204144352
7	-0.07054016947347391	0.10323704807027431	0.4945260454244954	-0.4534003996068089	0.31232006065986107
8	0.09728348122077507	0.10515808803439121	0.35504395532449506	-0.2927010305198418	0.48726799296139195
9	0.10662605950653731	0.10101637880207182	0.2913402693326995	-0.26799869738374943	0.48125081639682404
10	0.281582645255406	0.10116364564277723	0.005441487416013818	-0.09358825875529342	0.6567535492661054
11	0.2756987893555225	0.10139603800262806	0.006617698055132526	-0.10033395441170645	0.6517315331227514
1,2	1.0051747656507124	0.0880409931875136	4.3670534672481263e-29	0.6786699348462328	1.331679596455192
1,3	0.022951234104802168	0.08755977185851074	0.7932618726041905	-0.3017689611234869	0.3476714293330912
1,4	-0.04427905627046852	0.08804380263142443	0.6150887720566053	-0.3707943060511039	0.2822361935101669
1,5	0.0031482931179414725	0.0876503278637613	0.9713515714411953	-0.32190773400072265	0.32820432023660556
1,6	0.7134305454993368	0.0869720430649546	4.742865105621232e-16	0.39088997459548336	1.0359711164031902
1,7	0.49381944532009275	0.08937420275719708	3.829875131274526e-08	0.16237033402516826	0.8252685566150173
1,8	0.3208732290123648	0.08958071061627734	0.00035118591175009367	-0.011341727954531922	0.6530881859792615
1,9	0.3436178409626612	0.08712968621962669	8.365992880909541e-05	0.020492641811440393	0.666743040113882
1,10	0.36463988381755896	0.08762688821653249	3.331872935360136e-05	0.03967078391058887	0.6896089837245291
1,11	0.055201454030998715	0.08795657274881856	0.5303556857076477	-0.2709902989667158	0.38139320702871315
2,3	-0.14016745214836193	0.08817010820923753	0.11208999998911484	-0.4671511130613626	0.18681620876463875
2,4	-0.008387266922888853	0.08838129908135138	0.92440712938753	-0.33615414071741756	0.3193796068716399
2,5	0.10612011896322807	0.08814435017265075	0.22879145391041927	-0.22076801686454658	0.4330082547910027
2,6	0.006337158066733961	0.08768305567320697	0.9423932599570373	-0.31884024192039495	0.3315145580538629
2,7	-0.09083408136278792	0.09080041266157367	0.3172814208711384	-0.4275723699677452	0.24590420724216938
2,8	-0.8396530315823647	0.09054822846143537	5.629395928297832e-20	-1.1754560813103327	-0.5038499818543968
2,9	0.4610618567491823	0.08772372872792834	1.6705996556270706e-07	0.1357336185176254	0.7863900949807392
2,10	0.3640400548118309	0.08796711627041987	3.678738164729547e-05	0.037809200588518166	0.6902709090351435
2,11	0.09984653221343137	0.08831606423575793	0.2584090881021036	-0.2276784145939985	0.42737147902086126
3,4	-0.05585110801667292	0.08755859400691082	0.5236482149798507	-0.38056693511798584	0.26886471908464
3,5	-0.0018493313773561837	0.0873950459658407	0.9831201680825057	-0.32595863163765226	0.32225996888293995
3,6	0.111400101014064	0.08684878089665374	0.19978518259968456	-0.21068334540778882	0.4334835474359168
3,7	-0.052672166481003035	0.08894694135698317	0.55381647177418	-0.3825367555421879	0.27719242258018184
3,8	-0.026135415248362687	0.08933465906263656	0.7698990352202826	-0.35743787659268556	0.3051670460959601
3,9	-0.02414231909807535	0.0868777925984231	0.7811338120605112	-0.3463333570001535	0.2980487188040028
3,10	0.010562672686902863	0.08722716537353366	0.9036318162464244	-0.31292403322953094	0.33404937860333667
3,11	0.02707412945918153	0.08740677026927605	0.7567921853757306	-0.2970786510206222	0.35122690993898525
4,5	0.021266248018457584	0.08752219313733343	0.8080509084937503	-0.3033145844703208	0.345847080507236
4,6	-0.35369851016813564	0.08689688463530791	4.922400270290058e-05	-0.6759603519315414	-0.03143666840472992
4,7	-0.029589717814227992	0.0892092486092918	0.7401673514495002	-0.36042708764415554	0.3012476520156996
4,8	-0.005996723586955133	0.08948504061781568	0.9465791180046581	-0.3378568831403985	0.32586343596648826
4,9	0.07003828628507416	0.08716641254880012	0.4218039167380404	-0.2532231144633651	0.39329968703351337
4,10	0.024162283300087378	0.08738695494596019	0.7822013926219956	-0.2999170109711634	0.3482415775713382
4,11	-0.02005475989846324	0.08788670263680559	0.8195284565411707	-0.3459873957704486	0.3058778759735222
5,6	0.0327873682885198	0.08677407645081375	0.7055936881607459	-0.28901903261662265	0.35459376919366226
5,7	0.16351693822919938	0.08885735063199321	0.06592012962385056	-0.166015398736167	0.49304927519456576
5,8	-0.07916130549869485	0.08918307778738815	0.3748740181103659	-0.40990161940650827	0.2515790084091185
5,9	0.06029600422255474	0.08687464505530826	0.4877462411151744	-0.2618833608440072	0.38247536928911674
5,10	0.0652001075735471	0.08725371440021365	0.45502337787922975	-0.25838505685806623	0.38878527200516044
5,11	-0.09351925595027938	0.08736749131403031	0.2845941110227955	-0.4175263682796867	0.23048785637912794
6,7	1.3729549720921774	0.09069796023858073	1.6869099191441582e-48	1.0365966338924089	1.709313310291946
6,8	0.09535723251167327	0.08985140279244098	0.28872317943115255	-0.23786160117194977	0.4285760661952963
6,9	0.1462684446748559	0.08855422790200064	0.0987828362568498	-0.182139745094006	0.47467663444371777
6,10	-0.2519780484394257	0.08680055768642132	0.003746937113660524	-0.5738826564528539	0.06992655957400246
6,11	0.2933731221606139	0.08687519456772054	0.0007504030486218901	-0.028808280802735675	0.6155545251239635
7,8	0.5215070276090339	0.09153345790582586	1.4433943628516533e-08	0.18205020068708117	0.8609638545309866
7,9	0.2019735606189133	0.0908116454367139	0.02628042013742176	-0.13480638534602868	0.5387535065838553
7,10	-0.012905812667672267	0.08905583662590706	0.8847935854488375	-0.3431742457799991	0.3173626204446546
7,11	0.03947324644498812	0.08891288175927543	0.6571353639997153	-0.29026503073823845	0.3692115236282147
8,9	-0.3607464530392454	0.08991337225869689	6.292622375630182e-05	-0.6941951038723846	-0.02729780220610617
8,10	-0.5361136030295371	0.08912602621500283	2.2189115798486567e-09	-0.8666423380658	-0.20558486799327425
8,11	-0.07782839312306195	0.08956885905837704	0.3850190560922365	-0.4099993979403189	0.25434261169419503
9,10	0.7239177036516977	0.08690933403857408	1.7135613235896638e-16	0.401609692596467	1.0462257147069285
9,11	-0.20834576039390468	0.08700472945294575	0.01675003380535416	-0.531007550552497	0.11431602976468769
10,11	-0.1093194805103754	0.08729569750386983	0.2106462934053837	-0.4330603415744281	0.21442138055367724
1,2,3	-0.03075845155775682	0.05557372273065427	0.5800176879265396	-0.23685663696442438	0.17533973384891072
1,2,4	-0.03917588112801318	0.05565756952122161	0.48161342041520183	-0.24558501693603957	0.1672332546800132
1,2,5	-0.13590066632204195	0.05566259667700999	0.014733110525087195	-0.3423284456118225	0.07052711296773861
1,2,6	-0.6639555399133744	0.056060428505200634	4.352433053828272e-31	-0.8718587002620144	-0.4560523795647345
1,2,7	-0.18018154805119266	0.05619573826996083	0.0013708327295859398	-0.388586512051174	0.028223415948788688
1,2,8	0.2515303605022454	0.05632141136543552	8.525218317282132e-06	0.04265933096518812	0.4604013900393027
1,2,9	-0.7055772809886536	0.05605360906273709	1.0069188864011794e-34	-0.9134551510625348	-0.4976994109147723
1,2,10	-0.5574958792013632	0.055682497249527986	6.221698296474846e-23	-0.7639974608510179	-0.3509942975517085
1,2,11	-0.22680957570728028	0.05560803620783387	4.749766773597761e-05	-0.4330350145177909	-0.020584136896769634
1,3,4	0.04853217266534551	0.055521064454630474	0.3821822944399801	-0.1573707266492287	0.2544350719799197
1,3,5	0.05619075164924872	0.05545189133736301	0.31105751874231624	-0.1494556153826702	0.26183711868116766
1,3,6	-0.10485722077846651	0.0558934963542035	0.06083356944701498	-0.31214130412963254	0.1024268625726995
1,3,7	0.03604156274397606	0.05595572831853784	0.5195967972614495	-0.17147331124516396	0.2435564367331161
1,3,8	0.018723252891477547	0.05610645218082992	0.7386422803697533	-0.1893505887714035	0.22679709455435862
1,3,9	0.05593863533337282	0.05586281450091487	0.31680458801442685	-0.15123166268945828	0.26310893335620394
1,3,10	-0.023647750810374547	0.05553382841773699	0.6702915204052695	-0.22959798597911854	0.18230248435836946
1,3,11	0.036658323254946334	0.05546889355124898	0.5087833525287027	-0.16905109741559202	0.24236774392548469
1,4,5	0.017574833340105664	0.0555325983942195	0.7516809164603475	-0.18837084021925704	0.22352050689946834
1,4,6	0.1534734648783978	0.055945608487530066	0.006150665960360634	-0.05400387916484617	0.3609508089216418
1,4,7	-0.07521144507969464	0.056077984477287846	0.18004670537311782	-0.28317971270948183	0.13275682255009252
1,4,8	0.08219962564658206	0.05619916504350676	0.14375875311459918	-0.1262180467302169	0.290617298023381
1,4,9	0.010162627758647097	0.055922036990773145	0.8558186767025362	-0.19722730010172812	0.21755255561902231
1,4,10	-0.0016842872855496321	0.055617013968692945	0.9758445736487477	-0.20794302061244596	0.20457444604134672
1,4,11	-0.0006927755933388118	0.05553721921600906	0.9900489294994949	-0.20665558572263276	0.20527003453595516
1,5,6	-0.020039462999178137	0.055922241510167205	0.7201320260821904	-0.22743014933089423	0.18735122333253795
1,5,7	-0.0012707999659835878	0.05601576127613428	0.9819031785683294	-0.20900830945653115	0.20646670952456397
1,5,8	0.004164473328041138	0.05612560995575794	0.9408611285843683	-0.2039804159892904	0.2123093626453727
1,5,9	-0.05529185666584311	0.05590124676145437	0.3227634219473602	-0.2626046828255179	0.1520209694938317
1,5,10	0.02419407039698479	0.05552897741643861	0.663111572649758	-0.1817381745685503	0.23012631536251987
1,5,11	0.004136104167204974	0.055467989600615664	0.9405681705786041	-0.20156996415304856	0.2098421724874585
1,6,7	-1.0018749777036413	0.0577071540088722	5.0329569141152425e-62	-1.2158851095037795	-0.787864845903503
1,6,8	-0.28216506678976977	0.05797708679743412	1.2450716630282227e-06	-0.4971762590762463	-0.06715387450329327
1,6,9	0.05429412498155625	0.05721646727786461	0.34280127056355236	-0.15789626828218897	0.2664845182453015
1,6,10	-0.03673551537539982	0.05598249160306937	0.5117914645617263	-0.2443496424666616	0.17087861171586197
1,6,11	-0.09781993895655317	0.05591106055372262	0.08038421806105925	-0.3051691601007469	0.1095292821876406
1,7,8	0.06675187343414841	0.057168841446008034	0.2431302091593083	-0.14526189683149937	0.27876564369979623
1,7,9	-0.1513309101228388	0.0576708228494766	0.008771333336949868	-0.36520630583445834	0.0625444855887807
1,7,10	0.049808066765971354	0.05608472610217745	0.37462708269820255	-0.15818520254785226	0.25780133607979494
1,7,11	0.09791365758553792	0.055984552638346174	0.08049184237037686	-0.10970811296759282	0.3055354281386687
1,8,9	-0.010020884472104627	0.057992631424976224	0.8628336398091484	-0.2250897248586513	0.20504795591444203
1,8,10	0.1407835751736724	0.05623362011980364	0.012393816448555538	-0.0677618757350282	0.34932902608237304
1,8,11	-0.16244187983957764	0.056103590263838314	0.0038379260248380836	-0.3705051079270174	0.045621348247862153
1,9,10	-0.20065532497785865	0.05594318101541387	0.00034480551451960954	-0.4081236666082051	0.006813016652487819
1,9,11	0.1219112957203346	0.055854688962857287	0.02920557844003492	-0.08522886830090665	0.32905145974157585
1,10,11	0.02201297018446837	0.05553191727391724	0.6918609272518133	-0.1839301774030601	0.22795611777199687
2,3,4	0.02815188009338984	0.055541829327751584	0.6123231134091348	-0.17782802688704116	0.23413178707382085
2,3,5	-0.0498245102854805	0.05553437737027539	0.36975530534332735	-0.2557767812746893	0.15612776070372825
2,3,6	0.09118894635236696	0.05592875847439111	0.10320239157398868	-0.11622590849703898	0.2986038012017729
2,3,7	0.02347907640517949	0.05604896316217097	0.6753429336509593	-0.18438156409275813	0.2313397169031171
2,3,8	-0.007021242609894361	0.056158447259612665	0.9005189054144329	-0.21528791086168575	0.201245425641897
2,3,9	-0.011461172222009222	0.05590094080914811	0.8375773659656145	-0.21877286374084942	0.19585051929683095
2,3,10	0.019651080551982045	0.05557078251342969	0.723668088855888	-0.18643620089855456	0.22573836200251862
2,3,11	-0.011125414283818996	0.05548178886722314	0.8410963411111394	-0.21688265793780942	0.19463182937017143
2,4,5	-0.006392946749723155	0.05561438788335614	0.9084980489486162	-0.21264194109574788	0.19985604759630157
2,4,6	0.17824307604890188	0.05598052039993249	0.0014802340509291983	-0.029363740727887222	0.385849892825691
2,4,7	-0.07586707805615019	0.05612296100484586	0.1766288429814313	-0.2840021435943756	0.13226798748207524
2,4,8	-0.013827990968185738	0.0561822922122055	0.8056151322336431	-0.22218308952874571	0.19452710759237424
2,4,9	-0.06749846826385227	0.055966722100091494	0.2279767696546389	-0.27505411329221074	0.14005717676450619
2,4,10	-0.012968231090955504	0.05559067310674965	0.8155730997644024	-0.21912927789296538	0.1931928157110544
2,4,11	0.09994571158106588	0.055561982674056404	0.07223522064950809	-0.10610893518463066	0.3060003583467624
2,5,6	-0.06042319386467665	0.05600569768717467	0.2808046870681825	-0.2681233819860349	0.14727699425668164
2,5,7	-0.010990667186026204	0.05624182032506215	0.8450903411288921	-0.21956652900370863	0.19758519463165622
2,5,8	0.05437017742379462	0.05635271134288538	0.3347802758227997	-0.15461692978880281	0.2633572846363921
2,5,9	-0.013760462646276915	0.05598330756749891	0.8058716270074779	-0.22137761578618223	0.1938566904936284
2,5,10	-0.04786722278912582	0.05562083017633558	0.3895871537996055	-0.2541401087304528	0.15840566315220117
2,5,11	0.026143122858863957	0.05554819969789084	0.6379626427119277	-0.17986040898708905	0.232146654704817
2,6,7	-0.4510839615157389	0.05790581158219707	1.192650228831709e-14	-0.6658308257744526	-0.23633709725702512
2,6,8	0.14072491893335132	0.05823539184948634	0.01578180247082487	-0.07524421174367268	0.3566940496103753
2,6,9	-0.11625516506765235	0.05738748853608748	0.04295066204217072	-0.329079800006308	0.09656946987100332
2,6,10	0.010854723349955742	0.05605189522417389	0.8464705475126058	-0.19701679086002796	0.21872623755993945
2,6,11	-0.23250189871279403	0.0559388004013413	3.403573080859068e-05	-0.4399539945966444	-0.025049802828943618
2,7,8	0.018753013480004105	0.0573357884062291	0.743654858597387	-0.19387988870393322	0.23138591566394143
2,7,9	0.036584154473113695	0.057891221263715376	0.5275115604027176	-0.17810860079279142	0.25127690973901884
2,7,10	-0.09165496808609455	0.05617954907382343	0.10298781132735402	-0.29999989356817275	0.11668995739598365
2,7,11	0.11267221612842504	0.05608387645351465	0.044704347902613545	-0.09531790221693662	0.32066233447378667
2,8,9	0.2349759614861836	0.058197592462853796	5.654947139895938e-05	0.019147011898560606	0.4508049110738066
2,8,10	0.32508564023783904	0.0563177356376474	9.360701239270262e-09	0.11622824233800083	0.5339430381376773
2,8,11	0.11537557580234822	0.056142683725346074	0.04003597871649088	-0.09283263252183158	0.323583784126528
2,9,10	-0.37917070680601905	0.05603037771153761	1.8322885127846783e-11	-0.5869624221454053	-0.1713789914666328
2,9,11	-0.056338549976085464	0.05587928449863927	0.31350089197203085	-0.26356992788483863	0.15089282793266767
2,10,11	-0.04492349877907803	0.05557585019661976	0.4190213848249451	-0.25102957400945103	0.16118257645129497
3,4,5	-0.026370619719819716	0.05545096646498393	0.6344477914677165	-0.2320135568120172	0.17927231737237778
3,4,6	-0.008863404552818577	0.05578485875100748	0.8737790210434042	-0.21574459942026458	0.1980177903146274
3,4,7	0.05048361958441495	0.05596167534641649	0.3671330630757855	-0.1570533092823566	0.2580205484511865
3,4,8	-0.017393771075452466	0.05607273822265676	0.7564489144400296	-0.22534258268346313	0.19055504053255823
3,4,9	0.022228598245346773	0.05579871927973542	0.6904094653656146	-0.18470399914975516	0.22916119564044868
3,4,10	0.016821644290563417	0.05551144447589118	0.7619059931296577	-0.18904557880754735	0.22268886738867416
3,4,11	-0.04074856464113889	0.05546298637155765	0.46263021814427574	-0.24643607821322433	0.16493894893094657
3,5,6	0.014800105560713955	0.05578378308043422	0.7908031067329035	-0.19207710012367302	0.22167731124510093
3,5,7	-0.012444556513736577	0.055948582443895986	0.8240085782841865	-0.2199329296365595	0.19504381660908635
3,5,8	-0.008240640658865685	0.05605212221567655	0.8831366456259531	-0.2161129966792321	0.19963171536150073
3,5,9	0.025523624065939325	0.05580788568646119	0.6474826506595429	-0.18144296744904614	0.2324902155809248
3,5,10	-0.015321644480952246	0.05546463976983192	0.7823979118686166	-0.2210152897708233	0.1903720008089188
3,5,11	-0.04070656395768263	0.05543907649558523	0.46289866524538203	-0.2463054064491011	0.16489227853373584
3,6,7	-0.04226100786183101	0.0575707744062751	0.4630126515180121	-0.2557653684585901	0.17124335273492808
3,6,8	0.009274419151278801	0.05780019774996928	0.8725415912915649	-0.20508077044346673	0.22362960874602433
3,6,9	-0.08394309090915353	0.057080912795167	0.1415951967367267	-0.29563077297172335	0.12774459115341627
3,6,10	-0.04837016158458289	0.05586489749297146	0.3867059438475696	-0.2555481844971998	0.15880786132803398
3,6,11	-0.003922903624286218	0.055762837285681835	0.9439239945863559	-0.2107224306850674	0.20287662343649498
3,7,8	0.025430268641425433	0.05708927856158591	0.6560563774521884	-0.18628843832273012	0.237148975605581
3,7,9	0.0552416552078675	0.0575906428906931	0.3375958086194759	-0.15833638874829467	0.2688196991640297
3,7,10	-0.020689719699674813	0.055997037276653415	0.7118194403245723	-0.22835779021570443	0.1869783508163548
3,7,11	-0.04983558501621438	0.055954780290987494	0.373255216812326	-0.25734694319341594	0.1576757731609872
3,8,9	-0.013252884896703572	0.05780239125320074	0.8186810559312375	-0.22761620921796147	0.20111043942455434
3,8,10	0.001225332041165296	0.05608323191341753	0.9825715482194939	-0.20676239599205046	0.20921306007438104
3,8,11	-0.009761750615126408	0.05602123962640721	0.8616902037383921	-0.21751957686681206	0.19799607563655924
3,9,10	0.0563250105413914	0.05588831242593573	0.31369531511383175	-0.15093984792871984	0.26358986901150266
3,9,11	-0.025932095800951155	0.05575479881385056	0.64191582410178	-0.23270181174999707	0.18083762014809476
3,10,11	-0.008929764235913573	0.055474237937187525	0.8721361431389986	-0.21465900485354067	0.19679947638171352
4,5,6	-0.04515998346919776	0.05581720234728964	0.41859484465345487	-0.25216112632961135	0.16184115939121582
4,5,7	0.05774581221998473	0.056010350483979975	0.30270286237225075	-0.14997163105239675	0.2654632554923662
4,5,8	-0.059255198429735756	0.056095637848029886	0.29097844742738066	-0.2672889345489002	0.14877853768942867
4,5,9	-0.010123144548363744	0.05583063298585336	0.8561401568135871	-0.21717409566528467	0.19692780656855718
4,5,10	-0.014904519918047407	0.05551358721076798	0.7883610472743339	-0.220779689465455	0.19097064962936017
4,5,11	0.05116168849105632	0.055464852057632894	0.35644963158365806	-0.15453274407971687	0.25685612106182953
4,6,7	0.207784821722179	0.057567740910311485	0.0003163034851588771	-0.005708288989151877	0.42127793243350986
4,6,8	-0.02886318947696359	0.05781998353902662	0.6177133520811549	-0.24329175575085155	0.18556537679692436
4,6,9	0.0812908798250684	0.05707142354819697	0.1545328999099689	-0.13036161084694298	0.2929433704970798
4,6,10	0.023223381144554495	0.055892765408030086	0.6778321069173078	-0.18405799145281335	0.23050475374192234
4,6,11	-0.04660013439484034	0.055788142015056594	0.40366973333052414	-0.25349350542629845	0.1602932366366178
4,7,8	0.01661917295972945	0.05712512746443735	0.7711455467415433	-0.1952324816182167	0.2284708275376756
4,7,9	-0.007259935346702474	0.057594053859404234	0.8997052691290685	-0.2208506290665893	0.20633075837318438
4,7,10	-0.053930130663955717	0.056036950166834264	0.335991711055854	-0.2617462203127052	0.15388595898479382
4,7,11	0.005252656910054915	0.05596357077988666	0.925233237587282	-0.20229130127524286	0.2127966150953527
4,8,9	-0.10361080962102423	0.05783799847402015	0.07341739288948097	-0.3181061852650597	0.11088456602301122
4,8,10	0.024710438548265518	0.056156197812908294	0.659974097064933	-0.18354788750758938	0.23296876460412042
4,8,11	0.008550536473604334	0.056066323939815955	0.8788057626828397	-0.19937448741623276	0.2164755603634414
4,9,10	0.04195795601201391	0.05591716530911653	0.4531480755238996	-0.1654139049509146	0.24932981697494241
4,9,11	0.024452660433781442	0.055787329040820836	0.6612136747342408	-0.1824376956383301	0.23134301650589298
4,10,11	-0.06356239717518594	0.05550180704024418	0.2522836339140644	-0.26939387931693776	0.14226908496656587
5,6,7	-0.14163583018539025	0.057643397973497656	0.014111038531376902	-0.35540951924687847	0.07213785887609794
5,6,8	0.07022263289952785	0.05789708357889372	0.2253508706460959	-0.1444918630823339	0.28493712888138956
5,6,9	-0.03118037995663417	0.05720915572874822	0.5858122944681606	-0.24334365794122662	0.18098289802795828
5,6,10	-0.0199910762345899	0.055873747195739835	0.7205472633321521	-0.2272019187531704	0.1872197662839906
5,6,11	0.004182957667576898	0.05578448891816686	0.9402365643941815	-0.20269686565458458	0.21106278098973838
5,7,8	-0.05792767207814059	0.05721632853100828	0.3114834179154558	-0.2701175507915927	0.15426220663531154
5,7,9	-0.06794363712825749	0.057713926382068084	0.2392703122114536	-0.28197888464420506	0.14609161038769009
5,7,10	-0.03516755102977609	0.05602070385617994	0.5302502693695077	-0.2429233903483176	0.17258828828876543
5,7,11	-0.006659903554368872	0.05596398259706214	0.9052875174181909	-0.21420538898614963	0.20088558187741187
5,8,9	0.06911125244811384	0.057941546518828074	0.23313309279807445	-0.1457681367744388	0.28399064167066645
5,8,10	0.01098920615617894	0.05612898740158517	0.8448032641932304	-0.1971682086034318	0.21914662091578965
5,8,11	0.029164220458667775	0.0560578184753035	0.6029591238423133	-0.17872926045157528	0.2370577013689108
5,9,10	-0.011524223974941197	0.055899600347584615	0.8366925236184468	-0.2188309443188759	0.19578249636899347
5,9,11	0.011449383473389085	0.05579843983939408	0.8374481981462387	-0.19548217760194786	0.21838094454872603
5,10,11	-0.033573170645144534	0.05547413635453391	0.5451287340011383	-0.23930203453795368	0.1721556932476646
6,7,8	-0.22305686116790593	0.06089672711740139	0.0002574756215158323	-0.4488956990109304	0.002781976675118508
6,7,9	-0.17586034526062072	0.05923692593025295	0.003034205608899084	-0.3955437197659617	0.043823029244720285
6,7,10	-0.1121739966921256	0.05780499329648542	0.05248617133765208	-0.326546970832992	0.10219897744874076
6,7,11	-0.30996900964192703	0.057499592937117865	8.055536085386869e-08	-0.5232093898733795	-0.09672862941047458
6,8,9	0.34325638545429954	0.05950013617364135	9.544685079210375e-09	0.12259688138848779	0.5639158895201113
6,8,10	0.12725810459401338	0.05810538719127097	0.02865813864803908	-0.08822889670898146	0.34274510589700824
6,8,11	0.043758689528501024	0.05775016339523825	0.4487270665441392	-0.17041094492954734	0.25792832398654936
6,9,10	-0.27361057968664615	0.057164617146719235	1.853945180499186e-06	-0.4856086839077093	-0.061612475465583044
6,9,11	-0.10998891244579323	0.05700420706481149	0.05384589189069612	-0.32139212711874465	0.10141430222715822
6,10,11	0.10382204123097727	0.05583993545971874	0.06316986192839066	-0.10326340861824454	0.3109074910801991
7,8,9	-0.21092535786047695	0.06089667084386766	0.0005468393663366477	-0.43676398701002866	0.01491327128907477
7,8,10	0.0832950690522024	0.05722535214514172	0.14570859159463967	-0.12892827422700726	0.2955184123314121
7,8,11	0.04729709946143404	0.05708662803537656	0.40750198564525086	-0.16441177788153946	0.2590059768044075
7,9,10	-0.21232186902662523	0.05785546371092756	0.00025058746565479384	-0.42688201545543897	0.0022382774021885155
7,9,11	-0.012912699635614082	0.05750813470638043	0.8223680314389971	-0.22618475748480882	0.20035935821358064
7,10,11	-0.023705383794834826	0.0559869745402068	0.6720534998518813	-0.23133613610326614	0.18392536851359648
8,9,10	-0.0381420366946409	0.058133369310386526	0.511845424867226	-0.253732811214368	0.17744873782508624
8,9,11	0.15159532975017767	0.057716327958657235	0.008707120707833011	-0.06244882414369132	0.36563948364404664
8,10,11	-0.005548841632619983	0.05608147102683322	0.9211962317089419	-0.21353003932178277	0.2024323560565428
9,10,11	0.04060630924921724	0.055850644508763064	0.467299950573852	-0.16651885569316402	0.2477314741915985
