Params: 	562
Performance: 	0.9680505884789233
Term	Coefficient	Standard Error	p-value	95% CI lower	95% CI upper
Intercept	8.706721321978842
1	0.425684025095312	0.005810066377890807	0.0	0.4028422262525706	0.4485258239380534
2	0.4935583743629015	0.005865097233591542	0.0	0.47050022623009974	0.5166165224957032
3	0.010832245405898295	0.0058262883374066935	0.06322788252703826	-0.012073328738534509	0.0337378195503311
4	-0.036542672420314434	0.00580645511931469	4.255553600989762e-10	-0.05937027389651996	-0.013715070944108912
5	0.03272387032814596	0.005833629764397934	2.483687501640076e-08	0.009789433966374172	0.05565830668991774
6	0.5294146589798621	0.0061351968868819575	0.0	0.5052946362406994	0.5535346817190248
7	0.267409105755011	0.00616855792732771	2.1940278569372062e-253	0.2431579268249403	0.29166028468508165
8	-0.04227074238149331	0.00619740600622523	1.3931732240169617e-11	-0.06663533516474887	-0.01790614959823774
9	0.19575856727115515	0.006143704054731985	1.606474069376691e-164	0.17160509930019763	0.21991203524211267
10	0.1606307000028967	0.005890642805656583	1.825810592455435e-129	0.13747212155132046	0.18378927845447293
11	0.08383581898796966	0.005718058816466615	4.153798668718393e-45	0.06135574031731783	0.10631589765862148
1,2	-0.013530545258247925	0.0055174707562508675	0.014327011750918382	-0.035222028442428374	0.008160937925932529
1,3	0.015190487613339278	0.005476786823117215	0.005624268672571948	-0.006341050028685805	0.03672202525536436
1,4	0.01441579468395611	0.00549863114620789	0.008852830964064046	-0.007201622120446838	0.03603321148835906
1,5	-0.01085546615146405	0.005497282553018995	0.04851720672844428	-0.03246758107249116	0.010756648769563063
1,6	-0.06647466640321772	0.0060557823735263696	7.437125973839422e-27	-0.09028247750463302	-0.042666855301802434
1,7	-0.020570132020307084	0.005821794652645122	0.0004250208303032258	-0.04345803961212061	0.0023177755715064405
1,8	0.09400522408286344	0.005828193481531303	2.0206432321333213e-53	0.07109216002075493	0.11691828814497195
1,9	-0.019499000088499384	0.00605356443840309	0.0013092186718880962	-0.04329809156011406	0.004300091383115295
1,10	0.009806136326734688	0.005526031052646992	0.0762123155937161	-0.011919000959756641	0.03153127361322602
1,11	-0.012427246048623254	0.005467291180318792	0.023190294743904407	-0.03392145235076736	0.009066960253520849
2,3	-0.02729628535765535	0.005495542598101503	7.719220204791249e-07	-0.048901559788809223	-0.005691010926501473
2,4	0.009778172982581355	0.0055026855120182475	0.07580863981462785	-0.011855183228060992	0.0314115291932237
2,5	-0.0065303320574954665	0.0055267436781483055	0.23758883432069597	-0.02825827097262449	0.015197606857633557
2,6	-0.14114247805577512	0.006109699730291581	5.6184339962648e-99	-0.16516226081762614	-0.1171226952939241
2,7	-0.10618809043391947	0.005847025673794439	9.278607349210033e-66	-0.12917519171341318	-0.08320098915442575
2,8	-0.06617494295961872	0.005874342170898301	3.915634951186058e-28	-0.08926943680424888	-0.04308044911498855
2,9	-0.02457455665918011	0.006109395080749844	6.09729916440637e-05	-0.048593141716375576	-0.0005559716019846485
2,10	-0.0036043166310897644	0.005538239737240016	0.5152888831759936	-0.025377451358482888	0.01816881809630336
2,11	0.00046662079144359735	0.005483436893044372	0.9321980523421063	-0.021091061054397182	0.022024302637284374
3,4	-0.0036517035756117974	0.0054530020770466765	0.5031899325803124	-0.025089733441660978	0.017786326290437384
3,5	-0.0075710087981013235	0.005464634770544352	0.16615456782843563	-0.02905477164336126	0.013912754047158611
3,6	0.0016706747338361555	0.006043300822579553	0.7822465519002306	-0.022088066175015155	0.025429415642687466
3,7	-0.009785186269706215	0.0058053245361020045	0.09212552562100432	-0.03260834295085442	0.01303797041144199
3,8	-0.0006993726821491741	0.005822855481297904	0.9044162868958154	-0.023591450834695996	0.022192705470397648
3,9	0.0006814223789027088	0.006044424706696778	0.9102577837388794	-0.02308173698806225	0.024444581745867666
3,10	-0.0018164884177995343	0.005480753293580712	0.7403736364228881	-0.023363619912725793	0.01973064307712672
3,11	-0.015211923445016729	0.00543980965990205	0.005244728167604735	-0.03659808840642149	0.006174241516388028
4,5	0.0009162076130885318	0.005476372634064948	0.8671589261389672	-0.02061370167869072	0.02244611690486778
4,6	-0.028667513666547555	0.0060174626084397685	2.1139866504547644e-06	-0.05232467375833927	-0.005010353574755839
4,7	0.00807887411473595	0.005788828550284179	0.16307780766045865	-0.014679429952817798	0.030837178182289697
4,8	-0.012827513285963918	0.0058038764665858745	0.027270238792101036	-0.03564497700072475	0.009989950428796912
4,9	0.011131604388266735	0.006020654738074302	0.06470233885507286	-0.012538105299045855	0.03480131407557932
4,10	-0.0011488139739378243	0.005489718100076263	0.8342735177734123	-0.02273118986941253	0.02043356192153688
4,11	0.0004567593365148101	0.005447581680575453	0.9331917800223622	-0.02095996068593005	0.02187347935895967
5,6	-0.023124555777320463	0.006058888128347361	0.00014174754531638171	-0.04694457689877028	0.0006954653441293528
5,7	0.0027218753692741064	0.005799311495293629	0.6389032960482179	-0.02007764153572614	0.025521392274274354
5,8	-0.0009064089808950744	0.005837316921942663	0.8766263594077852	-0.02385534109976504	0.02204252313797489
5,9	0.002167284326478735	0.006055094484293471	0.7204566460546193	-0.0216378223949068	0.02597239104786427
5,10	0.0007929532869440353	0.0054862478445868975	0.885100996169881	-0.020775779584051184	0.022361686157939258
5,11	-0.018097705864851547	0.005452235720540638	0.0009277664666632184	-0.03953272286323034	0.0033373111335272473
6,7	0.06196062384186989	0.006139333747659547	4.250199663952506e-23	0.03782433737427858	0.0860969103094612
6,8	0.04811783463089054	0.006131559753201413	8.900673219986118e-15	0.024012110984111913	0.07222355827766916
6,9	-0.00268336193594914	0.006182687810476911	0.6643527245462255	-0.026990091341276615	0.021623367469378336
6,10	-0.08689844602891195	0.006109951465270491	9.954799371181806e-43	-0.1109192184661601	-0.0628776735916638
6,11	-0.00482216042082503	0.005897707555494125	0.41371893567981943	-0.028008513356231165	0.018364192514581105
7,8	0.09807672797319476	0.006170358157487475	4.67454004594939e-52	0.07381847158608568	0.12233498436030385
7,9	-0.04303743162536472	0.006126451210244137	3.4717512550604542e-12	-0.06712307145501974	-0.018951791795709702
7,10	-0.04114125116385592	0.005874871000925315	4.037845875335047e-12	-0.06423782406030983	-0.01804467826740201
7,11	-0.0027765845810539085	0.0057164124531184956	0.6272477511094967	-0.025250190709401765	0.01969702154729395
8,9	-0.038287525269721276	0.0061377200866138334	6.008127552602467e-10	-0.06241746776142501	-0.014157582778017538
8,10	-0.06491372299749686	0.005902170557824018	5.999384482446891e-27	-0.08811762186006177	-0.04170982413493195
8,11	0.003998791440719125	0.005731938882711148	0.4855332487053191	-0.018535855570543755	0.026533438451982007
9,10	0.06322205770836951	0.0061008722734330004	3.2191733107717106e-24	0.03923697936824834	0.08720713604849069
9,11	-0.03112020712742261	0.005894205796304779	1.5180164716729559e-07	-0.05429279318413986	-0.007947621070705357
10,11	-0.02548548613489032	0.005466465413480105	3.4566566820446103e-06	-0.046976446002519996	-0.003994526267260642
1,2,3	-0.0039040847239395935	0.005348490420732472	0.4655595508387904	-0.024931235595673843	0.017123066147794654
1,2,4	-0.0027849735712034782	0.00537197230373398	0.6042502324187637	-0.023904441537628808	0.018334494395221855
1,2,5	-0.013559870551918988	0.005377877414693854	0.011808943440483723	-0.034702553977156075	0.007582812873318103
1,2,6	-0.06410481384182401	0.005634723303664868	1.230076032837025e-28	-0.08625726578739784	-0.041952361896250186
1,2,7	-0.00523578471834317	0.005505511576366275	0.34177992412052005	-0.02688025136889373	0.01640868193220739
1,2,8	0.013527801616221864	0.005502382477256188	0.014082153619405038	-0.00810436323813862	0.03515996647058235
1,2,9	-0.06840455881193545	0.005628647748316763	3.0616327122064064e-32	-0.09053312521058206	-0.04627599241328885
1,2,10	-0.06445998626255725	0.005369849589217006	1.554919527614319e-31	-0.08557110895117616	-0.04334886357393834
1,2,11	-0.027798349269924257	0.005352952460168894	2.4039418042872564e-07	-0.048843042283280666	-0.006753656256567847
1,3,4	0.005561546165800568	0.005336548147402959	0.29753350302623194	-0.015418654639036716	0.026541746970637853
1,3,5	0.0078531407505206	0.005327299545450119	0.14069204294354273	-0.013090699935233147	0.02879698143627435
1,3,6	-0.012623258107770551	0.005579017062428896	0.02382544695737562	-0.034556705540514834	0.009310189324973728
1,3,7	0.002327739023282727	0.005461430178335468	0.670023443556105	-0.019143425230868698	0.02379890327743415
1,3,8	0.004055014973878448	0.005464671706944113	0.45819812972484786	-0.017428893083803933	0.025538923031560832
1,3,9	0.006768371719349678	0.005583085204016956	0.22562144727806008	-0.015181069277972772	0.02871781271667213
1,3,10	-0.002594397557568199	0.005340150879642475	0.6271719098229178	-0.023588762208349212	0.018399967093212816
1,3,11	0.0038416924351712834	0.005324285359874398	0.4707082399940742	-0.017090298227516072	0.024773683097858636
1,4,5	0.003976160642029308	0.0053478175502055065	0.45730887254262975	-0.017048344894484223	0.025000666178542838
1,4,6	0.017850116643140738	0.005594496119778282	0.0014539641729012147	-0.004144185432434368	0.03984441871871584
1,4,7	-0.007067028399348739	0.005495183287984894	0.1986615029296419	-0.028670890232285667	0.01453683343358819
1,4,8	0.009887540350868453	0.00548007936523427	0.07142404803374734	-0.011656941650106677	0.031432022351843586
1,4,9	3.855814885329878e-06	0.005595874105814497	0.9994503282158709	-0.02199586369963111	0.02200357532940177
1,4,10	-9.645315163976306e-05	0.005364312235319175	0.9856571917000303	-0.021185806188136168	0.02099289988485664
1,4,11	-0.0008935762628458979	0.005350115593267177	0.8673806993726443	-0.02192711636694137	0.020139963841249574
1,5,6	-0.0015344110167186502	0.005584206662627277	0.783531986105416	-0.023488260936473535	0.020419438903036234
1,5,7	0.00048708350615641466	0.0054728156233028276	0.9290954095202539	-0.021028841689912845	0.022003008702225674
1,5,8	-0.0015708453246106773	0.00548210063686913	0.7745103453475813	-0.02312327378903168	0.019981583139810327
1,5,9	-0.006038925168562411	0.005589291666308698	0.28014736149427577	-0.028012766362710925	0.015934916025586103
1,5,10	0.0025792688789557554	0.005345942746110029	0.62955302148675	-0.018437866019215085	0.023596403777126594
1,5,11	0.0020805067435656025	0.005324148262559647	0.696033761502141	-0.01885094493228722	0.023011958419418423
1,6,7	-0.11909680125055101	0.006047717317779905	1.272745186012124e-75	-0.14287290524760046	-0.09532069725350156
1,6,8	-0.04370117483116351	0.006047690537518346	8.515553173751722e-13	-0.06747717354381383	-0.01992517611851318
1,6,9	0.009548461473678566	0.005816015142052099	0.10088680893895521	-0.01331672444685119	0.03241364739420832
1,6,10	-0.011096398556057551	0.005615381564657195	0.048361060454194346	-0.03317281004306394	0.010980012930948836
1,6,11	-0.009288046687177365	0.005545132500619474	0.09418027176808913	-0.03108827974776395	0.012512186373409222
1,7,8	0.006536728261440042	0.005792400235660473	0.2593199473520965	-0.016235617593864247	0.02930907411674433
1,7,9	-0.012377513536992006	0.006058026785495494	0.041241110719147815	-0.036194148359753084	0.011439121285769068
1,7,10	0.00122616085164522	0.005498044667914102	0.8235573741520772	-0.020388950261507225	0.022841271964797665
1,7,11	0.011049470625438786	0.005445334200432665	0.04264828971074534	-0.010358413613387494	0.03245735486426507
1,8,9	-0.008780179377157107	0.0060455444588732405	0.14665247106254456	-0.032547740957849916	0.014987382203535703
1,8,10	0.023122989124934032	0.005503157350839817	2.8320214009755372e-05	0.0014877779187120327	0.04475820033115603
1,8,11	-0.018806168602663015	0.00544376888012163	0.0005690804743164487	-0.04020789891323037	0.0025955617079043425
1,9,10	-0.030883069891669182	0.0056154089311649304	4.5886662859599195e-08	-0.0529595889678534	-0.008806550815484968
1,9,11	0.018405875863391395	0.005545767668558779	0.0009291289731668607	-0.0033968543077886534	0.040208606034571444
1,10,11	0.0009780829213985182	0.005348410741943959	0.8549261880466719	-0.020048754699721904	0.02200492054251894
2,3,4	0.006336776394795209	0.005347666316120286	0.23625279686428302	-0.0146871345773316	0.02736068736692202
2,3,5	-0.005224054765077812	0.005349727149098688	0.3289969828907283	-0.026256067732823858	0.015807958202668233
2,3,6	0.011961557857185168	0.005592384900560368	0.032632466674459334	-0.010024444133407771	0.03394755984777811
2,3,7	0.003028382053865245	0.005473255584037943	0.5801509067801212	-0.018489272811704597	0.024546036919435087
2,3,8	-0.0016528369757896335	0.00548211185127601	0.763084968973125	-0.023205309528730362	0.019899635577151093
2,3,9	-0.0013100408744711745	0.005589431907002586	0.8147288806353299	-0.02328443341339116	0.02066435166444881
2,3,10	0.0005566498149652643	0.005346106167179727	0.9170884657124057	-0.020461127559720977	0.021574427189651506
2,3,11	-0.0012312957258921037	0.005328588342573053	0.8172946070019952	-0.022180203211698807	0.0197176117599146
2,4,5	-0.0009886804114157977	0.005361139709982272	0.853716262267441	-0.022065560925077554	0.020088200102245962
2,4,6	0.015259745155106433	0.005623006930416198	0.006740813283559542	-0.006846644831187375	0.03736613514140024
2,4,7	-0.010585911177800045	0.005493100757972382	0.05418472699011139	-0.0321815857150099	0.011009763359409803
2,4,8	-0.0029780836473259145	0.005489691032727051	0.5875777929814033	-0.024560353129739962	0.018604185835088133
2,4,9	-0.015131930439602467	0.0056187788039771475	0.007171553716775808	-0.037221697894014374	0.006957837014809436
2,4,10	-0.0009649123209934975	0.00536547051531866	0.8573086781802175	-0.022058819040190067	0.020128994398203072
2,4,11	0.011731042957114713	0.0053486043346572115	0.028465823765780204	-0.009296555757860052	0.03275864167208948
2,5,6	-0.00607329478561567	0.005629847142417802	0.28089473362123246	-0.028206576503676417	0.016059986932445078
2,5,7	-0.0024564309839665115	0.005500753423624848	0.6552664125397671	-0.024082191347753065	0.019169329379820042
2,5,8	0.009729462568824976	0.005512794649157608	0.07782110739337839	-0.011943636884319668	0.03140256202196962
2,5,9	-0.0005360996959043358	0.005624851964796009	0.9240842164177312	-0.022649743283348376	0.021577543891539704
2,5,10	-0.003894312761251356	0.005368286654356019	0.4683212678609642	-0.02499929089981231	0.0172106653773096
2,5,11	0.002612127417585132	0.005349017410096355	0.6253942334393592	-0.01841709526955692	0.023641350104727184
2,6,7	-0.06336564022522949	0.006124756584719899	3.791349373797384e-24	-0.0874446177737984	-0.039286662676660575
2,6,8	0.02571919831886382	0.006109462199813738	2.7353359658089495e-05	0.0017003493885804702	0.04973804724914717
2,6,9	-0.022280541326604196	0.0058712736284911495	0.00015464319251794477	-0.04536297144874897	0.000801888795540575
2,6,10	-0.007531573703754948	0.005652300509305458	0.18293988188252536	-0.02975312898986679	0.014689981582356891
2,6,11	-0.026728331927977696	0.005565994362817562	1.7553516573518167e-06	-0.04861058168662251	-0.004846082169332886
2,7,8	0.009450410696106679	0.005829900830046922	0.10525872824328542	-0.01346936566648373	0.032370187058697084
2,7,9	-0.0019759511400907273	0.006109952760602757	0.7464460957513178	-0.025996728669831316	0.02204482638964986
2,7,10	-0.011042014156970526	0.005511124427178731	0.04532483053477825	-0.03270854726956364	0.010624518955622584
2,7,11	0.018093597561809192	0.005459566624696185	0.0009450750362033688	-0.0033702402842441873	0.03955743540786257
2,8,9	0.03725913724898024	0.006108872728918231	1.409649548592604e-09	0.013242605775115296	0.06127566872284518
2,8,10	0.040840185545420266	0.005519173527282605	2.462871029392191e-13	0.019142008056759884	0.06253836303408064
2,8,11	0.010808736132219093	0.005461809642735365	0.048033853861774875	-0.010663919955058956	0.03228139221949714
2,9,10	-0.05583987124122784	0.005645728009044371	2.8088108104525377e-22	-0.07803558728229613	-0.03364415520015955
2,9,11	-0.004857552539978639	0.00555312601034885	0.3818784019636734	-0.02668921142764023	0.01697410634768295
2,10,11	-0.006879873332870431	0.005351390635505203	0.19880704514594288	-0.027918426160818393	0.014158679495077531
3,4,5	-0.0055851746177463454	0.005312958508138322	0.29334851503236203	-0.026472634692992984	0.015302285457500293
3,4,6	-0.00040001749170173436	0.005540471446936685	0.9424546776469487	-0.02218192600249959	0.02138189101909612
3,4,7	0.007114917290952325	0.005440050756217552	0.1911498661768113	-0.014272195520818027	0.028502030102722675
3,4,8	-0.0015865796676153635	0.005434691474979677	0.7703832056726061	-0.022952622905302526	0.0197794635700718
3,4,9	0.0036524395389814675	0.005542974053158383	0.5100583491379713	-0.018139307762663277	0.02544418684062621
3,4,10	0.0014601105275520452	0.005333826552477901	0.7843244447593113	-0.019509390550334415	0.022429611605438503
3,4,11	-0.006180734186175926	0.0053156467622394645	0.2451502808649334	-0.02707876291166211	0.014717294539310258
3,5,6	0.0018068318720063162	0.00555176455643085	0.7448923329675887	-0.020019474571379085	0.023633138315391718
3,5,7	-0.0023213554562558775	0.005450792334512016	0.6702706287407714	-0.023750697900993826	0.01910798698848207
3,5,8	-0.00014181774742340943	0.005454412819203839	0.9792609505038559	-0.021585393830413503	0.021301758335566683
3,5,9	0.003538541836854282	0.005550741413670977	0.5239197675918509	-0.018283742204791037	0.025360825878499603
3,5,10	-0.0029511026009578145	0.005321929630840179	0.5793216703188522	-0.023873831908399312	0.01797162670648368
3,5,11	-0.003234163258965042	0.005310184321357424	0.542599936833777	-0.02411071684669846	0.017642390328768374
3,6,7	-0.008768715956850885	0.006035144008264134	0.14648487721302086	-0.03249538902005772	0.014957957106355948
3,6,8	0.004783991158355188	0.006031526076696471	0.427829099389774	-0.01892845830399747	0.028496440620707848
3,6,9	-0.01580779192113474	0.005822068149084256	0.006713646108173075	-0.03869677474173923	0.007081190899469746
3,6,10	-0.005345328202634768	0.0055873017986503	0.33890327395916975	-0.02731134639549198	0.01662068999022244
3,6,11	-0.004020827053432393	0.005526225952440744	0.4669976309444841	-0.025746730572457716	0.017705076465592925
3,7,8	0.008315178354008274	0.005786868168547417	0.15098944002776646	-0.014435418633733703	0.03106577534175025
3,7,9	0.0024638669151187675	0.006039012612241381	0.6833480146770956	-0.021278015246935327	0.026205749077172862
3,7,10	-0.004259010398234182	0.0054584078582537495	0.4353785454833431	-0.025718292649176886	0.01720027185270852
3,7,11	-0.009825635626935083	0.005432417413606078	0.07073155312602167	-0.031182738579077583	0.011531467325207417
3,8,9	0.0015277442424989351	0.006034218904787108	0.8001696865923116	-0.022195291852357354	0.025250780337355224
3,8,10	0.0009064097767910451	0.005467734796296526	0.8683607696673268	-0.02058954056513983	0.02240236011872192
3,8,11	0.0011336111799488229	0.005426165579113181	0.8345472887209586	-0.02019891319828473	0.022466135558182377
3,9,10	0.007291367777199759	0.0055934839235704595	0.1926225710960402	-0.01469895493210572	0.029281690486505238
3,9,11	-0.0065903332127388945	0.005523018996729914	0.2329932518560936	-0.028303628848741894	0.015122962423264103
3,10,11	-0.0011738681621165613	0.005319633084369352	0.8253868190673055	-0.022087568785700114	0.019739832461466992
4,5,6	-0.008125220179406208	0.005540108176531439	0.1427257383302847	-0.02990570052243756	0.013655260163625144
4,5,7	0.0058524787478930074	0.005461616580129807	0.28411732852990124	-0.01561941832960557	0.027324375825391586
4,5,8	-0.008376579282279747	0.005461889638000167	0.12536504948031219	-0.029849549864372164	0.01309639129981267
4,5,9	-0.004044103665837004	0.005540682865705733	0.4655893604847433	-0.025826843352163686	0.017738636020489678
4,5,10	-0.003778322845785425	0.005329814821006274	0.4785136319414258	-0.024732052130834077	0.017175406439263227
4,5,11	0.0062397823099968625	0.005318402952378521	0.24091639989071248	-0.01466908215068303	0.027148646770676757
4,6,7	0.021155821682366353	0.006013796825603273	0.00045023918601411834	-0.0024869266852373187	0.044798570049970024
4,6,8	0.001651955401862134	0.006005753980062802	0.7833129075312008	-0.02195917317897666	0.025263083982700926
4,6,9	0.010048668937450645	0.0058087397168662055	0.08388519441053131	-0.01278791424641779	0.032885252121319083
4,6,10	0.0011404831341892004	0.005603426830058673	0.8387506865492966	-0.02088892929546443	0.02316989556384283
4,6,11	-0.00400082881803868	0.005528548380239057	0.46940233639728246	-0.02573586277123558	0.01773420513515822
4,7,8	0.001856103702296841	0.0057700948964810655	0.7477503341094103	-0.020828550543735315	0.024540757948328995
4,7,9	-0.00537518223531463	0.0060133783896253274	0.37155915603228595	-0.029016285556232917	0.01826592108560366
4,7,10	-0.008784791072838107	0.0054764591378722235	0.10893858582475104	-0.03031504044723198	0.012745458301555764
4,7,11	0.0025048978242456187	0.00543164056377475	0.6447565594476461	-0.018849151006579825	0.023858946655071062
4,8,9	-0.007365479671759458	0.006003449037340915	0.22009530939105273	-0.03096754655956877	0.016236587216049852
4,8,10	0.006154298975676806	0.005479168250391485	0.2615556535625172	-0.015386601052114555	0.027695199003468167
4,8,11	0.0007654666393098588	0.005432289327781862	0.8879628138001886	-0.02059113275393313	0.022122066032552845
4,9,10	0.004007990236609428	0.00560405963019105	0.47461955703010683	-0.018023909994799178	0.02603989046801803
4,9,11	0.0053047869685747245	0.005528056440006306	0.3374319637015496	-0.016428312961995185	0.027037886899144638
4,10,11	-0.006527142325453473	0.0053340098202553626	0.22129667414317125	-0.027497363905557095	0.01444307925465015
5,6,7	-0.02135508114658741	0.006037048525377153	0.00041863307360776774	-0.04508924166242537	0.0023790793692505426
5,6,8	0.010992573351526782	0.006048422757263085	0.06938531166562488	-0.012786304022920192	0.034771450725973756
5,6,9	-0.008331832726051147	0.005831627480613283	0.15332525251777412	-0.03125839727355088	0.014594731821448582
5,6,10	3.156852909003312e-05	0.005585709652454208	0.9954915328026304	-0.021928190271744093	0.021991327329924155
5,6,11	-0.00020996757775145446	0.00552495234752899	0.9696908100973669	-0.02193086402365449	0.021510928868151577
5,7,8	-0.0030677167251342563	0.00578111359917919	0.5957571312685115	-0.025795690095969576	0.019660256645701063
5,7,9	-0.012287257385782839	0.006041599460537116	0.042180118131536014	-0.03603930952947995	0.011464794757914273
5,7,10	-0.0027118833045390407	0.0054594135720455175	0.6194610415667023	-0.024175119436664987	0.018751352827586904
5,7,11	-0.0027878231308893714	0.005432585579969064	0.6079231285494759	-0.02414558721527815	0.018569940953499408
5,8,9	0.010558004482511582	0.006041852342817862	0.08079424003980118	-0.013195041847105623	0.03431105081212879
5,8,10	-0.001251393347432319	0.0054724795277729405	0.8191617342517933	-0.02276599721152595	0.02026321051666131
5,8,11	0.003472915530242293	0.005438106696964311	0.5231806064516737	-0.01790655437221985	0.024852385432704432
5,9,10	0.0011041695580806836	0.005594841146301702	0.843581119701436	-0.02089148896093771	0.02309982807709908
5,9,11	6.842887034694267e-05	0.005524929912650045	0.9901200050230888	-0.021652379374671873	0.021789237115365758
5,10,11	-0.0032771925790334028	0.005319440317205376	0.5379522785680395	-0.0241901353543418	0.017635750196274995
6,7,8	-0.028783318722133133	0.006123347495028031	2.874705093689312e-06	-0.05285675655029275	-0.004709880893973523
6,7,9	-0.018716882405505668	0.006170323652711017	0.0024670811225344113	-0.04297500313991964	0.005541238328908311
6,7,10	-0.00767179304161411	0.006091977797811334	0.20814178186925644	-0.03162190348124195	0.016278317398013727
6,7,11	-0.03829817615206808	0.005884333172234148	1.086933004835181e-10	-0.06143194879799033	-0.01516440350614583
6,8,9	0.04029805343511816	0.006183957010824678	1.0319773271076978e-10	0.01598633427285001	0.0646097725973863
6,8,10	0.008694529078326577	0.00610344632915495	0.15453749091720853	-0.015300668950484306	0.03268972710713746
6,8,11	0.0034183227023439284	0.0058748118873576324	0.560762911093468	-0.01967801779397304	0.026514663198660894
6,9,10	-0.017610628942255905	0.005879935116325542	0.0027968432013378065	-0.04072711099254128	0.005505853108029469
6,9,11	-0.010915544585454122	0.0057170043074309266	0.05644525456452032	-0.0333914775404283	0.011560388369520055
6,10,11	0.018094105116392617	0.005544232506220203	0.0011291567151063117	-0.0037025896901206647	0.039890799922905895
7,8,9	-0.026835706222172313	0.006113130643425151	1.2277305607538851e-05	-0.0508689773372618	-0.0028024351070828277
7,8,10	-0.004436539358182931	0.005845359645952373	0.44800136424043513	-0.027417090786029562	0.0185440120696637
7,8,11	0.0043664923587329145	0.005681889954107142	0.44233613889183876	-0.01797139139973518	0.026704376117201008
7,9,10	-0.0199398917001274	0.006105517085756423	0.0011201395861782728	-0.0439432307384667	0.004063447338211901
7,9,11	-0.00046682110755495027	0.005878852727306675	0.9367214418103136	-0.0235790478342983	0.0226454056191884
7,10,11	-0.001341557089351091	0.005431843684860747	0.8049632601099289	-0.022696404474045855	0.02001329029534367
8,9,10	-0.011535607350731664	0.006091791189374613	0.05849927373411055	-0.0354849841546148	0.012413769453151471
8,9,11	0.016748263525963775	0.005873401099020519	0.0044206137181846475	-0.006342530571859593	0.039839057623787144
8,10,11	-0.0035675455567639007	0.0054431533383275995	0.5123158632654518	-0.024966855915316243	0.01783176480178844
9,10,11	0.010368098284865297	0.005543728163062915	0.06167868110602005	-0.011426613737941703	0.0321628103076723
1,2,3,4	-0.00017623215996941588	0.005278647618043191	0.9733720951885103	-0.020928801788413123	0.020576337468474294
1,2,3,5	0.004748167659202315	0.005275436100092769	0.3682617906600094	-0.015991776150148764	0.025488111468553395
1,2,3,6	0.0029736390018915244	0.0053210572681302104	0.5763661892599001	-0.01794566068319405	0.0238929386869771
1,2,3,7	-0.003798523123619087	0.005338487538139745	0.4768821415877246	-0.024786348483875516	0.017189302236637345
1,2,3,8	0.0017864065754275259	0.005352000751895668	0.7385980262378972	-0.019254544875006864	0.022827358025861916
1,2,3,9	-0.0022162902020455393	0.005319011996108598	0.6769872595923752	-0.02312754906813563	0.01869496866404455
1,2,3,10	0.002695086387479624	0.005281866371452428	0.609962436028129	-0.018070137505668864	0.023460310280628113
1,2,3,11	0.003762933920191749	0.005273476949521386	0.4756303509088814	-0.016969307649573145	0.024495175489956642
1,2,4,5	-0.003967547298252515	0.005290366512962045	0.4534184335552268	-0.024766188799715486	0.016831094203210457
1,2,4,6	-0.012472099099860509	0.005334100201022065	0.019531123510398134	-0.03344267600452637	0.008498477804805348
1,2,4,7	0.011284580301655248	0.0053527461250978785	0.035208921740140814	-0.009759301522313676	0.03232846212562417
1,2,4,8	0.0015098457609139053	0.0053726557825661105	0.7787373328220452	-0.019612309246412753	0.02263200076824056
1,2,4,9	0.0006176040688995743	0.005332143322489297	0.9078081312465291	-0.020345279528513328	0.021580487666312476
1,2,4,10	0.004122949498448503	0.005297634792312213	0.4365582239834739	-0.01670426664640945	0.024950165643306453
1,2,4,11	-0.012568002085003716	0.005286219536929478	0.017576510668317252	-0.033350340090743814	0.008214335920736381
1,2,5,6	0.02009941855344663	0.005340795818183755	0.00017522339316187053	-0.0008974816202471508	0.04109631872714041
1,2,5,7	-0.00837789148574965	0.005363560500042632	0.11853473966112621	-0.029464289136738736	0.012708506165239435
1,2,5,8	-0.0005632374464731235	0.005387189166169985	0.9167482665709417	-0.021742529257958738	0.02061605436501249
1,2,5,9	0.00436879712702587	0.0053365911426115995	0.41313885582709653	-0.016611572709943425	0.025349166963995164
1,2,5,10	0.008707629476549517	0.005289624592360061	0.09997393441132049	-0.012088095224993184	0.029503354178092217
1,2,5,11	0.004701076925229287	0.0052802286787505944	0.3734630450629596	-0.016057708513549065	0.02545986236400764
1,2,6,7	0.12033712328144296	0.005599817078325773	1.0267556470331663e-87	0.09832190229429486	0.14235234426859106
1,2,6,8	-0.02601440831210253	0.005651726640045415	4.580424951861771e-06	-0.04823370747834459	-0.003795109145860478
1,2,6,9	0.06816522527372891	0.0055126645155808745	2.937062854748844e-33	0.04649263743005464	0.08983781311740319
1,2,6,10	0.059409649665289485	0.005345442345308663	1.847088995327262e-27	0.03839448205177636	0.0804248172788026
1,2,6,11	0.0347318198879376	0.005333281203493379	1.0607709304624934e-10	0.013764462804799798	0.055699176971075404
1,2,7,8	-0.05018636056919771	0.005517322946495699	3.480181198565134e-19	-0.07187726265146384	-0.02849545848693158
1,2,7,9	0.001450282329933791	0.005599832406113017	0.7956871148925506	-0.020564998917151148	0.023465563577018733
1,2,7,10	0.023634371665628453	0.005364893292481841	1.1442034911269628e-05	0.0025427342506133717	0.04472600908064353
1,2,7,11	-0.019544396631183823	0.005348075083210743	0.0002681383141667442	-0.04056991463755886	0.0014811213751912133
1,2,8,9	-0.017862772390755625	0.005644310240877917	0.0015887815305895313	-0.04005291459270445	0.004327369811193197
1,2,8,10	-0.014517025915310577	0.00538732600355063	0.007138193650562356	-0.035696855691721124	0.0066628038610999744
1,2,8,11	0.0004706221603855282	0.00535995080033927	0.9300466314929166	-0.020601584252647884	0.02154282857341894
1,2,9,10	0.002021579543204288	0.00533521552873511	0.7048157266187245	-0.01895338218077483	0.02299654126718341
1,2,9,11	0.005363774324032466	0.005320499711190257	0.3135808810163628	-0.01555333337173019	0.026280882019795122
1,2,10,11	0.01663405181594577	0.005300636588256285	0.001739150276483444	-0.004204965643159187	0.03747306927505073
1,3,4,5	0.00353441754962657	0.005257783342700004	0.5015612855711584	-0.01713612589367712	0.024204960992930263
1,3,4,6	0.0071798902585734755	0.005313062378667468	0.17681710022271352	-0.013707978175128668	0.02806775869227562
1,3,4,7	-0.0013744572107316898	0.005325701312802105	0.7963866230666661	-0.02231201457607644	0.01956310015461306
1,3,4,8	-0.0009216285763109389	0.005341776363791775	0.8630464025999856	-0.021922383684540366	0.02007912653191849
1,3,4,9	5.109348927971212e-05	0.005312110037996056	0.9923273208636249	-0.02083303089527887	0.020935217873838296
1,3,4,10	0.00028558229191805434	0.0052769454507092806	0.9568489083717044	-0.020460295405434155	0.021031459989270265
1,3,4,11	0.004937915817855261	0.0052642382902494235	0.3484154786710214	-0.015758004721659474	0.025633836357369995
1,3,5,6	0.0020743431419852293	0.005305646221838184	0.695885222901014	-0.01878436928015647	0.022933055564126927
1,3,5,7	0.004693279781915822	0.005317228976466417	0.3775883279762384	-0.016210969288872387	0.02559752885270403
1,3,5,8	-0.0022091789698674928	0.005328166059609944	0.6784875534760058	-0.023156426284882556	0.018738068345147574
1,3,5,9	-0.0030954294434031356	0.005304311732382563	0.5596134434336096	-0.02394889542983817	0.017758036543031902
1,3,5,10	-0.0017590093282566985	0.005260039357070799	0.7381250410714115	-0.022438422106795548	0.01892040345028215
1,3,5,11	0.0032265781901952848	0.005250807405558053	0.5389995863050272	-0.01741653992909793	0.023869696309488497
1,3,6,7	0.0020689782161038856	0.005548779535316422	0.7093062926734978	-0.01974559286189971	0.02388354929410748
1,3,6,8	-0.005276364366716656	0.005589575805387681	0.34536563258603326	-0.027251322630320728	0.016698593896887416
1,3,6,9	-0.002377880867355701	0.005467930523596142	0.6637245333089983	-0.023874600695091914	0.019118838960380514
1,3,6,10	0.005117834055062602	0.005316651259311333	0.3359276949914015	-0.01578414376817246	0.026019811878297664
1,3,6,11	-0.002563888976952172	0.005309704051682878	0.6292716625203776	-0.023438554423899798	0.018310776469995453
1,3,7,8	0.00017828635994323206	0.0054673106832637585	0.9739910644715555	-0.021315996616427427	0.02167256933631389
1,3,7,9	-0.0018376182549284846	0.0055458233009735266	0.7404330455072052	-0.023640567140378585	0.019965330630521617
1,3,7,10	-0.00821310218678432	0.005325992988258791	0.12330155878388986	-0.02915180625023468	0.012725601876666038
1,3,7,11	0.00023098266407916082	0.005315657528610238	0.9653469974497969	-0.020667088388509586	0.021129053716667907
1,3,8,9	-0.0011600651878503083	0.0055872060568701865	0.8355518015005216	-0.023125706979761303	0.02080557660406069
1,3,8,10	0.006189266604860882	0.005343930573020042	0.2470041104960351	-0.01481995760004608	0.027198490809767845
1,3,8,11	-0.00040070031207563826	0.005326200324314487	0.940041938326595	-0.021340219500202554	0.02053881887605128
1,3,9,10	-0.009745127264018959	0.005312357082939675	0.06682274712112313	-0.030630222885486082	0.011139968357448165
1,3,9,11	0.0005246419572054314	0.005300817046555769	0.9211745770815064	-0.020315084958884733	0.021364368873295597
1,3,10,11	0.002786534886003677	0.005268901493514156	0.5969911510959502	-0.017927718654204675	0.02350078842621203
1,4,5,6	-0.004113879919120655	0.005320005170215998	0.43949654004660743	-0.025029043367654654	0.016801283529413343
1,4,5,7	-0.0025799840064305544	0.005330325377982964	0.6284544846363438	-0.023535720504306187	0.018375752491445078
1,4,5,8	0.0018422850271715974	0.005353492933049582	0.7308068019163083	-0.019204532810931672	0.022889102865274867
1,4,5,9	-0.006339919435885865	0.005317446641317257	0.2333699435571102	-0.027245024238160543	0.014565185366388813
1,4,5,10	-0.0002764898033902506	0.0052714318512135745	0.9581778347211761	-0.021000691237101205	0.020447711630320702
1,4,5,11	-0.0020988855640580936	0.005263917308836105	0.6901581314801196	-0.02279354419150532	0.018595773063389134
1,4,6,7	-0.012717258019791648	0.005562640455196716	0.022405854440356438	-0.03458632216604758	0.009151806126464287
1,4,6,8	0.001578311860604498	0.005607160812658905	0.7783866367957161	-0.020465780415007753	0.023622404136216753
1,4,6,9	-0.004857681908212293	0.0054928464087651285	0.3766652154320965	-0.02645235649240095	0.016736992675976364
1,4,6,10	0.005452860393403202	0.005334575739153732	0.30689207434806376	-0.01551958605037617	0.026425306837182576
1,4,6,11	0.009082485068431966	0.005324583404789834	0.08829454779053225	-0.01185067733336501	0.030015647470228942
1,4,7,8	-0.007823138897617826	0.005499972360238809	0.15515495063153406	-0.029445828574843	0.013799550779607346
1,4,7,9	0.0011793096518213503	0.005557075638768999	0.8319710087130153	-0.02066787687563106	0.02302649617927376
1,4,7,10	0.0009890255635462905	0.005344501017024684	0.8532153707006063	-0.02002244129512013	0.022000492422212713
1,4,7,11	-0.005445594050072718	0.005330698756690197	0.3071852992770773	-0.026402798455674024	0.015511610355528588
1,4,8,9	0.0028791907864146307	0.005607750535507488	0.6077387444763538	-0.01916721993614886	0.024925601508978122
1,4,8,10	-0.0006694978509690858	0.005365949680254616	0.9007269542056111	-0.021765288367762398	0.020426292665824228
1,4,8,11	-0.0009801899901879128	0.005353657663181712	0.8547580374160306	-0.022027655451278036	0.02006727547090221
1,4,9,10	-0.0024679271174797308	0.005328285006384265	0.6433178465827802	-0.023415642061970145	0.01847978782701068
1,4,9,11	-0.0035956914066714793	0.005314762451692977	0.4988150737748466	-0.024490243537863624	0.017298860724520665
1,4,10,11	0.0037191135667905923	0.005290089929289053	0.4821623482491444	-0.017078440568675027	0.024516667702256214
1,5,6,7	0.004203467297220199	0.005550461035212771	0.4489984038011865	-0.017617714459541325	0.026024649053981722
1,5,6,8	-0.0006138211920882581	0.005597841685842184	0.9127016143852752	-0.02262127608590612	0.021393633701729604
1,5,6,9	-0.0006983375463258867	0.005486683896342336	0.8987398740842412	-0.0222687847189891	0.020872109626337326
1,5,6,10	-0.0033236183593465416	0.005322492744337989	0.532444889183215	-0.024248561501261867	0.017601324782568782
1,5,6,11	0.004687934680838972	0.005308127970976491	0.37731481246316545	-0.016180534534239045	0.025556403895916992
1,5,7,8	0.0008446996711705445	0.005476225600107126	0.8774381058648903	-0.020684631568677937	0.022374030911019024
1,5,7,9	0.0019486225858495881	0.0055488175021571	0.7255126133290764	-0.0198660977556703	0.023763342927369476
1,5,7,10	-0.004839371548015292	0.005330868464214642	0.3641538662501079	-0.025797243144812593	0.01611850004878201
1,5,7,11	-1.3729030549716054e-05	0.005315543285231309	0.9979396216986443	-0.020911350944675857	0.020883892883576425
1,5,8,9	0.004067751166973627	0.005601378772935398	0.4678456671134944	-0.01795360949428605	0.026089111828233303
1,5,8,10	0.004545097155478784	0.005347024795418536	0.3954709406193455	-0.016476291730690696	0.025566486041648264
1,5,8,11	-0.0007978336486201328	0.005324459278796058	0.8809119864573067	-0.02173050805926579	0.020134840762025527
1,5,9,10	-0.007543484856493067	0.00532053461060726	0.15649085460280274	-0.028460729756447735	0.0133737600434616
1,5,9,11	0.0006857878556121425	0.005301522044991761	0.8970956627450027	-0.020156710703934738	0.021528286415159026
1,5,10,11	0.0010061033782138278	0.005262900859527534	0.8484235251222415	-0.01968455916224745	0.0216967659186751
1,6,7,8	-0.040261668827702546	0.006053702858908385	4.308500708189021e-11	-0.06406130448816671	-0.016462033167238377
1,6,7,9	0.01918976374412981	0.00578939412209929	0.0009432926797840951	-0.00357076382257036	0.041950291310829974
1,6,7,10	-0.0005330239151921674	0.005587698914337215	0.924018097290896	-0.022500603335761392	0.021434555505377054
1,6,7,11	0.01358163813363451	0.005517173252630427	0.013959024265161065	-0.008108675439493142	0.03527195170676216
1,6,8,9	0.014256033769196895	0.005830628728127287	0.014618258477111071	-0.008666604264921569	0.037178671803315355
1,6,8,10	0.029502132129804872	0.00563856614483801	1.9553432953184287e-07	0.007334572369732485	0.05166969188987726
1,6,8,11	-0.004109063010048056	0.005553018498305688	0.4594543392422934	-0.025940299222940832	0.01772217320284472
1,6,9,10	-0.04086061749430949	0.0055085396334193446	2.1624704533170244e-13	-0.06251698870250053	-0.019204246286118463
1,6,9,11	-0.003987786874472099	0.005457548840422599	0.46510106957574426	-0.025443691967354073	0.017468118218409875
1,6,10,11	-0.006981770367566081	0.005326235378066378	0.19015152106434555	-0.027921427366639946	0.013957886631507786
1,7,8,9	-0.0031694642857174084	0.006069225239327396	0.601608271034738	-0.02703012491010295	0.020691196338668134
1,7,8,10	-0.002624897984376579	0.005511209485253822	0.6339537251770422	-0.02429176549580695	0.019041969527053795
1,7,8,11	0.0018508568418393791	0.005456286447085687	0.7345030497895713	-0.019600085255306113	0.023301798938984868
1,7,9,10	-0.012278620106599063	0.005583741732465059	0.028056641126529534	-0.0342306421916012	0.009673401978403069
1,7,9,11	0.005410168783408253	0.005511175245913473	0.32644676134154493	-0.016256564118867264	0.027076901685683774
1,7,10,11	-0.011193150949771434	0.005332714455298143	0.036015961591280156	-0.03215827990892096	0.00977197800937809
1,8,9,10	0.013792916321002381	0.005633706191027165	0.01448729338865537	-0.008355536929761478	0.03594136957176624
1,8,9,11	-0.006969135622246429	0.005553716203397203	0.20975869827257573	-0.028803114805411038	0.014864843560918179
1,8,10,11	0.007456013134277871	0.005353837712144939	0.16396801221544974	-0.013592160174525577	0.02850418644308132
1,9,10,11	-0.014570914285271314	0.005316429609097198	0.006215501303098378	-0.03547202070889139	0.006330192138348761
2,3,4,5	-0.0012859592100108227	0.005266957465075679	0.8071491399015542	-0.02199256996205668	0.01942065154203504
2,3,4,6	-1.8598288512439512e-05	0.005320464837595178	0.9972114543633509	-0.020935568881599857	0.020898372304574975
2,3,4,7	-0.000987186170726382	0.005336983202523451	0.8532812241122059	-0.02196909735904321	0.019994725017590444
2,3,4,8	-0.002550945544392526	0.005349096212705352	0.6335198541900495	-0.02358047803752059	0.018478586948735536
2,3,4,9	-0.0024931417469182906	0.0053185697852460604	0.6393198100167194	-0.023402662097316618	0.018416378603480034
2,3,4,10	0.0007917670552524069	0.005275626186814439	0.8807249825137993	-0.019948924064435023	0.021532458174939834
2,3,4,11	-0.004699424143215588	0.005262454062188706	0.37201967111212075	-0.0253883301366302	0.01598948185019903
2,3,5,6	0.00807633109999666	0.0053203957041698	0.12926273516151876	-0.012840367700706113	0.02899302990069943
2,3,5,7	-0.002458447255861841	0.005335619217424967	0.6450480866730781	-0.023434996048774265	0.018518101537050583
2,3,5,8	0.0009251187071262178	0.005350928408388534	0.8627657112103794	-0.020111616912870594	0.02196185432712303
2,3,5,9	0.007362667600765999	0.005314809509644374	0.16619854430138045	-0.013532069534897669	0.028257404736429667
2,3,5,10	0.0032845336601875115	0.0052711759571327284	0.533321845493105	-0.017438661746958586	0.02400772906733361
2,3,5,11	2.4157227776436946e-05	0.005261076704907167	0.996337090643545	-0.020659333798594217	0.02070764825414709
2,3,6,7	0.009527587959973306	0.00555501568256417	0.08656296346685374	-0.012311500018823165	0.03136667593876978
2,3,6,8	0.001011217096774186	0.0056028509594912125	0.8568022849069488	-0.0210159313450339	0.023038365538582267
2,3,6,9	0.0075067833541243275	0.005483295337954185	0.17123078680917217	-0.014050341979503864	0.029063908687752518
2,3,6,10	-4.6162620351843445e-05	0.005328814301003254	0.9930894968547523	-0.020995958443171203	0.020903633202467513
2,3,6,11	0.005921897210316959	0.005308959670662318	0.26486554101677773	-0.01494984176377681	0.026793636184410725
2,3,7,8	-0.0027241666563616136	0.00547638586403263	0.6189651073936042	-0.02425412796067236	0.018805794647949133
2,3,7,9	0.0025308406044892307	0.005551517223970934	0.6485516679722257	-0.019294493471640924	0.02435617468061939
2,3,7,10	0.0016617573465341406	0.005331756377203599	0.7553408262195274	-0.01929960500726394	0.022623119700332223
2,3,7,11	0.005707403831604375	0.005319359684762618	0.28349605294444313	-0.015205221943876846	0.026620029607085597
2,3,8,9	0.0001507298852635834	0.005596718674729152	0.978518302799001	-0.02185230998258493	0.022153769753112097
2,3,8,10	0.00021372268794079066	0.005346572936394217	0.9681202701738816	-0.020805889751581187	0.02123333512746277
2,3,8,11	-0.001489522034583456	0.005329799905868011	0.7799288970993385	-0.02244319268199086	0.019464148612823945
2,3,9,10	0.002806235555694427	0.0053237291457946395	0.5982027162318799	-0.018123568397014587	0.023736039508403438
2,3,9,11	0.006298784832994775	0.005300651141441934	0.23493410067130022	-0.014540289840764452	0.027137859506754004
2,3,10,11	0.0015287369751310186	0.005267945473619973	0.7717132619196723	-0.019181758051371588	0.02223923200163363
2,4,5,6	0.00673193807478226	0.005331457418103373	0.2069332807673842	-0.014228248945863765	0.027692125095428285
2,4,5,7	0.0006998292817337916	0.005352098644706841	0.8959873596185961	-0.020341507026248783	0.021741165589716366
2,4,5,8	-0.002466446772986291	0.005365321952889503	0.6458085298363687	-0.023559769431192555	0.018626875885219975
2,4,5,9	0.0014095361793068197	0.005327026580013308	0.7913595040987974	-0.019533231365247997	0.022352303723861634
2,4,5,10	-0.003097616270812867	0.00527743033797962	0.557337164284925	-0.02384540026264953	0.017650167721023798
2,4,5,11	-0.0013047439020440268	0.005273289383453859	0.8046189686222515	-0.022036248071217342	0.01942676026712929
2,4,6,7	-0.01742658038938598	0.005586960157434355	0.0018542076742880684	-0.03939125544785824	0.004538094669086275
2,4,6,8	0.005630485838355851	0.005632943108011663	0.31771058486856735	-0.016514967414196845	0.027775939090908548
2,4,6,9	0.005346004832855399	0.0054972671623365965	0.33099351192123494	-0.016266049580967744	0.026958059246678545
2,4,6,10	0.001963040767934198	0.005336209126354445	0.7130296618992815	-0.01901582720349122	0.022941908739359616
2,4,6,11	-0.0002002622844636359	0.005332500429888952	0.9700483088835986	-0.02116454982029267	0.020764025251365396
2,4,7,8	-0.003987652082901484	0.00549359854020972	0.46804963554080903	-0.02558528361009961	0.017609979444296646
2,4,7,9	-0.009580388238308308	0.0055804937178502104	0.08626430618183073	-0.03151964102057872	0.012358864543962107
2,4,7,10	0.01567738306888504	0.00535032666624389	0.0034478162421103563	-0.005356986851285092	0.03671175298905517
2,4,7,11	-0.01594665407434406	0.005337856438557119	0.002866584427290387	-0.03693199831841722	0.005038690169729097
2,4,8,9	0.02252014627046244	0.005625629389507706	6.609838415512522e-05	0.000403446301606384	0.04463684623931849
2,4,8,10	-0.005886145344213065	0.005369394359987135	0.2731799249723936	-0.026995478336498104	0.015223187648071972
2,4,8,11	0.006190504957956734	0.005348037490809872	0.24727251775827774	-0.014834865256981362	0.02721587517289483
2,4,9,10	0.0005950639477469606	0.005329738399684541	0.9111186304570601	-0.02035836489315101	0.02154849278864493
2,4,9,11	-0.002689905069659276	0.00532052134010065	0.6132443919094891	-0.023607097797706977	0.018227287658388422
2,4,10,11	-0.0017623517664649008	0.0052869141143596825	0.7389305558211745	-0.022547420446333233	0.01902271691340343
2,5,6,7	0.0038318207388144815	0.005593728759962436	0.4934547996566989	-0.018159464524660118	0.02582310600228908
2,5,6,8	-0.0065155341274102515	0.005643266658151877	0.24848295168676285	-0.028701573569570534	0.01567050531475003
2,5,6,9	-0.002069803512612276	0.005516405561730398	0.707567402152739	-0.023757098972009144	0.019617491946784596
2,5,6,10	0.007155307923360249	0.005337328252298806	0.18028301943814476	-0.013827959799812939	0.028138575646533437
2,5,6,11	0.005086600331365758	0.005321669045883289	0.3393396165386652	-0.01583510450771693	0.026008305170448446
2,5,7,8	0.008076088777143105	0.005502585104089843	0.1424341340090399	-0.013556872687974203	0.029709050242260414
2,5,7,9	0.0030369579448169346	0.0055896371817407255	0.5870045585140546	-0.018938241614878913	0.02501215750451278
2,5,7,10	-0.0035306174427826367	0.005360303699028099	0.5102326049497483	-0.02460421124803118	0.017542976362465906
2,5,7,11	0.004293202176598241	0.005342819626130894	0.4218083223840803	-0.016711654431844858	0.025298058785041343
2,5,8,9	-0.0003279620417911064	0.005637081780820314	0.9536148093988899	-0.022489686146623715	0.021833762063041502
2,5,8,10	0.003023224208831849	0.005371176446600399	0.5736283035576493	-0.0180931149106285	0.0241395633282922
2,5,8,11	-0.004136745906401695	0.005352300183712355	0.43972944599553787	-0.025178874548434087	0.0169053827356307
2,5,9,10	0.000557882780931121	0.005333422816744351	0.9167085973331025	-0.020410031043073616	0.021525796604935858
2,5,9,11	0.005482760291234422	0.005314211351718095	0.302399776314784	-0.015409625235662736	0.02637514581813158
2,5,10,11	0.0028141850970562696	0.005273664351238713	0.5936902515899658	-0.01791879322717089	0.023547163421283428
2,6,7,8	-0.0004778468081780701	0.006135684158149239	0.9379357163103338	-0.02459978521431345	0.02364409159795731
2,6,7,9	-0.011080353617948204	0.005822382064401724	0.057256636532142614	-0.03397057057084463	0.011809863334948219
2,6,7,10	-0.0005470739483818092	0.005624832085317092	0.9225347547270557	-0.022660639381286984	0.021566491484523366
2,6,7,11	0.008372563013390389	0.005532280523237826	0.13042450386584994	-0.013377143553523048	0.030122269580303826
2,6,8,9	-0.0016696859368737875	0.005880874890074216	0.7765191789435009	-0.024789862630477968	0.021450490756730393
2,6,8,10	0.004479528295992027	0.005676182331752101	0.43015309189813566	-0.017835916413896466	0.026794973005880518
2,6,8,11	-0.003483341743033306	0.005577681137566643	0.5324011655611776	-0.025411537096887624	0.018444853610821012
2,6,9,10	-7.211433382057521e-05	0.005527514907094048	0.9895927836698045	-0.02180308527221656	0.021658856604575408
2,6,9,11	0.017380097712617254	0.005472198859780184	0.0015284736368789318	-0.004133402728311277	0.03889359815354579
2,6,10,11	0.014121115980444878	0.005330449262585342	0.008168971729608196	-0.006835107559571615	0.03507733952046137
2,7,8,9	0.005997688312741941	0.006122101712400074	0.3274302172939809	-0.01807085182331937	0.030066228448803252
2,7,8,10	-0.008431728525983744	0.00552297957855198	0.12709188249653194	-0.030144869192657207	0.013281412140689721
2,7,8,11	-0.0011575427355921004	0.005468767836930726	0.832402663296368	-0.022657554391943162	0.020342468920758965
2,7,9,10	0.012664831028575272	0.005626974985264474	0.024571462945564945	-0.00945715903949836	0.03478682109664891
2,7,9,11	-0.005562532363479856	0.005527749672337807	0.3144651338554223	-0.02729442626215279	0.016169361535193078
2,7,10,11	-0.006357989192069188	0.005339138597337865	0.23394237915065966	-0.02734837413809813	0.014632395753959752
2,8,9,10	0.044359570282177505	0.005665287644296928	1.0166638647814502e-14	0.022086957141348628	0.06663218342300638
2,8,9,11	-0.00821948568214946	0.005562863754453122	0.1397705892468822	-0.030089427711094647	0.013650456346795726
2,8,10,11	0.004182247385722124	0.005356923762338352	0.4351126639370616	-0.016878058475990665	0.025242553247434914
2,9,10,11	0.008403672650839904	0.005322259809516251	0.11459070040580731	-0.01252035472695234	0.029327700028632147
3,4,5,6	-0.0008006951426981108	0.005284898735830008	0.8796002621093855	-0.02157784052737966	0.01997645024198344
3,4,5,7	-0.007049089967248037	0.005306666519956217	0.18430056972275716	-0.027911813607654025	0.013813633673157952
3,4,5,8	-0.0011278014062496558	0.005321039507821072	0.8321787474508218	-0.02204703126813833	0.019791428455639016
3,4,5,9	0.0011374480141105522	0.005287207424853287	0.8296986021626669	-0.019648773791876763	0.021923669820097868
3,4,5,10	-0.0006439570311316664	0.005256670148419274	0.9025200257765335	-0.021310124042536047	0.020022209980272713
3,4,5,11	0.0016221940186487219	0.005250797803933962	0.7574156277954301	-0.01902088635264786	0.022265274389945303
3,4,6,7	0.0006379411081366315	0.005507656306142728	0.907806985190935	-0.02101495737140511	0.02229083958767837
3,4,6,8	-0.0011911265006897282	0.005542072838626595	0.8298605228982613	-0.022979330751410378	0.020597077750030918
3,4,6,9	0.002848186033889309	0.005441709436370656	0.6007871202259161	-0.018545447742692366	0.02424181981047098
3,4,6,10	-0.0010512365276476362	0.005306583656862748	0.8429979412590013	-0.021913634398606358	0.01981116134331109
3,4,6,11	0.004421037858538247	0.005291094260863024	0.40355723214086736	-0.016380464724034857	0.02522254044111135
3,4,7,8	0.0003343458071046225	0.005452708356158802	0.951116019634866	-0.021102529319394204	0.02177122093360345
3,4,7,9	0.0009551624260469797	0.005517894254414459	0.8625980662929076	-0.020737985706386013	0.022648310558479975
3,4,7,10	0.002989805746236621	0.005323801116623779	0.5744921350014184	-0.017940281153876914	0.02391989264635016
3,4,7,11	-0.00026207865729069866	0.005310452307380971	0.9606468972661317	-0.021139685810068712	0.020615528495487312
3,4,8,9	-0.0026699759156267864	0.0055501392041561876	0.6305527527783839	-0.024489892420018082	0.019149940588764507
3,4,8,10	-0.002490673623372423	0.005341821651753769	0.6411092975345526	-0.023491606777505388	0.018510259530760544
3,4,8,11	-0.0017933036656252663	0.005322168405154528	0.7362099691237594	-0.02271697169467551	0.019130364363424978
3,4,9,10	0.00011617561459690293	0.005308873392568961	0.9825444651519284	-0.02075522416425798	0.02098757539345179
3,4,9,11	0.00010307019355897985	0.005293939502542607	0.9844696265913941	-0.020709618223026506	0.020915758610144462
3,4,10,11	0.0016550812948829619	0.005262240448447407	0.7531771803132479	-0.01903298489364967	0.022343147483415593
3,5,6,7	0.0009666541094213079	0.005525030319110069	0.861139473056611	-0.020754548875349728	0.02268785709419234
3,5,6,8	-0.0017860777419188827	0.005562862858035342	0.748208483031475	-0.02365601624667118	0.020083860762833416
3,5,6,9	-0.00387522754745286	0.005457314352386337	0.47777276262203405	-0.025330210769876394	0.017579755674970676
3,5,6,10	0.0005599027267756593	0.005303468605098361	0.9159377438245453	-0.020290248573979045	0.02141005402753036
3,5,6,11	0.001201547123224107	0.005287869636624864	0.8202834653994515	-0.019587278113962416	0.021990372360410626
3,5,7,8	0.0027840467085072504	0.005459470636036527	0.6101757333085264	-0.018679413766013262	0.024247507183027765
3,5,7,9	0.004587059768828428	0.005533721031360689	0.4072993407454658	-0.017168310037475695	0.026342429575132553
3,5,7,10	0.0005937364663244453	0.005313620452308282	0.911048198097795	-0.020296325988067618	0.02148379892071651
3,5,7,11	0.0007485361612357914	0.005307206228223092	0.8878593750876992	-0.02011630929790064	0.021613381620372227
3,5,8,9	-0.0015086397443091447	0.005565454705180883	0.7863792516206215	-0.02338876788327197	0.02037148839465368
3,5,8,10	-0.0020394037983685	0.005325645249538408	0.7018276667495073	-0.022976740755595935	0.01889793315885893
3,5,8,11	0.001021935093113718	0.005314197443074473	0.8475355223063552	-0.019870395753093212	0.02191426593932065
3,5,9,10	0.0035136101154938735	0.005306861420448672	0.508033903031445	-0.017349879760192997	0.024377099991180748
3,5,9,11	0.00018388753687318456	0.00528937923822215	0.9722722083182396	-0.02061087257502477	0.02097864764877114
3,5,10,11	0.0042247815326854465	0.005254442335774442	0.4215232024084238	-0.016432627016253476	0.024882190081624365
3,6,7,8	0.003152265927369894	0.006045918108350918	0.6021870752214544	-0.020616764625560353	0.02692129648030014
3,6,7,9	-0.006380199274372476	0.005791769760987082	0.2708437791206284	-0.029150066470272826	0.016389667921527875
3,6,7,10	0.009705408109798752	0.0055571381574990725	0.0809681530950216	-0.012142024204906909	0.031552840424504416
3,6,7,11	-0.004077624827434154	0.00549859231701801	0.45848022493690443	-0.025694888978065735	0.017539639323197426
3,6,8,9	0.008059777658954667	0.005822474392683332	0.16652228124297536	-0.014830802274998915	0.030950357592908248
3,6,8,10	-0.005018932129356559	0.005600391558597485	0.3703276944656484	-0.027036411638516646	0.01699854737980353
3,6,8,11	0.009673552328808881	0.005528787812841786	0.0804149606122482	-0.012062422934003475	0.03140952759162124
3,6,9,10	-0.002599318335540461	0.00547232030194805	0.6348724111789044	-0.02411329621637914	0.01891465954529822
3,6,9,11	-0.006427045821966241	0.005430835238132723	0.2368561452170814	-0.0277779285811633	0.014923836937230817
3,6,10,11	-0.001273280496014652	0.00529855785710534	0.8101307555926235	-0.022104125594304812	0.01955756460227551
3,7,8,9	-0.004683200273900666	0.006052258282633728	0.4391955924920017	-0.028477156701369445	0.019110756153568116
3,7,8,10	-0.001830243126024417	0.00547111684911477	0.7380357853951447	-0.023339489730876455	0.019679003478827617
3,7,8,11	0.010659833225154212	0.0054466929051772	0.05055042081084859	-0.010753392649798542	0.032073059100106965
3,7,9,10	-0.0018150220902199378	0.005562942141555358	0.7442732893991795	-0.02368527229162043	0.020055228111180552
3,7,9,11	-0.004922512748962295	0.005504657313925978	0.3713588852486943	-0.026563620936880753	0.016718595438956162
3,7,10,11	0.0010846231212833781	0.0053148463286052374	0.8383279402963293	-0.019810258765101355	0.021979505007668113
3,8,9,10	0.0006841993303945285	0.005601025792549424	0.9027945873873781	-0.021335773617464394	0.02270417227825345
3,8,9,11	0.004365702659946901	0.0055284676811315665	0.4298628006534301	-0.0173690140313359	0.026100419351229705
3,8,10,11	0.0002875267313649614	0.005330776676853921	0.9569936804650518	-0.02066998401096123	0.021245037473691154
3,9,10,11	0.0001343803431647383	0.005301292463016103	0.9797808601463982	-0.020707215633698085	0.020975976320027564
4,5,6,7	-0.004635795833336785	0.005512056155735623	0.4004891009142375	-0.026305991960237883	0.01703440029356431
4,5,6,8	0.008470644545374169	0.0055490520860588515	0.1271316950406056	-0.013344998043491454	0.03028628713423979
4,5,6,9	0.0012628465756855372	0.005466884332412017	0.8173522455676412	-0.020229760237323376	0.022755453388694453
4,5,6,10	0.001345414981865108	0.005307638435069507	0.7999329569746607	-0.019521129662995233	0.022211959626725446
4,5,6,11	-0.004126415705532434	0.00529236612192655	0.43571630725143806	-0.024932918505431716	0.01668008709436685
4,5,7,8	-0.003150194434493332	0.0054710750893164455	0.5648578394866584	-0.024659276864127565	0.0183588879951409
4,5,7,9	-0.002396615070826953	0.005517796552369808	0.6641127509677154	-0.024089379095694682	0.019296148954040776
4,5,7,10	-0.009576166249549064	0.00532236339544433	0.07221745616412054	-0.030500600866911087	0.011348268367812957
4,5,7,11	0.00021918719646591388	0.00531264922115191	0.9670969628608783	-0.020667056942392258	0.021105431335324082
4,5,8,9	0.006425441295165128	0.00554984560858514	0.2471741494866643	-0.015393320962348626	0.028244203552678884
4,5,8,10	0.0046673522738721294	0.005335354909683427	0.3818484999017744	-0.016308157414859352	0.02564286196260361
4,5,8,11	-0.003160810620779584	0.005327710002753641	0.553100246797785	-0.024106264985715428	0.01778464374415626
4,5,9,10	0.0026509632998608307	0.0053124262051333524	0.6178568273309983	-0.01823440406983443	0.02353633066955609
4,5,9,11	0.0018972064293831994	0.005291560567103072	0.7200025615838329	-0.01890612939787964	0.022700542256646042
4,5,10,11	-0.00019803253537605155	0.005261426373990939	0.9699817288053023	-0.020882898257034772	0.020486833186282673
4,6,7,8	0.00863293261066511	0.006023088160512996	0.15201441212526753	-0.015046343877132858	0.03231220909846308
4,6,7,9	0.004452996124049554	0.005759968845394402	0.4396096155542988	-0.018191848383685455	0.02709784063178456
4,6,7,10	-0.008411219702008137	0.005572948480440111	0.13147036620233424	-0.030320809003014714	0.01349836959899844
4,6,7,11	0.007248268266484795	0.005505260469368219	0.18820584667868812	-0.014395211177523785	0.028891747710493375
4,6,8,9	-0.008959275560596652	0.00581087467599592	0.12336648761287584	-0.031804252160960986	0.013885701039767679
4,6,8,10	-0.0009931901128074133	0.00561212930373241	0.8595583297720106	-0.023056815603063278	0.02107043537744845
4,6,8,11	-0.0017027337327101327	0.005534084751951362	0.7583749962197597	-0.0234595334766478	0.02005406601122753
4,6,9,10	-0.012401679537863506	0.0054828964545701195	0.023871677238709962	-0.0339572366942235	0.009153877618496488
4,6,9,11	0.0009156117567101114	0.0054336207454559575	0.8662098105781441	-0.020446221995782724	0.022277445509202947
4,6,10,11	0.0034792278954659207	0.005308856884505952	0.5123518890483265	-0.017392106983294884	0.024350562774226727
4,7,8,9	0.0003084797275303766	0.006029305949587583	0.959203307494092	-0.02339524148741025	0.024012200942471005
4,7,8,10	0.012416183737147061	0.005489779393780818	0.02388369493201403	-0.009166433129493673	0.03399880060378779
4,7,8,11	-0.0022459779462286247	0.005448588628435369	0.6802524840336693	-0.02366665670149431	0.019174700809037055
4,7,9,10	0.003426617593778037	0.0055773780193193205	0.5390748446541105	-0.018500386075578964	0.025353621263135038
4,7,9,11	0.0029836021765509684	0.005504055831517803	0.5878623039112393	-0.01865514133267341	0.02462234568577535
4,7,10,11	0.004970307234753772	0.005327396315513572	0.35101079736762875	-0.015973913894557695	0.02591452836406524
4,8,9,10	-0.00768396652114013	0.005616199843381568	0.17149617710039813	-0.029763595003754445	0.014395661961474184
4,8,9,11	-0.0023387921849586987	0.005536675006661273	0.6727907548667977	-0.02410577530257698	0.01942819093265958
4,8,10,11	-0.0003639790127532823	0.005344440578242859	0.945713299399662	-0.021375208261312183	0.02064725023580562
4,9,10,11	-0.0047816563312018424	0.005308238506461958	0.36786460995086934	-0.025650560107463815	0.01608724744506013
5,6,7,8	0.008538226863409895	0.00604365317872949	0.15796962532245165	-0.01522189930470945	0.03229835303152924
5,6,7,9	-0.004586212037438378	0.005783303710481793	0.4279195268919975	-0.027322795651008213	0.018150371576131457
5,6,7,10	0.00808030959066134	0.005556554712249076	0.14613762595237184	-0.01376482895695641	0.02992544813827909
5,6,7,11	-0.0005066746619294127	0.005499449237843138	0.9266076669123487	-0.022127307726414754	0.021113958402555928
5,6,8,9	0.003525856549519469	0.005834551383073477	0.5457470672101179	-0.019412203080392	0.02646391617943094
5,6,8,10	-0.0025506884648947466	0.0056004348982366375	0.648866579542412	-0.024568338360287118	0.019466961430497625
5,6,8,11	0.001380184528508254	0.005534348610523376	0.8031028595647718	-0.02037765255373725	0.02313802161075376
5,6,9,10	-0.0010635062890237352	0.005473996385680147	0.8459848603589796	-0.022584073555415363	0.020457060977367894
5,6,9,11	-0.0004448512966842618	0.005443556985767507	0.9348815919854337	-0.021845748561999126	0.0209560459686306
5,6,10,11	0.004492104460722818	0.005302378297648234	0.39704942740620486	-0.016353760385827625	0.02533796930727326
5,7,8,9	0.007843666195676221	0.006052260054583337	0.19521269377185405	-0.01595029719806694	0.03163762958941938
5,7,8,10	-0.0054602415511111	0.005477024012420268	0.3189840750610391	-0.02699271168340318	0.016072228581180983
5,7,8,11	0.0044516347387096	0.005449695291328389	0.4141607948686824	-0.016973394770840974	0.025876664248260173
5,7,9,10	-0.0025094744723114593	0.00556464607655144	0.6520893644032923	-0.024386423554222113	0.019367474609599197
5,7,9,11	-0.005691263959409651	0.005502395892121394	0.3011797682116343	-0.027323481553211067	0.015940953634391766
5,7,10,11	0.0007448111096263667	0.005313388886633717	0.8885427634110072	-0.020144340963332286	0.021633963182585023
5,8,9,10	0.0050741056265037	0.005608407547238514	0.3657776494658769	-0.016974888083726596	0.027123099336733993
5,8,9,11	-0.0005237525443260206	0.005535348041549323	0.9246317722709827	-0.02228551880757688	0.02123801371892484
5,8,10,11	-0.00279657812164794	0.005329284186890367	0.5998431343115709	-0.023748221262245513	0.018155065018949635
5,9,10,11	0.00264978905330839	0.0053042848207190225	0.6174733697762498	-0.01820357113213142	0.023503149238748196
6,7,8,9	0.02115834501959857	0.0061719860740841025	0.0006270667576992997	-0.0031063113879258517	0.045423001427122994
6,7,8,10	0.018929292111146336	0.006113019911384269	0.002000390434559955	-0.0051035436700177204	0.042962127892310395
6,7,8,11	-0.007285013338353278	0.005892706343783037	0.21658267397761563	-0.030451704420616163	0.015881677743909604
6,7,9,10	0.03195688212522649	0.005842198400150946	5.406921371212638e-08	0.00898875887564705	0.05492500537480592
6,7,9,11	0.012641871681112679	0.005692622202107467	0.02654263815947686	-0.009738205029037803	0.03502194839126316
6,7,10,11	0.029232912773379117	0.005519149772892337	1.3872875356659392e-07	0.007534828673153367	0.05093099687360487
6,8,9,10	-0.03287156621283703	0.005894588662905954	2.9894476877780404e-08	-0.05604565747815585	-0.00969747494751821
6,8,9,11	0.002703086780064909	0.005730905792022505	0.637243930774114	-0.019827498719992856	0.025233672280122674
6,8,10,11	-0.00955659754303912	0.0055619723569325305	0.08600142779695241	-0.03142303511583355	0.012309840029755315
6,9,10,11	0.015238827989337954	0.005450387111221137	0.0052526479329275885	-0.00618892135330879	0.036666577331984695
7,8,9,10	-0.019346403259173615	0.00613320660682921	0.0016458796706656795	-0.043458601375750514	0.004765794857403281
7,8,9,11	-0.001704843856162666	0.0058970921047349365	0.7725523783617984	-0.024888777197449793	0.02147908948512446
7,8,10,11	-0.011285820926283902	0.005454385961574192	0.03873443855494551	-0.03272929142070859	0.010157649568140779
7,9,10,11	-0.003789042911550855	0.005526833343018164	0.49310710274612235	-0.025517334336752462	0.017939248513650752
8,9,10,11	0.0011144398812248878	0.005566162331937954	0.8413427391861917	-0.02076847023422314	0.022997349996672915
