Params: 	562
Performance: 	0.9680505884789233
Term	Coefficient	Standard Error	p-value	95% CI lower	95% CI upper
Intercept	7.026743732869718
1	-0.23460353245117552	0.13446622181562953	0.0812766960265022	-0.7632464411697274	0.2940393762673764
2	0.41097108377098324	0.13696622746938866	0.002747258997243861	-0.12750039187516593	0.9494425594171324
3	-0.054637486612941266	0.13434062047881637	0.6842900114595577	-0.5827866039901786	0.473511630764296
4	0.08102278344817282	0.1343592951654702	0.5465950771160633	-0.4471997519260811	0.6092453188224267
5	-0.13125966509251352	0.13648112099320683	0.3363607178431436	-0.6678239844644379	0.40530465427941087
6	-0.0653036461794283	0.13439334817879373	0.6271111173636725	-0.5936600581791343	0.46305276582027766
7	-0.2945171971599199	0.1359585467114381	0.03047786528739673	-0.8290270586568063	0.23999266433696648
8	0.14817135034327877	0.14132667922169823	0.29463774000755616	-0.4074428832873138	0.7037855839738714
9	-0.09488560160189052	0.13445084661775086	0.4804863011007008	-0.6234680639925918	0.43369686078881076
10	-0.07782193213292521	0.1341592282597092	0.561968557651552	-0.6052579208966493	0.4496140566307989
11	0.0354402010911965	0.1342426148746132	0.7918215502653749	-0.4923236153013242	0.5632040174837172
1,2	1.818103693446183	0.14193315830673095	1.9627939405197772e-35	1.260105137096772	2.376102249795594
1,3	0.06330034125012451	0.13951523713260555	0.6501099252855905	-0.48519235656260185	0.6117930390628509
1,4	-0.14888414796954857	0.14133142191464168	0.2923382738675483	-0.704517027107979	0.40674873116888194
1,5	0.08658493492201697	0.1407159946972769	0.5384548140726035	-0.4666284426501513	0.6397983124941853
1,6	1.6780041565071686	0.1385753735743099	4.955522344307622e-32	1.133206455092402	2.2228018579219353
1,7	0.4713719976250366	0.14512118468257246	0.001191819392198429	-0.09916002262066131	1.0419040178707346
1,8	0.061411119441410256	0.14608342164032098	0.6742755842578855	-0.5129038563848953	0.635726095267716
1,9	0.2903858402167909	0.13871394215306204	0.036508519880230454	-0.2549566321861052	0.835728312619687
1,10	0.5868003526762349	0.1407444627457605	3.261445441054941e-05	0.033475055309245993	1.1401256500432237
1,11	0.14813426948951786	0.14137533360777918	0.29492467535057393	-0.4076712448644599	0.7039397838434955
2,3	0.08197827466510038	0.14328910952859047	0.5673425159281159	-0.4813510925625037	0.6453076418927044
2,4	-0.042368407973385036	0.14344168711719837	0.7677589560093008	-0.6062976214609482	0.5215608055141782
2,5	0.3530220043253713	0.1449886735737813	0.015034882100418631	-0.2169890593779103	0.9230330680286529
2,6	1.3270661891839393	0.1404795647991267	1.5994116126374835e-20	0.7747823163407543	1.8793500620271242
2,7	0.09808652803441431	0.15408847391472497	0.5245254328906377	-0.5076996534348025	0.7038727095036311
2,8	-1.0440814553464355	0.14805265266244824	2.8762511364912785e-12	-1.6261383012232251	-0.46202460946964574
2,9	1.1242237350390702	0.14041829994640026	2.634415301642177e-15	0.5721807199333172	1.6762667501448232
2,10	1.235486764719001	0.14232029857948073	1.1734627836417963e-17	0.675966198179186	1.7950073312588162
2,11	0.38826331445777723	0.14288751204911151	0.006671141242830551	-0.17348720525839095	0.9500138341739455
3,4	-0.056045537762271	0.14019138944306295	0.6893861873832932	-0.6071964728580159	0.495105397333474
3,5	0.12057665038476648	0.14055899589690166	0.3911432919007387	-0.4320194992964487	0.6731728000659817
3,6	0.31202138997820883	0.13940523369374616	0.02537726037041471	-0.23603883834811068	0.8600816183045283
3,7	0.022098044627848645	0.14417319524752914	0.8782061310593102	-0.5447070330027524	0.5889031222584495
3,8	-0.03773641664937752	0.14516489863711418	0.7949398915637784	-0.6084402947175718	0.5329674614188167
3,9	-0.018956005543803278	0.1387492304018977	0.8913521631798478	-0.5644372107991302	0.5265251997115237
3,10	0.07471000275674072	0.13931408350616753	0.591864947647976	-0.47299187609235555	0.622411881605837
3,11	0.24199402087139	0.1393634277676602	0.08272946621730715	-0.3059018508896201	0.7898898926324001
4,5	-0.018937898086058946	0.1400150323733206	0.8924305977739402	-0.5693954998445329	0.531519703672415
4,6	-0.3705913661797793	0.13917772902929426	0.007848352863106279	-0.9177571786004612	0.17657444624090268
4,7	-0.13913002250565365	0.14451472125017717	0.33586013305764817	-0.707277781569592	0.4290177365582847
4,8	0.02165019245653188	0.14515856494728316	0.8814598955039701	-0.5490287852302135	0.5923291701432772
4,9	0.0434227973865573	0.13955240272854855	0.7557314439507006	-0.5052160139145847	0.5920616086876993
4,10	0.05919222142781244	0.13927425050705208	0.670904628225814	-0.4883530572563425	0.6067375001119674
4,11	-0.10923042706549196	0.1409322648483192	0.43844959979360465	-0.6632940529764049	0.4448331988454209
5,6	0.27893596968542234	0.13976524663248405	0.04617315274686392	-0.27053961994532694	0.8284115593161716
5,7	0.18877571762190037	0.1425156456024427	0.18554147513737151	-0.37151283969681625	0.749064274940617
5,8	0.058085592445627277	0.14575272787429688	0.6903122963106463	-0.5149292879960861	0.6311004728873406
5,9	0.18053808966181972	0.13931803897190806	0.19525384042642205	-0.36717933977601314	0.7282555190996526
5,10	0.13369897022248955	0.14030104882103106	0.3407986206054785	-0.4178830817125224	0.6852810221575015
5,11	0.031934189797267476	0.14016571426703986	0.8198134862068885	-0.5191158054523851	0.5829841850469201
6,7	2.297527658655054	0.14695988627185982	1.4883835206346525e-50	1.7197669341050212	2.875288383205087
6,8	0.06155457196234859	0.1456365070400061	0.6726151063933901	-0.5110033958133912	0.6341125397380883
6,9	0.4816389163996469	0.14415612501099687	0.0008585583984184611	-0.08509905099783316	1.048376883797127
6,10	0.21785098458033364	0.1382793063044713	0.1154016359307188	-0.32578275267607043	0.7614847218367378
6,11	0.8639806773739032	0.1386387041133238	6.242901933389554e-10	0.31893399714569937	1.409027357602107
7,8	0.27598224871093247	0.1490795387879401	0.06436500997270708	-0.31011171564046625	0.8620762130623312
7,9	0.37945315278366454	0.1469142210866486	0.009909773477537277	-0.19812804284072982	0.9570343484080589
7,10	0.2960204656428318	0.14451346780522992	0.040725063900635	-0.2721223656052292	0.8641632968908928
7,11	0.0854757216966302	0.14272134185503454	0.5493459651396826	-0.47562151354740023	0.6465729569406606
8,9	-0.17017446113828144	0.14566218402096978	0.2429107106597448	-0.7428333758560894	0.4024844535795265
8,10	-0.39736724804580636	0.14453154593392303	0.006055438941343437	-0.9655811519722506	0.17084665588063785
8,11	-0.1401397047973798	0.1453660381265992	0.33520441397695444	-0.7116343462509342	0.43135493665617464
9,10	0.6064832105673751	0.13874635645613662	1.3359424950315688e-05	0.06101330399379978	1.1519531171409505
9,11	-0.16369382905932717	0.1386057952519071	0.2378210134742857	-0.708611130801343	0.38122347268268864
10,11	0.09956332176263566	0.13899934797842756	0.4739452737497193	-0.4469012002051938	0.6460278437304652
1,2,3	-0.10943418225998408	0.12709471506860096	0.38937489433442896	-0.6090966175498205	0.3902282530298523
1,2,4	0.07091141953572122	0.12862722734243828	0.5815283638427036	-0.43477596190898715	0.5765988009804296
1,2,5	-0.34621027250319275	0.1275856188836696	0.006745926083924346	-0.8478026558290106	0.15538211082262504
1,2,6	-2.6506814567488073	0.12637184699059595	3.355529434402357e-84	-3.1475019955518047	-2.15386091794581
1,2,7	-0.6402797638980315	0.1326324605193202	1.5492330069474868e-06	-1.1617133906683954	-0.11884613712766767
1,2,8	0.951237854026651	0.1319781901426858	9.707956781442928e-13	0.43237643751342236	1.4700992705398797
1,2,9	-1.0425020710876982	0.12648307862364344	4.1426307667891116e-16	-1.5397599079216937	-0.5452442342537027
1,2,10	-1.3373462271983239	0.12724089123688204	7.68821509558079e-25	-1.8375833420897885	-0.8371091123068594
1,2,11	-0.49080183669965227	0.12823448274110774	0.0001357697931707802	-0.994945174996368	0.013341501597063488
1,3,4	-0.06364028235552896	0.12698065221175425	0.6163299651562689	-0.5628542888905003	0.4355737241794424
1,3,5	-0.026880222647031132	0.12661158876695647	0.8319032095190091	-0.5246432865562247	0.4708828412621624
1,3,6	-0.1745584685629094	0.12518004419009954	0.1634209413708973	-0.6666935325264545	0.31757659540063565
1,3,7	0.08303930221844302	0.1293824824318249	0.5211098099055946	-0.42561730258873387	0.5916959070256199
1,3,8	0.046951942771742916	0.13019166875186688	0.7184302739623454	-0.46488591160239795	0.5587897971458837
1,3,9	0.2130003799397111	0.12530445615077396	0.08939968978123833	-0.27962379943053056	0.7056245593099528
1,3,10	0.00038829596933001587	0.1262673138271199	0.997546836500522	-0.4960212792857117	0.4967978712243718
1,3,11	-0.06930644569066916	0.12668658962588422	0.5844259324274015	-0.5673643693176759	0.4287514779363375
1,4,5	0.14380931273894626	0.12798971420992458	0.2613932089868472	-0.35937173817778456	0.6469903636556771
1,4,6	0.22973990407289901	0.1262917707472953	0.0691266556213574	-0.2667658215554131	0.7262456297012112
1,4,7	0.07536390614617744	0.1315005022375997	0.5666726655245296	-0.44161951959587714	0.592347331888232
1,4,8	0.0997788978467904	0.13132156516365004	0.4475105390731998	-0.4165010514833216	0.6160588471769024
1,4,9	0.10030302149373957	0.12680113233218457	0.4290752282421366	-0.398205217376854	0.5988112603643331
1,4,10	-0.09001655755128182	0.12737551957229684	0.4798801964037819	-0.5907829526877673	0.41074983758520367
1,4,11	0.04844217904054013	0.12895806122000383	0.7072446410666899	-0.45854584862577985	0.5554302067068602
1,5,6	-0.19079934138662444	0.12592986473383597	0.1299879337773542	-0.6858822632426985	0.3042835804694496
1,5,7	0.03686392192594298	0.1303584637836649	0.777384413945849	-0.47562967341852425	0.5493575172704103
1,5,8	-0.06949285670687808	0.13038031075924986	0.5941253013262837	-0.5820723416417867	0.44308662822803047
1,5,9	0.004538299024675951	0.12610767857375613	0.9712979439991687	-0.49124368334099355	0.5003202813903455
1,5,10	0.04849930211369771	0.12696948782567455	0.7025425422521026	-0.45067081255421926	0.5476694167816147
1,5,11	-0.07453220834635263	0.12698390098942564	0.5573460415162586	-0.5737589871839498	0.4246945704912445
1,6,7	-1.799726569283169	0.1338218849609081	1.1563832378005574e-38	-2.3258363205702466	-1.2736168179960912
1,6,8	-0.1020986150569046	0.1307152250938857	0.43490182428928104	-0.6159947881953101	0.4117975580815008
1,6,9	-0.3142420529816371	0.1288930598099837	0.014903836357993349	-0.8209745329423708	0.19249042697909657
1,6,10	-0.4710387573056319	0.1258879882610726	0.00019085030141058156	-0.9659570452479275	0.023879530636663704
1,6,11	-0.42983532183186435	0.1258838815506126	0.0006588933700451945	-0.924737464579229	0.06506682091550031
1,7,8	0.8618273276247884	0.13531080406678028	2.6429465469878764e-10	0.329864013142828	1.3937906421067487
1,7,9	-0.19415966387915057	0.13426923562934867	0.1484087421299772	-0.7220281375828206	0.3337088098245195
1,7,10	0.13027944250566942	0.13042306096925152	0.31803249942881745	-0.3824681113692187	0.6430269963805575
1,7,11	0.2093815589124361	0.13003617986425683	0.10760529214412584	-0.30184500366879413	0.7206081214936664
1,8,9	-0.1169170714734124	0.13097598020459256	0.3722068468204832	-0.6318383819163842	0.39800423896955944
1,8,10	-0.16440811575867426	0.13054921984733328	0.20813089264932924	-0.6776516529025893	0.34883542138524076
1,8,11	-0.12261390524788959	0.1309142230831739	0.34914242510899185	-0.6372924226394913	0.392064612143712
1,9,10	0.3261530029463347	0.12606688867516513	0.009786997025335501	-0.16946861728268575	0.8217746231753551
1,9,11	0.28436024905436436	0.12618116509458002	0.024390794972739934	-0.21171063953322022	0.7804311376419489
1,10,11	0.016976813942204044	0.12712319598133343	0.8937824577455509	-0.48279759171719094	0.5167512196015991
2,3,4	0.14205197282630305	0.12799775290528906	0.26729344480635653	-0.3611606815611165	0.6452646272137226
2,3,5	-0.20720499403408862	0.12752022140939284	0.10443442214745667	-0.70854027256022	0.2941302844920427
2,3,6	-0.18392909565621954	0.1266981731991122	0.1468271064924843	-0.6820325591501304	0.31417436783769137
2,3,7	-0.05144707585731645	0.13234588594403943	0.6975390875248711	-0.5717540582184328	0.46885990650379994
2,3,8	0.008196818456124605	0.1317506910225459	0.9504016374087929	-0.5097702039484737	0.526163840860723
2,3,9	-0.1860532060707235	0.12667312243200066	0.142141909387548	-0.6840581845309013	0.31195177238945426
2,3,10	-0.0990322178632222	0.12696447306154	0.43553540849263395	-0.598182617397756	0.4001181816713116
2,3,11	-0.14629010836890424	0.1275922480661757	0.25178447278083504	-0.6479085537813571	0.3553283370435487
2,4,5	0.018338636054923557	0.12795185823048238	0.8860564665748567	-0.48469358718735867	0.5213708592972058
2,4,6	0.20564652562719554	0.12723460770378758	0.10628058982003248	-0.2945658860699111	0.7058589373243022
2,4,7	0.07744605700473434	0.133976166236355	0.5633263265278305	-0.44927023844720365	0.6041623524566724
2,4,8	-0.1915030138441814	0.13261426600599405	0.14896669171810278	-0.7128651103795347	0.32985908269117187
2,4,9	-0.24685480547192473	0.12741275819919928	0.05291111542710711	-0.7477676012120457	0.2540579902681962
2,4,10	-0.10695202622215458	0.12760927666223007	0.40211917240143835	-0.6086374181616091	0.3947333657172999
2,4,11	0.35769505059483	0.1292523724476811	0.005731661872449267	-0.15045003749430141	0.8658401386839614
2,5,6	-0.38775499093888915	0.1269527407275308	0.002302264898714842	-0.8868592657657236	0.1113492838879453
2,5,7	-0.06421898974944704	0.13254332914518246	0.6281046085587607	-0.5853022038418458	0.4568642243429517
2,5,8	0.09371965736627982	0.13201993917731641	0.4779015450709908	-0.4253058920481734	0.6127452067807331
2,5,9	-0.16285548852465914	0.12693635261108904	0.19973496058511234	-0.661895334817493	0.3361843577681747
2,5,10	-0.18247073755658538	0.12736340306962862	0.15219406999353804	-0.6831894976578364	0.31824802254466567
2,5,11	-0.11478691858582055	0.12773944100072063	0.3690336886373906	-0.6169840409329712	0.38741020376133006
2,6,7	-1.4072230436396342	0.13776242168633168	1.3302606304578087e-23	-1.9488246914663236	-0.8656213958129448
2,6,8	0.4220702721227021	0.1326837230907931	0.0015027829115798886	-0.09956488923773144	0.9437054334831356
2,6,9	-0.8462935607894299	0.12971414800417227	9.816487861901637e-11	-1.3562540815579545	-0.33633304002090525
2,6,10	-0.7519589234737944	0.12648544984335633	3.560060474767881e-09	-1.249226082563367	-0.254691764384222
2,6,11	-0.8692705762924317	0.12682530792546845	1.112921815167965e-11	-1.367873859522724	-0.37066729306213925
2,7,8	0.4987354478755005	0.13884610952366744	0.0003405828099127961	-0.04712662969136261	1.0445975254423636
2,7,9	-0.01146621712728213	0.1378371175078199	0.9337160822439781	-0.5533615254421409	0.5304290911875766
2,7,10	-0.3665035852590294	0.13316492416925693	0.006002260829904519	-0.8900305491432701	0.15702337862521132
2,7,11	0.38631634829507844	0.13266801428488734	0.0036546170570244704	-0.1352570551849418	0.9078897517750987
2,8,9	-0.06151273160079765	0.13264335665053498	0.6429090954510805	-0.5829891956162434	0.45996373241464816
2,8,10	0.10733433976209417	0.1321002113814171	0.41664320564870505	-0.41200679323083733	0.6266754727550257
2,8,11	0.14761599783932403	0.1324736230595733	0.26535762119421585	-0.37319317250175754	0.6684251681804055
2,9,10	-1.0174127415726442	0.1265448975171727	2.028816416301149e-15	-1.5149136143099902	-0.5199118688352982
2,9,11	-0.25051775389128605	0.12690131624883338	0.04858342271490986	-0.7494198576030935	0.24838434982052143
2,10,11	-0.3715483382358201	0.12731927063244725	0.0035816264158839654	-0.8720935952844429	0.12899691881280262
3,4,5	-0.007773851542355215	0.1261630622598634	0.9508770659211254	-0.503773570321854	0.4882258672371435
3,4,6	-0.0994033303303209	0.12533810103687182	0.42787731291234765	-0.5921597818073424	0.3933531211467006
3,4,7	0.09496379367540869	0.1292383497914375	0.4625984734783044	-0.41312616549223985	0.6030537528430573
3,4,8	0.08659623806038177	0.12984970802499687	0.5049588231489104	-0.4238972257978425	0.597089701918606
3,4,9	0.02883537144037024	0.1255881713349643	0.8184372647537121	-0.46490421087785977	0.5225749537586002
3,4,10	-0.0015394743454458237	0.12594542088221222	0.9902493293088119	-0.49668355392139213	0.4936046052305005
3,4,11	-0.0973218152282479	0.12671300884663617	0.4425996674288518	-0.5954836038520976	0.4008399733956019
3,5,6	-0.036879567178608824	0.12522248338610134	0.7684141867801624	-0.5291814773561334	0.4554223429989158
3,5,7	-0.05749704983504361	0.1291869952874961	0.6563455737803372	-0.5653851129876721	0.45039101331758485
3,5,8	0.03038546723631419	0.12988994281965482	0.8150748610356326	-0.4802661764130314	0.5410371108856598
3,5,9	-0.03813467571239626	0.12513722316454354	0.7606115414797032	-0.5301013923304253	0.4538320409056328
3,5,10	-0.0854823755573467	0.12619729414855857	0.49829305917478517	-0.581616674196132	0.4106519230814386
3,5,11	-0.12390224114175585	0.1261709868359072	0.3262763171910207	-0.6199331147412055	0.37212863245769384
3,6,7	-0.19495781828674763	0.1324753016053378	0.14136011925981404	-0.7157735876926603	0.32585795111916505
3,6,8	-0.030722568918965493	0.13073159855605032	0.8142425028165176	-0.5446831129792844	0.48323797514135336
3,6,9	-0.10050293697133109	0.12834198372569466	0.4337208927143439	-0.6050689065609827	0.40406303261832055
3,6,10	-0.08591634388287261	0.12516734860487252	0.49257779123892864	-0.5780014961956577	0.4061688084299124
3,6,11	-0.08717617161564706	0.1249683929499266	0.4855629764233753	-0.578479146109226	0.4041268028779319
3,7,8	0.0035520830577361606	0.1340476452389251	0.9788637324100387	-0.5234452262229593	0.5305493923384316
3,7,9	0.11223485406513467	0.1326227601046874	0.39755951677114687	-0.4091606363216972	0.6336303444519665
3,7,10	-0.06748779028307356	0.129209344069267	0.6015424211499518	-0.575463715835955	0.44048813526980796
3,7,11	-0.15195838717283827	0.12843503259435265	0.23696792921257515	-0.6568901707484571	0.3529733964027806
3,8,9	-0.01368627336300604	0.13078981117595	0.9166752738637189	-0.5278756755580474	0.5005031288320354
3,8,10	0.03928757679481737	0.12929615849268783	0.7612860240297321	-0.46902965253455337	0.547604806124188
3,8,11	-0.16953130276925896	0.1297596277744341	0.19161636436485202	-0.6796706235197747	0.3406080179812567
3,9,10	0.11356987606106828	0.12516965602624178	0.36440439399200464	-0.3785243476893448	0.6056640998114813
3,9,11	-0.05480993732443962	0.1250485097323643	0.661235973289132	-0.5464278843689921	0.4368080097201129
3,10,11	-0.09281802040496454	0.12581373986234085	0.4608067534958903	-0.5874444068649156	0.4018083660549866
4,5,6	-0.09807422205141597	0.12529776159268366	0.4339309089847002	-0.5906720823162819	0.39452363821345
4,5,7	0.27457046265260043	0.1296894415710166	0.034440583164303554	-0.23529292680286185	0.7844338521080627
4,5,8	-0.15901639351483354	0.12978873400451213	0.2207274906916927	-0.669270143018701	0.35123735598903394
4,5,9	-0.08072808762109276	0.12556040850047334	0.5203767464988114	-0.5743585226354021	0.4129023473932165
4,5,10	0.010801667910987606	0.12625247479091514	0.9318326866842581	-0.485549568891795	0.5071529047137702
4,5,11	0.10712066394631853	0.12679252332658003	0.39835247392935347	-0.3913537293257113	0.6055950572183484
4,6,7	0.3469963001404216	0.13268150435954418	0.00902081881107821	-0.17463013846030873	0.8686227387411519
4,6,8	-0.07851274837066957	0.1302057326260607	0.5466221944875469	-0.5904058937112797	0.4333803969699406
4,6,9	0.17153328496745623	0.12816569794116056	0.18101312790681595	-0.3323396315368665	0.675406201471779
4,6,10	0.09405811980677137	0.12508485602612035	0.4522166682891614	-0.3977027197069299	0.5858189593204726
4,6,11	-0.1849443835277092	0.1259639897775708	0.14228685285896794	-0.6801614651908824	0.310272698135464
4,7,8	-0.0210309985512957	0.1343190732831875	0.8756045586391308	-0.5490954048983712	0.5070334077957799
4,7,9	-0.053634773007658954	0.13317404209548628	0.6872053244393304	-0.5771975832701073	0.4699280372547894
4,7,10	-0.25013382452503163	0.1295178544170038	0.05367035921021095	-0.7593226331752085	0.25905498412514527
4,7,11	0.08787070142342907	0.13001776793462888	0.49926679292234766	-0.42328347616845424	0.5990248790153123
4,8,9	-0.14277382055209764	0.13053598136945316	0.2742701199488733	-0.6559653117073692	0.3704176706031739
4,8,10	0.05726572343929914	0.12964415057371595	0.6587703021863194	-0.4524196081795667	0.566951055058165
4,8,11	0.05728599067676371	0.13107743119411808	0.662156555242132	-0.4580341660003849	0.5726061473539124
4,9,10	0.19643519430647693	0.12560059741120294	0.11807249170711755	-0.29735324011005737	0.6902236287230112
4,9,11	0.10249073123890495	0.12632857498705527	0.4173426129319042	-0.3941596872356638	0.5991411497134738
4,10,11	-0.10595882137239776	0.12661492857281073	0.4028281319234627	-0.6037350154540428	0.3918173727092474
5,6,7	-0.2979750177072966	0.13206958060085996	0.024226455785149068	-0.8171957283018637	0.22124569288727047
5,6,8	0.004350259128202194	0.13050796362347405	0.9734140079473834	-0.5087310825595663	0.5174316008159707
5,6,9	-0.0030607809737426828	0.12808492215236772	0.9809388930299973	-0.5066161340977242	0.5004945721502387
5,6,10	-0.11730926432825833	0.12540176760117913	0.3497239290171722	-0.6103160156745636	0.37569748701804695
5,6,11	-0.09584317630611161	0.12492378578974613	0.44309625946269937	-0.5869707814125755	0.39528442880035236
5,7,8	-0.21596514955319568	0.1345859570596527	0.10881459881662046	-0.7450787875509811	0.31314848844458976
5,7,9	-0.11615998672772865	0.13226731280842216	0.3799883894924784	-0.636158065258582	0.4038380918031247
5,7,10	0.11028104634092709	0.12960453254248036	0.394981696483802	-0.3992485302415639	0.619810622923418
5,7,11	-0.05626821489309575	0.12847293064090373	0.6614767063216178	-0.5613489915265473	0.4488125617403558
5,8,9	-0.11214769616720222	0.13062219590175242	0.3907410852787043	-0.6256781326762815	0.40138274034187704
5,8,10	-0.04571408540879365	0.12947285756774038	0.7240877091834057	-0.5547259926412271	0.4632978218236399
5,8,11	0.06427905609350121	0.12973656596365477	0.6203617095188658	-0.44576959904176866	0.574327711228771
5,9,10	-0.017805725601509004	0.1255283930982481	0.8872238120509292	-0.5113102946910706	0.47569884348805264
5,9,11	-0.03336907596518143	0.12508620886577718	0.7896902823482311	-0.5251352340568984	0.4583970821265356
5,10,11	-0.129714852428983	0.12596658194089855	0.3033190661836809	-0.624942124969411	0.365512420111445
6,7,8	-0.3293588182407359	0.14103980259171808	0.01968585852078992	-0.8838452199588351	0.2251275834773634
6,7,9	-0.6885598093589436	0.14298750951949632	1.6431336275767732e-06	-1.2507034609181495	-0.12641615779973747
6,7,10	-0.7686822414899763	0.13536765041864404	1.67992516676853e-08	-1.3008690427360738	-0.23649544024387892
6,7,11	-0.7800489375388175	0.1313398310422436	3.6860755315446253e-09	-1.2964006976706284	-0.2636971774070067
6,8,9	0.27276385094470845	0.1370377570027684	0.046756138294611414	-0.26598883718792665	0.8115165390773436
6,8,10	0.05419640803452186	0.12953394757018985	0.6757282344290592	-0.4550556695258383	0.563448485594882
6,8,11	0.1263859874571761	0.13041083653901772	0.33265984443812957	-0.3863135070741165	0.6390854819884687
6,9,10	0.20049970517257834	0.12967534079700285	0.12231148152137816	-0.3093082482478028	0.7103076585929594
6,9,11	-0.39148285209737865	0.12770217748004542	0.0022178770246767694	-0.8935334759730704	0.11056777177831312
6,10,11	-0.24526748461070141	0.1248445737816381	0.04967862080781272	-0.736083674212169	0.2455487049907662
7,8,9	-0.26591979042213776	0.14112674732094704	0.05975597352880602	-0.8207480082033102	0.28890842735903466
7,8,10	0.10557856133180857	0.13380234007398245	0.4302209388364636	-0.42045435083734484	0.6316114735009619
7,8,11	0.08866693084521987	0.1333027266453747	0.5060713984287295	-0.4354017921575554	0.6127356538479951
7,9,10	-0.22599727686284443	0.1357968824841539	0.09631118662226747	-0.7598715687260094	0.3078770150003205
7,9,11	0.0013418567275174098	0.13168552739928774	0.991871398794506	-0.5163689802434701	0.5190526936985049
7,10,11	-0.037985658789750076	0.1286402036396891	0.7678232546656709	-0.5437240554814882	0.46775273790198796
8,9,10	-0.1332712223910903	0.12963858974341594	0.304134062807362	-0.6429346920622865	0.37639224728010584
8,9,11	0.22656835275659024	0.13049721111794363	0.08277031981224765	-0.2864707163386798	0.7396074218518603
8,10,11	0.05916162331498109	0.1296413051930635	0.6482167676150183	-0.450512521923512	0.5688357685534742
9,10,11	0.04774881516011367	0.1251778494256981	0.7029343065142801	-0.4443776202674209	0.5398752505876483
1,2,3,4	-0.0028197145595063033	0.08445836188869105	0.9733720951885514	-0.3348608286146056	0.329221399495593
1,2,3,5	0.07597068254723549	0.08440697760148426	0.3682617906600193	-0.2558684184023816	0.4078097834968526
1,2,3,6	0.04757822403027623	0.08513691629008335	0.5763661892598053	-0.2871305709310929	0.38228701899164536
1,2,3,7	-0.060776369977899536	0.08541580061023597	0.4768821415877673	-0.39658157574200265	0.2750288357862036
1,2,3,8	0.028582505206834752	0.08563201203033056	0.7385980262379466	-0.308072718000115	0.3652377284137845
1,2,3,9	-0.03546064323271539	0.08510419193773754	0.6769872595924888	-0.3700407850901567	0.299119498624726
1,2,3,10	0.04312138219965983	0.08450986194323876	0.6099624360282458	-0.2891222000907156	0.37536496449003526
1,2,3,11	0.06020694272307342	0.08437563119234226	0.4756303509088421	-0.2715089223931652	0.39192280783931205
1,2,4,5	-0.06348075677203852	0.08464586420739277	0.45341843355523936	-0.3962590207954463	0.26929750725136925
1,2,4,6	-0.19955358559777006	0.08534560321635305	0.01953112351039699	-0.5350828160724238	0.1359756448768837
1,2,4,7	0.18055328482648328	0.08564393800156613	0.035208921740141653	-0.1561488243570198	0.5172553940099863
1,2,4,8	0.02415753217461024	0.0859624925210578	0.7787373328221544	-0.31379694794261637	0.36211201229183687
1,2,4,9	0.009881665102395243	0.08531429315982868	0.90780813124651	-0.3255244724562109	0.3452878026610014
1,2,4,10	0.06596719197517417	0.08476215667699544	0.4365582239834872	-0.2672682663425532	0.3992026502929015
1,2,4,11	-0.2010880333600693	0.08457951259087164	0.017576510668311687	-0.5336054414519108	0.13142937473177219
1,2,5,6	0.32159069685515074	0.08545273309094008	0.0001752233931618324	-0.01435970592394975	0.6575410996342512
1,2,5,7	-0.1340462637719888	0.08581696800068213	0.11853473966114163	-0.4714286261878142	0.20333609864383662
1,2,5,8	-0.009011799143571142	0.08619502665871974	0.9167482665709308	-0.3478804681273409	0.32985686984019863
1,2,5,9	0.06990075403242019	0.08538545828178558	0.41313885582705456	-0.26578516335908847	0.40558667142392885
1,2,5,10	0.13932207162480723	0.08463399347776103	0.09997393441128437	-0.1934095235998762	0.4720536668494907
1,2,5,11	0.07521723080364215	0.08448365886000955	0.3734630450631278	-0.2569233362168116	0.407357797824096
1,2,6,7	1.9253939725030844	0.08959707325321242	1.0267556470339268e-87	1.5731504367087146	2.2776375082974543
1,2,6,8	-0.4162305329936261	0.09042762624072684	4.580424951865431e-06	-0.7717393196534997	-0.06072174633375249
1,2,6,9	1.090643604379674	0.08820263224929405	2.9370628547448516e-33	0.7438821988808854	1.4374050098784625
1,2,6,10	0.9505543946446315	0.08552707752493857	1.8470889953272093e-27	0.6143117128284217	1.2867970764608414
1,2,6,11	0.5557091182069988	0.08533249925589395	1.0607709304626707e-10	0.22023140487679432	0.8911868315372031
1,2,7,8	-0.8029817691071762	0.08827716714393127	3.48018119856098e-19	-1.1500362024234345	-0.4559273357909178
1,2,7,9	0.023204517278939588	0.08959731849780826	0.7956871148925597	-0.3290399826744194	0.37544901723229857
1,2,7,10	0.37814994665005336	0.08583829267970941	1.1442034911270628e-05	0.040683748009812226	0.7156161452902945
1,2,7,11	-0.3127103460989368	0.08556920133137187	0.0002681383141667966	-0.6491186342009373	0.023697942003063743
1,2,8,9	-0.28580435825207406	0.09030896385404669	0.0015887815305904863	-0.6408466334832552	0.06923791697910714
1,2,8,10	-0.23227241464495857	0.08619721605681016	0.007138193650565043	-0.5711496910675278	0.10660486177761058
1,2,8,11	0.007529954566158473	0.0857592128054283	0.930046631493009	-0.32962534804237603	0.34468525717469295
1,2,9,10	0.03234527269126486	0.08536344845976176	0.7048157266187569	-0.30325411489240106	0.3679446602749308
1,2,9,11	0.08582038918451532	0.08512799537904417	0.31358088101638637	-0.2488533339476874	0.42049411231671807
1,2,10,11	0.26614482905512915	0.08481018541210049	0.0017391502764836488	-0.06727945029054988	0.5995691084008081
1,3,4,5	0.05655068079402837	0.08412453348320004	0.5015612855711337	-0.2741780142988306	0.3872793758868873
1,3,4,6	0.11487824413717808	0.08500899805867941	0.1768171002227038	-0.2193276508020559	0.44908413907641204
1,3,4,7	-0.021991315371715073	0.08521122100483365	0.7963866230665935	-0.35699223321723095	0.31300960247380083
1,3,4,8	-0.014746057220976161	0.08546842182066833	0.863046402599975	-0.35075813895264674	0.3212660245106944
1,3,4,9	0.0008174958284788703	0.08499376060793692	0.9923273208635922	-0.33332849432445855	0.33496348598141634
1,3,4,10	0.004569316670688009	0.0844311272113485	0.9568489083717127	-0.3273647264869474	0.3365033598283234
1,3,4,11	0.07900665308569887	0.08422781264399079	0.3484154786709319	-0.25212807554653693	0.4101413817179347
1,3,5,6	0.03318949027175984	0.08489033954941097	0.6958852229010477	-0.30054990848250746	0.3669288890260271
1,3,5,7	0.07509247651064484	0.08507566362346265	0.3775883279762908	-0.25937550862196646	0.4095604616432561
1,3,5,8	-0.0353468635178647	0.08525065695375908	0.678487553476136	-0.37050282055810563	0.2998090935223762
1,3,5,9	-0.04952687109444953	0.0848689877181209	0.5596134434336142	-0.38318232687740966	0.2841285846885106
1,3,5,10	-0.028144149252099793	0.08416062971313282	0.7381250410714779	-0.3590147537087215	0.3027264552045219
1,3,5,11	0.05162525104312327	0.08401291848892883	0.5389995863050373	-0.2786646388655681	0.3819151409518146
1,3,6,7	0.033103651457661726	0.08878047256506284	0.709306292673502	-0.31592948579039615	0.38213678870571965
1,3,6,8	-0.08442182986746252	0.08943321288620283	0.3453656325860558	-0.4360211620851274	0.2671775023502023
1,3,6,9	-0.03804609387768157	0.0874868883775382	0.663724533309078	-0.3819936111214607	0.3059014233660975
1,3,6,10	0.08188534488099347	0.08506642014898126	0.33592769499144925	-0.25254630029076724	0.4163169900527542
1,3,6,11	-0.0410222236312293	0.08495526482692609	0.6292716625204232	-0.3750168707823915	0.29297242351993286
1,3,7,8	0.0028525817590802915	0.0874769709322201	0.9739910644716596	-0.34105594586285004	0.3467611093810107
1,3,7,9	-0.02940189207884744	0.08873317281557641	0.7404330455072761	-0.37824907424604903	0.3194452900883541
1,3,7,10	-0.13140963498854896	0.08521588781214057	0.12330155878389003	-0.46642890000375437	0.20360963002665644
1,3,7,11	0.0036957226252742337	0.08505052045776382	0.9653469974497251	-0.33067341421614577	0.33806485946669423
1,3,8,9	-0.018561043005593747	0.08939529690992298	0.8355518015006191	-0.3700113116761697	0.3328892256649822
1,3,8,10	0.09902826567777043	0.08550288916832068	0.24700411049605267	-0.23711932160074098	0.4351758529562818
1,3,8,11	-0.00641120499320838	0.08521920518903187	0.9400419383266122	-0.3414435120032393	0.3286211020168226
1,3,9,10	-0.15592203622430173	0.08499771332703476	0.06682274712112571	-0.49008356616777554	0.17823949371917208
1,3,9,11	0.008394271315295236	0.08481307274489235	0.9211745770814284	-0.32504135934214756	0.34182990197273805
1,3,10,11	0.04458455817606355	0.08430242389622655	0.5969911510959114	-0.2868434984672703	0.3760126148193974
1,4,5,6	-0.06582207870593687	0.08512008272345604	0.4394965400465636	-0.4004646938824812	0.26882053647060744
1,4,5,7	-0.041279744102888705	0.08528520604772755	0.6284544846363456	-0.3765715280688993	0.2940120398631219
1,4,5,8	0.0294765604347567	0.08565588692879336	0.7308068019162106	-0.3072725249748958	0.36622564584440925
1,4,5,9	-0.10143871097417698	0.08507914626107616	0.23336994355709598	-0.43592038781057196	0.23304296586221804
1,4,5,10	-0.0044238368542385	0.0843429096194173	0.9581778347212282	-0.33601105979361423	0.3271633860851372
1,4,5,11	-0.03358216902492833	0.08422267694137768	0.6901581314801298	-0.36469670706408397	0.2975323690142273
1,4,6,7	-0.20347612831666667	0.08900224728314746	0.022405854440356258	-0.5533811546567616	0.1464288980234283
1,4,6,8	0.025252989769667084	0.08971457300254251	0.7783866367957579	-0.32745248664012905	0.37795846617946327
1,4,6,9	-0.07772291053138866	0.08788554254024204	0.3766652154321457	-0.4232377038784071	0.2677918828156298
1,4,6,10	0.0872457662944601	0.08535321182645973	0.3068920743480148	-0.24831337680600993	0.4228049093949301
1,4,6,11	0.1453197610949305	0.08519333447663725	0.0882945477904902	-0.18961083733382078	0.4802503595236818
1,4,7,8	-0.1251702223618856	0.08799955776382094	0.15515495063153265	-0.47113325719748833	0.22079281247371715
1,4,7,9	0.018868954429141244	0.08891321022030402	0.8319710087130185	-0.33068603001009744	0.3684239388683799
1,4,7,10	0.015824409016742813	0.08551201627239502	0.8532153707005865	-0.3203590607219202	0.35200787875540585
1,4,7,11	-0.087129504801163	0.08529118010704315	0.3071852992770801	-0.4224447752907839	0.2481857656884579
1,4,8,9	0.046067052582631385	0.08972400856811982	0.6077387444763751	-0.3066755189783845	0.3988096241436473
1,4,8,10	-0.010711965615504263	0.08585519488407385	0.9007269542056213	-0.34824461388419725	0.32682068265318875
1,4,8,11	-0.015683039842992103	0.08565852261090738	0.8547580374161634	-0.35244248722043403	0.32107640753444977
1,4,9,10	-0.03948683387966022	0.08525256010214834	0.6433178465829108	-0.3746502729915072	0.29567660523218675
1,4,9,11	-0.05753106250674138	0.08503619922708766	0.4988150737748638	-0.3918438966058158	0.276781771592333
1,4,10,11	0.05950581706864663	0.08464143886862487	0.4821623482491654	-0.2732550490988034	0.3922666832360966
1,5,6,7	0.06725547675552562	0.08880737656340441	0.4489984038011706	-0.2818834313526591	0.41639438486371033
1,5,6,8	-0.009821139073410909	0.08956546697347506	0.9127016143852862	-0.36194041737449717	0.3422981392276753
1,5,6,9	-0.011173400741221168	0.08778694234147737	0.8987398740841781	-0.35630055550383255	0.33395375402139016
1,5,6,10	-0.053177893749542876	0.08515988390940778	0.5324448891832287	-0.3879769840201879	0.2816211965211022
1,5,6,11	0.07500695489341988	0.08493004753562383	0.37731481246318843	-0.2588885525478283	0.4089024623346681
1,5,7,8	0.013515194738745698	0.0876196096017141	0.8774381058647376	-0.33095410509883033	0.3579844945763217
1,5,7,9	0.031177961373598656	0.08878108003451363	0.7255126133290322	-0.31785756409071964	0.380213486837917
1,5,7,10	-0.07742994476824427	0.08529389542743428	0.36415386625011026	-0.4127558903170011	0.25789600078051256
1,5,7,11	-0.0002196644887999255	0.08504869256370089	0.9979396216986023	-0.334581615114818	0.3341422861372181
1,5,8,9	0.06508401867158115	0.08962206036696647	0.46784566711347375	-0.2872577519085741	0.4174257892517364
1,5,8,10	0.07272155448766096	0.08555239672669664	0.3954709406193433	-0.26362066769105097	0.40906377666637284
1,5,8,11	-0.012765338377920904	0.08519134846073688	0.880911986457318	-0.3476881289482512	0.32215745219240943
1,5,9,10	-0.1206957577038798	0.0851285537697162	0.15649085460283477	-0.45537167610315465	0.21398016069539505
1,5,9,11	0.01097260568978823	0.08482435271986816	0.8970956627450593	-0.3225073712629618	0.3444525826425383
1,5,10,11	0.016097654051419885	0.08420641375244055	0.848423525122254	-0.3149529465959605	0.3471482546988003
1,6,7,8	-0.644186701243229	0.0968592457425343	4.3085007081926976e-11	-1.0249808718106563	-0.2633925306758017
1,6,7,9	0.30703621990608654	0.09263030595358873	0.0009432926797837592	-0.05713222116111655	0.6712046609732896
1,6,7,10	-0.008528382643073651	0.0894031826293955	0.9240180972909051	-0.3600096533721815	0.3429528880860342
1,6,7,11	0.21730621013815735	0.08827477204208677	0.01395902426515869	-0.1297388070318848	0.5643512273081995
1,6,8,9	0.2280965403071602	0.09329005965003663	0.014618258477106839	-0.13866566823873538	0.5948587488530558
1,6,8,10	0.47203411407686985	0.09021705831740817	1.9553432953193702e-07	0.1173531579157116	0.8267150702380281
1,6,8,11	-0.06574500816077378	0.08884829597289087	0.4594543392422593	-0.41504478756705765	0.2835547712455101
1,6,9,10	-0.6537698799089493	0.08813663413470955	2.1624704533175333e-13	-1.000271819240006	-0.3072679405778927
1,6,9,11	-0.06380458999156446	0.08732078144676157	0.4651010695756682	-0.407099071477676	0.27948989149454706
1,6,10,11	-0.11170832588105556	0.08521976604906206	0.19015152106435254	-0.4467428378662375	0.22332618610412636
1,7,8,9	-0.050711428571468486	0.09710760382923841	0.6016082710348103	-0.4324819985616375	0.3310591414187005
1,7,8,10	-0.04199836775003144	0.08817935176406122	0.6339537251769928	-0.3886682479329177	0.3046715124328548
1,7,8,11	0.029613709469435007	0.087300583153371	0.7345030497895289	-0.3136013640848928	0.3728287830237629
1,7,9,10	-0.1964579217055729	0.08933986771944101	0.028056641126539338	-0.5476902750656073	0.15477443165446148
1,7,9,11	0.0865627005345351	0.08817880393461551	0.3264467613415275	-0.260105025901873	0.43323042697094316
1,7,10,11	-0.17909041519633728	0.08532343128477021	0.03601596159128586	-0.5145324785427294	0.1563516481500548
1,8,9,10	0.22068666113604335	0.09013929905643472	0.014487293388653137	-0.13368859087617874	0.5750619131482655
1,8,9,11	-0.11150616995594578	0.0888594592543552	0.20975869827256358	-0.4608498368865793	0.23783749697468778
1,8,10,11	0.11929621014843944	0.08566140339431902	0.16396801221547277	-0.21747456279241573	0.4560669830892946
1,9,10,11	-0.23313462856433315	0.08506287374555513	0.006215501303100097	-0.5675523313422542	0.10128307421358795
2,3,4,5	-0.020575347360167584	0.08427131944121082	0.8071491399016054	-0.3518811193929011	0.31073042467256595
2,3,4,6	-0.0002975726162025849	0.08512743740152284	0.9972114543633176	-0.33496910210560127	0.33437395687319604
2,3,4,7	-0.015794978731622167	0.08539173124037518	0.8532812241122053	-0.3515055577446912	0.3199156002814469
2,3,4,8	-0.040815128710282596	0.08558553940328562	0.6335198541900314	-0.37728764860033154	0.29565739117976636
2,3,4,9	-0.03989026795069562	0.08509711656393695	0.6393198100166944	-0.37444259355706877	0.29466205765567755
2,3,4,10	0.012668272884029656	0.08441001898903101	0.8807249825138819	-0.31918278503096914	0.34451933079902847
2,3,4,11	-0.07519078629144618	0.08419926499501929	0.37201967111214107	-0.40621328218608	0.2558317096031876
2,3,5,6	0.12922129759993944	0.08512633126671676	0.12926273516153977	-0.20544588321130475	0.46388847841118364
2,3,5,7	-0.03933515609378309	0.08536990747879948	0.6450480866731318	-0.3749599367803819	0.29628962459281577
2,3,5,8	0.014801899314017541	0.08561485453421658	0.8627657112103972	-0.32178587060593156	0.35138966923396664
2,3,5,9	0.11780268161224616	0.08503695215431	0.16619854430141587	-0.21651311255837258	0.4521184757828649
2,3,5,10	0.05255253856301392	0.08433881531412363	0.5333218454929978	-0.2790185879513235	0.3841236650773514
2,3,5,11	0.00038651564443503705	0.08417722727851476	0.9963370906434308	-0.33054934077749576	0.33132237206636583
2,3,6,7	0.15244140735954959	0.08888025092102672	0.08656296346690188	-0.19698400030119395	0.5018668150202932
2,3,6,8	0.016179473548394066	0.08964561535185943	0.8568022849068866	-0.3362549015205354	0.3686138486173235
2,3,6,9	0.12010853366599147	0.08773272540726691	0.17123078680916412	-0.22480547167205941	0.46502253900404233
2,3,6,10	-0.0007386019256306192	0.08526102881605199	0.9930894968547419	-0.33593533509074014	0.3344581312394789
2,3,6,11	0.09475035536508164	0.08494335473059711	0.2648655410167258	-0.23919746822041876	0.42869817895058204
2,3,7,8	-0.04358666650178758	0.08762217382452205	0.6189651073935899	-0.38806604737075945	0.30089271436718423
2,3,7,9	0.04049344967180263	0.08882427558353502	0.6485516679724286	-0.30871189554628015	0.3896987948898854
2,3,7,10	0.026588117544539498	0.08530810203525754	0.7553408262195873	-0.30879368011622965	0.36196991520530863
2,3,7,11	0.0913184613056689	0.08510975495620189	0.28349605294444924	-0.24328355110203065	0.42592047371336844
2,3,8,9	0.002411678164230824	0.08954749879566645	0.9785183027988809	-0.34963695972134545	0.3544603160498071
2,3,8,10	0.00341956300705315	0.08554516698230741	0.9681202701738769	-0.3328942360252982	0.3397333620394045
2,3,8,11	-0.023832352553325886	0.08527679849388826	0.7799288970994235	-0.35909108291184466	0.3114263778051929
2,3,9,10	0.04489976889111563	0.08517966633271416	0.5982027162318406	-0.2899770943522283	0.37977663213445956
2,3,9,11	0.10078055732792088	0.084810418263071	0.23493410067127962	-0.232644637452227	0.4342057521080688
2,3,10,11	0.02445979160209963	0.08428712757791958	0.7717132619196422	-0.3069081288219422	0.3558277120261414
2,4,5,6	0.10771100919652837	0.085303318689654	0.206933280767333	-0.2276519831338082	0.44307400152686494
2,4,5,7	0.011197268507738473	0.08563357831530947	0.8959873596186164	-0.32546411241998274	0.34785864943545974
2,4,5,8	-0.039463148367769776	0.08584515124623202	0.6458085298364595	-0.3769563108990699	0.29803001416353037
2,4,5,9	0.022552578868911904	0.08523242528021299	0.7913595040987722	-0.3125317018439654	0.35763685958178915
2,4,5,10	-0.04956186033300271	0.08443888540767396	0.5573371642849505	-0.3815264042023895	0.2824026835363841
2,4,5,11	-0.020875902432706706	0.0843726301352618	0.8046189686222307	-0.35257996913948	0.31082816427406657
2,4,6,7	-0.2788252862301758	0.08939136251894961	0.0018542076742880495	-0.6302600871657316	0.07260951470538002
2,4,6,8	0.09008777341369456	0.09012708972818669	0.31771058486856274	-0.2642394786271489	0.44441502545453804
2,4,6,9	0.08553607732568796	0.08795627459738561	0.3309935119212264	-0.2602567932954826	0.43132894794685855
2,4,6,10	0.03140865228694556	0.0853793460216711	0.7130296618992955	-0.30425323525586107	0.3670705398297522
2,4,6,11	-0.0032041965514118254	0.08532000687822328	0.970048308883658	-0.33863279712467653	0.3322244040218528
2,4,7,8	-0.06380243332641428	0.08789757664335562	0.4680496355408754	-0.4093645377615847	0.28175967110875616
2,4,7,9	-0.15328621181293106	0.08928789948560337	0.08626430618183452	-0.5043142563292577	0.19774183270339557
2,4,7,10	0.25083812910215486	0.08560522665990228	0.0034478162421111166	-0.08571178962056741	0.5873880478248772
2,4,7,11	-0.25514646518950707	0.08540570301691389	0.0028665844272901526	-0.5909119730946775	0.08061904271566339
2,4,8,9	0.36032234032740834	0.09001007023212339	6.609838415509755e-05	0.0064551408257111365	0.7141895398291056
2,4,8,10	-0.09417832550741137	0.08591030975979423	0.2731799249723821	-0.4319276533839722	0.2435710023691495
2,4,8,11	0.09904807932730536	0.08556859985295795	0.24727251775828918	-0.23735784411170419	0.4354540027663149
2,4,9,10	0.009521023163957455	0.0852758143949527	0.9111186304570036	-0.3257338382904102	0.34477588461832515
2,4,9,11	-0.04303848111454245	0.08512834144161045	0.6132443919095383	-0.37771356476330586	0.29163660253422097
2,4,10,11	-0.028197628263436997	0.08459062582975495	0.7389305558211874	-0.3607587271413304	0.30436347061445646
2,5,6,7	0.06130913182103953	0.08949966015939895	0.4934547996566434	-0.29055143239455394	0.413169696036633
2,5,6,8	-0.10424854603857071	0.09029226653043011	0.248482951686733	-0.45922517711313554	0.25072808503599414
2,5,6,9	-0.033116856201789724	0.08826248898768632	0.7075674021527951	-0.3801135835521395	0.31387987114856003
2,5,6,10	0.11448492677375831	0.085397252036781	0.18028301943816688	-0.22124735679701313	0.4502172103445298
2,5,6,11	0.08138560530185485	0.08514670473413259	0.33933961653864897	-0.25336167212346805	0.41613288272717774
2,5,7,8	0.12921742043428588	0.0880413616654375	0.14243413400905167	-0.2169099630075911	0.47534480387616285
2,5,7,9	0.04859132711706893	0.08943419490785157	0.5870045585140702	-0.30301186583806444	0.4001945200722023
2,5,7,10	-0.056489879084518954	0.0857648591844496	0.5102326049497725	-0.3936673799684957	0.2806876217994578
2,5,7,11	0.06869123482556982	0.08548511401809432	0.42180832238409405	-0.26738647090951984	0.4047689405606595
2,5,8,9	-0.005247392668654982	0.09019330849312503	0.9536148093989139	-0.3598349783459767	0.34934019300866676
2,5,8,10	0.048371587341312056	0.08593882314560648	0.5736283035576302	-0.28948983857005395	0.386233013252678
2,5,8,11	-0.06618793450242497	0.08563680293939764	0.4397294459955525	-0.40286199277494306	0.2704861237700932
2,5,9,10	0.008926124494895937	0.08533476506790955	0.916708597333121	-0.3265604966891796	0.34441274567897145
2,5,9,11	0.08772416465975905	0.08502738162748948	0.3023997763147379	-0.2465540037705953	0.42200233309011337
2,5,10,11	0.045026961552889724	0.08437862961981943	0.5936902515900527	-0.2867006916347449	0.3767546147405243
2,6,7,8	-0.007645548930863333	0.09817094653038785	0.9379357163102187	-0.39359656342902954	0.3783054655673029
2,6,7,9	-0.17728565788717532	0.09315811303042762	0.057256636532137015	-0.5435291291335183	0.18895781335916761
2,6,7,10	-0.008753183174101564	0.08999731336507347	0.9225347547271209	-0.36257023010058437	0.34506386375238124
2,6,7,11	0.1339610082142388	0.08851648837180516	0.130424503865871	-0.21403429685637596	0.48195631328485355
2,6,8,9	-0.02671497498995956	0.09409399824118747	0.7765191789436723	-0.39663780208762645	0.3432078521077073
2,6,8,10	0.07167245273588108	0.09081891730803368	0.43015309189808026	-0.2853746626223351	0.4287195680940972
2,6,8,11	-0.055733467888535254	0.08924289820106628	0.53240116556116	-0.40658459355020427	0.2951176577731338
2,6,9,10	-0.001153829341121057	0.0884402385135048	0.9895927836698779	-0.34884936435545694	0.3465417056732148
2,6,9,11	0.27808156340187273	0.08755518175648294	0.0015284736368791289	-0.06613444365298377	0.6222975704567293
2,6,10,11	0.22593785568712382	0.0852871882013655	0.008168971729606579	-0.10936172095314017	0.5612374323273879
2,7,8,9	0.09596301300387156	0.09795362739840123	0.3274302172939786	-0.2891336291731096	0.4810596551808527
2,7,8,10	-0.13490765641573776	0.0883676732568317	0.1270918824965382	-0.4823179070825133	0.2125025942510378
2,7,8,11	-0.01852068376947491	0.08750028539089154	0.8324026632963564	-0.3625208702710916	0.32547950273214177
2,7,9,10	0.20263729645721593	0.09003159976423161	0.024571462945556826	-0.15131454463196228	0.5565891375463942
2,7,9,11	-0.08900051781568619	0.08844399475740501	0.31446513385537667	-0.43671082019445345	0.2587097845630811
2,7,10,11	-0.10172782707310282	0.08542621755740587	0.23394237915067906	-0.437573986209566	0.23411833206336033
2,8,9,10	0.7097531245148425	0.09064460230875095	1.0166638647812995e-14	0.3533913142615801	1.066114934768105
2,8,9,11	-0.13151177091439098	0.08900582007124992	0.13977058924688326	-0.48143084337751385	0.2184073015487319
2,8,10,11	0.06691595817155058	0.08571078019741363	0.43511266393708503	-0.2700489356158541	0.4038808519589552
2,9,10,11	0.1344587624134428	0.08515615695226	0.11459070040579562	-0.20032567563123305	0.4692432004581186
3,4,5,6	-0.012811122283166831	0.08455837977328014	0.879600262109413	-0.3452454484380717	0.31962320387173804
3,4,5,7	-0.11278543947596281	0.08490666431929945	0.18430056972277958	-0.44658901772245857	0.22101813877053295
3,4,5,8	-0.018044822500004873	0.08513663212513717	0.8321787474507266	-0.3527525002902237	0.31666285529021393
3,4,5,9	0.018199168225760537	0.08459531879765259	0.8296986021627434	-0.3143803806700365	0.3507787171215576
3,4,5,10	-0.010303312498105004	0.08410672237470838	0.902520025776549	-0.3409619846805751	0.32035535968436507
3,4,5,11	0.02595510429837658	0.08401276486294333	0.7574156277954569	-0.3043341816423685	0.3562443902391217
3,4,6,7	0.010207057730173878	0.08812250089828366	0.9078069851910449	-0.336239317942494	0.3566534334028418
3,4,6,8	-0.019058024011037733	0.08867316541802547	0.8298605228982429	-0.36766929202256793	0.32955324400049246
3,4,6,9	0.04557097654222647	0.08706735098193055	0.6007871202259362	-0.2967271638830805	0.38786911696753346
3,4,6,10	-0.01681978444237106	0.0849053385098039	0.8429979412589194	-0.3506181503777104	0.3169785814929682
3,4,6,11	0.07073660573662233	0.08465750817380842	0.4035572321407984	-0.26208743558454745	0.4035606470577921
3,4,7,8	0.005349532913678845	0.08724333369854084	0.9511160196348214	-0.33764046911030243	0.3483395349376601
3,4,7,9	0.015282598816742626	0.0882863080706313	0.8625980662929881	-0.3318077713021851	0.3623729689356704
3,4,7,10	0.04783689193979038	0.08518081786598039	0.5744921350013824	-0.28704449846202595	0.38271828234160665
3,4,7,11	-0.004193258516654572	0.08496723691809555	0.9606468972661	-0.33823497296110283	0.32984845592779366
3,4,8,9	-0.04271961465002522	0.08880222726649897	0.6305527527784105	-0.3918382787202858	0.3063990494202354
3,4,8,10	-0.039850777973967265	0.08546914642806026	0.6411092975344812	-0.37586570844009454	0.29616415249216005
3,4,8,11	-0.028692858649986608	0.08515469448247256	0.7362099691239161	-0.36347154711479096	0.30608582981481774
3,4,9,10	0.0018588098335429667	0.08494197428110328	0.9825444651519986	-0.3320835866281348	0.33580120629522076
3,4,9,11	0.0016491230969397641	0.08470303204068172	0.984469626591431	-0.33135389156842804	0.33465213776230757
3,4,10,11	0.02648130071812363	0.08419584717515856	0.7531771803132821	-0.3045277582983986	0.35749035973464593
3,5,6,7	0.015466465750735348	0.08840048510576112	0.8611394730566606	-0.33207278200560125	0.36300571350707195
3,5,6,8	-0.02857724387069259	0.08900580572856544	0.7482084830315561	-0.37849625994672925	0.32134177220534405
3,5,6,9	-0.0620036407592522	0.08731702963818137	0.4777727626219883	-0.4052833723180287	0.2812760907995243
3,5,6,10	0.008958443628409904	0.08485549768157376	0.9159377438245513	-0.3246439771836653	0.3425608644404851
3,5,6,11	0.019224753971583075	0.08460591418599787	0.8202834653994758	-0.3133964498234015	0.35184595776656763
3,5,7,8	0.04454474733612587	0.08735153017658442	0.610175733308447	-0.29887062025620226	0.38796011492845406
3,5,7,9	0.07339295630123967	0.08853953650177107	0.4072993407455632	-0.2746929605996265	0.4214788732021058
3,5,7,10	0.009499783461194636	0.08501792723693251	0.9110481980977622	-0.3247412158090784	0.34374078273146763
3,5,7,11	0.01197657857978146	0.08491529965156956	0.8878593750876175	-0.3218609487664018	0.34581410592596473
3,5,8,9	-0.02413823590894229	0.08904727528289418	0.7863792516206562	-0.3742202861323477	0.32594381431446307
3,5,8,10	-0.03263046077387538	0.0852103239926145	0.7018276667496866	-0.3676278520895142	0.30236693054176345
3,5,8,11	0.016350961489813867	0.0850271590891916	0.8475355223064072	-0.3179263320494972	0.3506282550291249
3,5,9,10	0.05621776184790073	0.08490978272717867	0.508033903031454	-0.2775980761630889	0.39003359985889036
3,5,9,11	0.002942200589981181	0.08463006781155441	0.9722722083181432	-0.32977396120038616	0.3356583623803485
3,5,10,11	0.067596504522976	0.08407107737239106	0.42152320240836294	-0.2629220322600467	0.3981150413059987
3,6,7,8	0.050436254837916306	0.09673468973361461	0.6021870752214686	-0.32986823400896736	0.4307407436848
3,6,7,9	-0.10208318838997188	0.09266831617579335	0.27084377912057106	-0.46640106352437766	0.2622346867444339
3,6,7,10	0.15528652975677762	0.08891421051998519	0.08096815309502647	-0.19427238727851306	0.5048454467920683
3,6,7,11	-0.06524199723894872	0.0879774770722881	0.45848022493688867	-0.4111182236490538	0.2806342291711563
3,6,8,9	0.12895644254328226	0.09315959028293327	0.16652228124295027	-0.2372928363999749	0.4952057214865394
3,6,8,10	-0.0803029140697138	0.08960626493755973	0.3703276944655952	-0.4325825862162751	0.2719767580768475
3,6,8,11	0.15477683726094438	0.08846060500546861	0.08041496061224387	-0.19299876694405343	0.5025524414659421
3,6,9,10	-0.041589093368645365	0.08755712483116876	0.6348724111789206	-0.38581273946206407	0.30263455272477335
3,6,9,11	-0.10283273315145813	0.08689336381012354	0.23685614521708903	-0.44444685729861094	0.23878139099569468
3,6,10,11	-0.02037248793622845	0.08477692571368545	0.810130755592678	-0.35366600950887106	0.3129210336364142
3,7,8,9	-0.07493120438241324	0.09683613252213967	0.43919559249198603	-0.45563450722191384	0.30577209845708736
3,7,8,10	-0.02928389001639114	0.08753786958583627	0.7380357853951405	-0.37343183569402355	0.31486405566124126
3,7,8,11	0.17055733160246023	0.08714708648283524	0.05055042081085835	-0.172054282396784	0.5131689456017045
3,7,9,10	-0.029040353443510074	0.0890070742648858	0.7442732893992556	-0.3789643566659182	0.32088364977889805
3,7,9,11	-0.07876020398340536	0.08807451702281566	0.371358885248642	-0.42501793499010077	0.26749752702329
3,7,10,11	0.01735396994054572	0.08503754125768377	0.8383279402962219	-0.3169641402416099	0.35167208012270135
3,8,9,10	0.010947189286322975	0.08961641268079079	0.9027945873872851	-0.3413723778794198	0.3632667564520658
3,8,9,11	0.06985124255914485	0.08845548289810515	0.4298628006534675	-0.2779042245013803	0.41760670961967006
3,8,10,11	0.004600427701834345	0.08529242682966275	0.9569936804650989	-0.3307197441753848	0.33992059957905346
3,9,10,11	0.0021500854906438688	0.08482067940825769	0.9797808601463225	-0.33131545013916147	0.33561562112044924
4,5,6,7	-0.07417273333339003	0.08819289849176998	0.40048910091422807	-0.4208958713638076	0.27255040469702757
4,5,6,8	0.13553031272599297	0.08878483337694165	0.1271316950405882	-0.2135199686958571	0.48458059414784305
4,5,6,9	0.020205545210973452	0.08747014931859233	0.8173522455675981	-0.3236761637971694	0.3640872542191163
4,5,6,10	0.02152663970984993	0.08492221496111212	0.7999329569745861	-0.3123380746079155	0.35539135402761535
4,5,6,11	-0.06602265128852963	0.08467785795082482	0.435716307251364	-0.39892669608691816	0.2668813935098589
4,5,7,8	-0.05040311095188238	0.08753720142906313	0.564857839486743	-0.3945484298260301	0.29374220792226535
4,5,7,9	-0.03834584113323408	0.08828474483791696	0.6641127509676921	-0.38543006553111786	0.3087383832646497
4,5,7,10	-0.15321865999277173	0.08515781432710931	0.07221745616414534	-0.4880096138705642	0.18157229388502072
4,5,7,11	0.0035069951434576196	0.08500238753843059	0.9670969628608502	-0.33067291107827324	0.3376869013651884
4,5,8,9	0.10280706072263772	0.08879752973736223	0.24717414948668415	-0.2462931353975823	0.45190725684285776
4,5,8,10	0.07467763638195829	0.08536567855493488	0.38184849990174763	-0.2609305186377456	0.41028579140166216
4,5,8,11	-0.050572969932480394	0.08524336004405825	0.5531002467977301	-0.38570023977145385	0.28455429990649306
4,5,9,10	0.042415412797780425	0.08499881928213372	0.6178568273309396	-0.29175046511734404	0.3765812907129049
4,5,9,11	0.03035530287013316	0.08466496907364907	0.7200025615838153	-0.30249807036607196	0.3632086761063383
4,5,10,11	-0.0031685205660166305	0.08418282198385502	0.9699817288053041	-0.33412637211255614	0.3277893309805229
4,6,7,8	0.13812692177065927	0.09636941056820804	0.15201441212521602	-0.2407415020341086	0.5169953455754271
4,6,7,9	0.07124793798479159	0.09215950152631047	0.4396096155543072	-0.2910695741389687	0.43356545010855185
4,6,7,10	-0.1345795152321238	0.08916717568704173	0.13147036620235245	-0.4851329440482289	0.21597391358398127
4,6,7,11	0.11597229226375078	0.08808416750989154	0.18820584667871076	-0.23032337884038662	0.46226796336788817
4,6,8,9	-0.14334840896953588	0.09297399481593482	0.12336648761290384	-0.5088680345753656	0.22217121663629374
4,6,8,10	-0.0158910418049084	0.08979406885971866	0.8595583297721	-0.3689090496490026	0.3371269660391858
4,6,8,11	-0.02724373972336684	0.08854535603122178	0.7583749962197192	-0.37535253562636944	0.32086505617963573
4,6,9,10	-0.1984268726058189	0.08772634327312195	0.02387167723870812	-0.543315787107579	0.14646204189594117
4,6,9,11	0.014649788107357467	0.08693793192729529	0.866209810578183	-0.3271395519325278	0.3564391281472427
4,6,10,11	0.05566764632745518	0.08494171015209522	0.5123518890483232	-0.27827371173271764	0.389609004387628
4,7,8,9	0.0049356756405044555	0.09646889519340139	0.9592033074939399	-0.3743238637985459	0.3841952150795548
4,7,8,10	0.19865893979435342	0.0878364703004931	0.023883694932013706	-0.14666293007189837	0.5439808096606052
4,7,8,11	-0.03593564713966255	0.08717741805496591	0.6802524840336313	-0.3786665072239135	0.30679521294458845
4,7,9,10	0.05482588150044722	0.08923804830910917	0.5390748446541209	-0.296006177209265	0.4056579402101594
4,7,9,11	0.04773763482480434	0.08806489330428484	0.5878623039113265	-0.29848226132278566	0.3939575309723944
4,7,10,11	0.07952491575605185	0.08523834104821716	0.35101079736768037	-0.25558262231293166	0.4146324538250354
4,8,9,10	-0.12294346433823472	0.08985919749410513	0.17149617710042392	-0.47621752006006385	0.2303305913835944
4,8,9,11	-0.03742067495933685	0.08858680010658032	0.672790754866817	-0.38569240484122913	0.3108510549225555
4,8,10,11	-0.005823664204057069	0.08551104925188578	0.9457132993996198	-0.34200333218099965	0.33035600377288554
4,9,10,11	-0.07650650129923217	0.0849318161033913	0.36786460995085235	-0.41040896171942365	0.25739595912095925
5,6,7,8	0.13661162981456187	0.09669845085967192	0.15796962532244122	-0.24355038887534797	0.5167736485044717
5,6,7,9	-0.07337939259902515	0.09253285936770865	0.4279195268919276	-0.43716473041614234	0.29040594521809204
5,6,7,10	0.12928495345059357	0.08890487539598518	0.14613762595233384	-0.22023726331129032	0.47880717021247743
5,6,7,11	-0.00810679459087088	0.08799118780549024	0.9266076669123462	-0.35403692362263645	0.3378233344408947
5,6,8,9	0.05641370479229846	0.09335282212917563	0.5457470672102107	-0.31059524928628507	0.423422658870882
5,6,8,10	-0.04081101543829277	0.08960695837178617	0.6488665795425979	-0.39309341376457063	0.31147138288798504
5,6,8,11	0.022082952456119798	0.08854957776837398	0.8031028595648788	-0.3260424408598081	0.3702083457720477
5,6,9,10	-0.017016100624381678	0.0875839421708823	0.8459848603589624	-0.3613451768866476	0.3273129756378842
5,6,9,11	-0.007117620746941139	0.08709691177228009	0.934881591985498	-0.3495319769919788	0.3352967354980966
5,6,10,11	0.07187367137156478	0.08483805276237172	0.39704942740620675	-0.26166016617324217	0.4054075089163718
5,7,8,9	0.1254986591308236	0.09683616087333353	0.1952126937718403	-0.25520475516906754	0.5062020734307147
5,7,8,10	-0.08736386481777013	0.0876323841987244	0.3189840750610811	-0.4318833869344439	0.2571556572989036
5,7,8,11	0.07122615581934535	0.08719512466125419	0.41416079486873614	-0.27157431633346363	0.4140266279721544
5,7,9,10	-0.04015159155698983	0.08903433722482307	0.6520893644032402	-0.3901827768675604	0.30987959375358076
5,7,9,11	-0.09106022335054076	0.08803833427394232	0.30117976821170694	-0.4371757048513635	0.25505525815028196
5,7,10,11	0.011916977754021285	0.08501422218613944	0.8885427634110127	-0.32230945541331707	0.34614341092135964
5,8,9,10	0.08118569002405898	0.08973452075581631	0.3657776494658789	-0.2715982093396261	0.433969589387744
5,8,9,11	-0.008380040709215386	0.08856556866478915	0.9246317722709911	-0.3565683009212291	0.3398082195027983
5,8,10,11	-0.04474524994637275	0.08526854699024583	0.599843134311524	-0.37997154019593377	0.2904810403031883
5,9,10,11	0.04239662485293888	0.08486855713150432	0.6174733697762114	-0.29125713811409787	0.37605038781997563
6,7,8,9	0.3385335203136112	0.09875177718534565	0.0006270667576985091	-0.0497009822067796	0.7267680228340021
6,7,8,10	0.3028686737783498	0.09780831858214836	0.0020003904345593884	-0.08165669872027531	0.687394046276975
6,7,8,11	-0.11656021341365866	0.09428330150052854	0.21658267397759096	-0.4872272707298646	0.25410684390254723
6,7,9,10	0.5113101140036205	0.09347517440241519	5.4069213712137767e-08	0.14382014201034926	0.8788000859968916
6,7,9,11	0.2022699468977983	0.09108195523371945	0.02654263815948022	-0.15581128046460938	0.560351174260206
6,7,10,11	0.46772660437407193	0.08830639636627736	1.3872875356654138e-07	0.12055725877046003	0.8148959499776838
6,8,9,10	-0.5259450594053692	0.0943134186064953	2.9894476877822326e-08	-0.8967305196504705	-0.15515959916026795
6,8,9,11	0.04324938848102977	0.09169449267236005	0.637243930774182	-0.3172399795198943	0.40373875648195384
6,8,10,11	-0.1529055606886235	0.08899155771092043	0.08600142779695723	-0.5027685618533342	0.19695744047608726
6,9,10,11	0.24382124782940157	0.08720619377953821	0.0052526479329286545	-0.09902274165294644	0.5866652373117496
7,8,9,10	-0.3095424521467678	0.09813130570926738	0.001645879670666259	-0.6953376220119982	0.07625271771846265
7,8,9,11	-0.027277501698622864	0.09435347367575891	0.7725523783616346	-0.3982204351592166	0.3436654317619709
7,8,10,11	-0.18057313482054238	0.08727017538518704	0.03873443855494551	-0.5236686627313372	0.1625223930902524
7,9,10,11	-0.060624686584811266	0.08842933348829056	0.4931071027461392	-0.4082773493880367	0.28702797621841414
8,9,10,11	0.01783103809958491	0.08905859731100717	0.8413427391863082	-0.33229552374758314	0.367957599946753
