11011111101		1215
10010111111		1067
10011111111		1060
10000111100		1040
10001111100		1009
11000100110		971
10000111101		970
11110100110		957
10001111111		954
11010100111		925
01011111100		919
11110111111		911
11011111100		908
10010111100		902
10000111110		901
11000111101		900
11111111111		894
10011111100		875
11100111111		867
11010111101		863
10001111101		857
11110111101		852
11001111111		851
11001011101		851
11010100100		840
11001111110		839
11010100110		835
11000100100		835
01001111111		830
01011111101		818
11011100110		816
10111111101		812
10010111101		812
10001111110		812
11101111101		811
11111111100		810
11011100111		808
10110111111		808
10001011100		802
10101111111		800
10100111111		798
10111111000		793
01010100111		790
11010111100		781
10000111111		773
11011011111		772
01010111111		769
11001100111		768
10011111110		767
10111011101		766
11101111100		764
10101011100		764
10100111100		759
01010111101		757
10011110010		756
11001111101		750
11001110011		749
10000011111		747
01010100110		743
11000100111		742
11000111100		739
10011110011		739
11111100111		738
11100111011		730
10000010110		722
10010100111		721
11010111111		714
10111110001		710
11001111100		707
11111011110		706
10000010111		704
10101011111		702
11101110011		700
11010100101		700
01001111100		698
11000000110		696
10110111110		694
10100011111		692
11111110001		691
10001110001		683
11111111101		682
11110100111		682
10101111100		682
10011011100		681
10110011101		680
10101110011		679
11100100100		678
11100111110		677
10010111110		676
10111111111		675
11000111001		674
10100111101		673
11101010111		670
10111111010		670
11011111111		669
10001011011		669
11001110001		668
10000010101		668
11111100101		666
10011111101		665
11110011101		661
10101111110		660
10110011111		659
01101111110		659
11110100101		658
11011110010		657
11110000110		655
11000111111		655
11111100110		654
11110100100		654
11001000111		654
10101111101		653
10010000111		653
10011011101		652
11100101101		651
10000011110		651
11000010101		650
01100100111		650
10110011100		649
10111011110		646
10001011111		645
01001111110		645
01100111111		644
10101011101		643
10100111011		643
11011110011		642
11100111100		640
10010011101		640
11101010100		639
11101100111		633
11000111000		632
10001010101		632
01010111100		631
01011110011		630
11001011110		628
11111100011		626
10011011111		624
10100111110		623
10100011110		622
10111111001		621
11110010101		620
10100100111		620
11001011111		619
11000100101		619
10011000111		618
11101111111		617
10011010111		617
10001011110		617
11110111100		615
10001010100		614
01110111101		614
11011011101		612
11101110001		611
10111010111		610
11111111000		607
10111100111		605
11110011110		603
11100111000		603
11000111110		603
10110111100		603
01011111111		603
11110011100		602
10110111101		598
11110101101		597
11010011101		596
10110100110		595
11110111001		593
10000010100		593
11011100101		592
11111111110		591
11100100110		591
10101110010		591
10001100111		588
11000011111		587
10001011101		587
10101010100		586
10001110011		584
01111111100		584
01001111101		584
11000110011		583
01111100111		581
11100100111		579
11110111000		576
11101110000		576
11101100100		574
11011100100		574
11010011100		574
10111111100		573
10111011111		571
10101010111		571
11101100110		570
10011011011		570
11011111110		568
10011101101		567
10011010110		567
11010111011		565
10110100111		564
10111011011		562
01011100111		560
10101011011		559
11011101101		555
11100011100		554
10111111110		554
10000111011		554
11111011101		552
10110111000		550
01111111101		550
10100011101		549
11010110001		547
10000011101		547
11001010111		546
11101111110		544
11101010110		543
11100011111		541
10100010111		540
10010111011		540
10101100111		539
10101011110		539
11110110001		538
01011100110		538
10001010110		537
11101110010		533
11010100001		532
11001101010		532
10111011001		532
11111000111		530
11011100011		529
11110111110		528
10010010101		527
11011111010		526
11010011111		526
10011011010		526
10001110010		525
11110101110		523
11101101110		522
11001010110		522
10000011100		522
11001100010		520
11111010111		519
11111010100		519
11100111101		519
11011101111		519
11000110010		519
01000111101		519
10011010101		518
10110011110		517
01101111101		516
11110001100		515
11111011010		514
11111111010		512
11000001111		512
10100010110		512
10001111011		512
01110111111		511
11100010101		509
11000011110		508
11110001110		507
11100101110		507
11000011101		507
11001001110		506
10000111010		506
01101100110		506
11011110000		505
10011111010		504
11001010100		503
11001101100		501
11111110000		500
11101100101		500
11010010111		499
11100010110		498
11001110000		498
11010100000		497
10111110000		497
10100010101		497
11111011100		496
11101011111		492
10010100110		492
01111100110		491
11111111011		490
11010111110		490
10111110010		490
11111100010		488
11001101001		488
10010011110		488
11011101000		487
11011011011		487
11011010111		487
10000110011		487
11101011110		486
11000101011		486
10001010111		486
11111010110		485
11011000111		485
11111001101		484
11100101111		483
11001000011		482
10010101111		482
10010010111		482
11111011011		480
01000100110		480
11111100100		479
11100000111		479
11101111011		477
10111000111		477
11001101101		476
11000011100		476
01101100111		476
11010100011		475
11000010100		475
10011011110		474
10010011100		474
01011111010		474
11001110010		473
11111001111		471
11010000111		471
11010000101		471
11001100101		471
01001100111		470
11110101111		469
10111011010		469
11001101011		468
11111101111		467
11000010110		467
10010111010		466
11100011101		465
11001101110		465
11000000111		465
10000100111		465
11110010111		464
10011100111		464
11100110001		463
01110100111		463
11111110010		462
10101110000		462
11100110000		461
11011101110		461
10010010100		461
10000100110		461
11110000111		460
11000101111		458
10110111011		458
10010011111		458
11111011000		457
10010110010		457
11101010101		455
10111010100		455
01111111111		455
11011101100		454
11001000110		452
10101110001		452
11110111011		451
11100100101		451
01100111101		451
11010101110		450
10001011000		449
01111111110		449
11100101100		448
11011001101		448
10000000111		448
11101101101		446
11001011011		446
11000101101		446
11011110001		445
10111111011		444
11111111001		443
11111101110		443
11000010111		443
10011011001		443
11001010101		442
11001000100		442
10011110000		442
11011011001		441
10100111001		441
10000011011		441
10101010110		440
10101010101		440
10100011011		440
01000111100		440
10011010100		439
11111110011		437
11110001111		437
11011011100		437
11001111001		437
10011100110		435
10110000111		434
10100101111		434
01000100111		434
11100000110		433
10001111010		433
11001011100		431
10010110011		431
11110111010		430
10001011010		430
11111000101		428
01000111111		428
11110010110		427
10010000110		427
11011111001		426
01100111110		426
11101011101		425
11011010110		424
11111101100		423
11110101100		422
01110111110		421
11001111011		420
11001111000		420
10011111011		420
11010101101		418
10100111010		418
11100111001		416
11100100011		415
10100010100		415
11111000110		414
11010111001		414
11100110011		413
01111111001		413
01101111111		413
11010101111		412
10010011001		412
10001110000		412
11111000100		410
10111010101		410
11001111010		409
10110111010		409
10110111001		409
11101011011		408
10010010110		408
10111100110		407
01110100110		406
11011111000		405
11101111010		404
11001101111		404
10111011100		404
10100110011		404
11011001111		401
10110101110		400
10110000110		400
11101100011		399
11010111010		399
11001100110		397
10010100101		397
10001011001		397
10000101111		397
01010111110		396
11101001101		395
10010011010		395
01001111011		395
11111011001		393
11001001111		393
01000111110		392
01010111001		390
10110110011		389
01110111100		389
11101101100		388
11000101110		388
11111000011		387
11101011100		387
11100111010		387
10111010110		386
01001100110		385
11100001111		383
11010101001		383
10100000111		382
01101110011		382
11110101011		381
11110100000		380
10110010110		380
11111011111		379
11001001010		379
10011000110		379
11110011111		378
10110010101		378
01100111100		378
01011111110		378
11011100010		377
11010010110		377
11010010100		377
10000111001		377
11100011110		376
10101111011		376
01011010111		376
11101101111		373
11010001111		373
11001100100		373
10011001111		373
10100011100		372
11111010101		371
11011101011		371
11000001110		371
11111001110		370
01101111100		370
11010111000		369
11010000100		368
10000111000		368
11101000101		367
11000100011		367
10111000110		367
10101101111		366
01011111011		366
11001101000		365
11001011001		364
11110110010		363
11010110010		363
11000101100		363
11101111000		362
01000111001		362
10010101110		361
10011101111		360
10010111000		360
11111101101		359
10110010111		359
11111101010		358
11110110000		358
10101011001		358
10111101110		357
11011101001		356
11111001100		355
11011001011		355
11010011110		355
11101000111		354
11110110011		353
11101100000		353
10001111001		353
10101111010		352
10001101110		352
11100010111		351
11000110001		351
11101100010		350
11010010101		350
11011011110		349
10111101111		349
10010111001		349
01111110001		349
01011110010		349
10100100110		348
01101111010		347
11010000110		346
10000110001		346
01010111000		345
11111101011		344
10110100101		344
10001100110		343
11111100000		342
10101011010		342
10101100110		341
11010101100		340
10101111001		340
10010110001		340
11000111011		339
10100110001		338
10011110001		338
01011111001		338
11001100011		336
11010110000		335
11001011000		335
11110000101		333
11011010101		332
11000110000		331
10001101111		331
10000101110		331
11110011011		329
10101101110		329
01011110001		329
11101011000		328
10111110011		328
01011111000		328
11110001010		327
10110001111		326
11000111010		325
11100011000		324
11011111011		323
11000011000		323
01001110011		323
10101111000		322
10000011010		322
11110100010		321
10000110010		321
11010001100		320
10000000110		320
11110010100		318
10110101111		317
11011100001		316
10100111000		316
10011101110		316
11000000100		315
11110001101		314
11100100001		313
10100101110		313
01111010111		313
11011000011		312
11010101011		312
11110100001		311
11101001111		311
11101100001		310
11101011001		310
11010001101		310
11001100000		310
10100101101		309
10010011011		309
11011000110		308
11111000001		307
11100001110		307
01100100110		307
11011000101		306
11010001011		306
11010011000		305
10001000111		305
11101001110		304
01110111001		304
01101111000		304
11011011000		302
11000001101		301
10101011000		301
10010101101		300
11010100010		299
10101000111		299
11101000110		298
10110110001		298
11111001010		297
11001011010		297
10110010100		297
11000011011		296
11100001101		295
11010011010		295
11011001110		294
10110110010		294
11010110011		293
10111001111		292
11110000100		291
11100000101		291
11101111001		290
11101001010		290
11000100001		290
11000100000		289
11011101010		288
11011010100		288
11110000011		287
10110101101		287
10101101101		287
11110100011		286
11100011001		286
11001001101		286
11000000010		286
10011100101		286
01111100101		286
11100100010		285
01011110000		285
11001100001		284
11010011011		283
10010110000		282
10000011001		282
01011000111		281
11000101001		280
10111101101		280
10110101100		280
10001000110		280
11010001110		279
01111111000		279
11001001100		278
01001111010		278
11110101010		277
01100111011		277
11011000010		276
11000101010		276
10000110000		276
11111100001		275
11001000010		275
11000001010		275
10011011000		275
11101101010		274
01111111010		274
10100000110		273
10011111001		273
01101111011		272
11101001011		271
10100110010		271
01111000110		269
01011011111		269
11100100000		266
11000100010		265
01000111011		264
01111000111		263
11100001100		262
11000001001		262
10110100100		262
01001110001		262
11010101010		261
01111011111		260
01010110011		260
11101101011		259
11100001011		259
11110001011		258
01010111010		258
01000111010		258
11111101001		257
11101001100		257
01101110010		257
11010011001		256
11000011001		256
11000001011		256
01010111011		256
01001111001		255
01001110010		255
11111000010		251
11110101000		250
10110011011		250
01010110001		250
11011001000		248
10110011010		248
10111011000		247
11001001011		245
10011101100		245
10011100100		245
10000100101		245
01111110000		244
10101001111		243
10010100100		243
11110000010		241
11101000010		241
11001000101		240
10101100101		240
11111001011		239
11100010100		239
10001111000		238
01011010110		238
10101000110		235
10110110000		233
10011111000		232
11110001001		231
11010101000		231
01000111000		230
01001111000		228
11101000100		227
10111101100		227
01100111001		227
10100011010		224
11111101000		223
11111001001		223
11100001010		223
10100100101		223
10001001111		221
11011100000		220
11110001000		219
11011001001		219
10111100101		219
10111100100		219
11100110010		217
11100101011		217
10110011001		217
11100101010		215
11011011010		215
01111010110		212
01010000110		212
11110011010		211
11000000011		210
01110110011		210
11101011010		208
10010011000		208
11101000011		207
01111110011		207
11000000101		204
10001101101		204
01111111011		204
11001000001		200
10100001111		200
01100111000		200
01110111000		199
11010001000		198
11011000100		197
01110100101		197
10111001110		196
10100011001		196
10011001110		196
11010000011		195
01101010110		195
11100101000		194
10000101101		191
10000011000		191
01101110000		190
11110011000		189
01110111010		189
01101110001		188
11111000000		187
11110011001		187
11110101001		185
11010001010		185
10100011000		184
10010101100		184
01001110000		184
11010000001		183
10110011000		183
01011101111		183
11011001010		182
01010000111		182
00011111111		182
11100011010		181
10010001111		181
11101101000		180
11100000010		180
10001001110		180
01110110001		180
01110111011		179
01101111001		179
01100111010		179
01011100101		179
01111101111		177
01110010111		177
10110001110		176
10100110000		176
01010110010		176
11101000001		172
11011001100		170
01110000110		170
11100011011		169
11011000001		169
11100000100		165
01111110010		165
01111011110		165
01011011110		165
11010000010		164
01100110001		162
01000000110		162
10111000101		161
11010001001		160
01011000110		160
01010100101		159
11001001001		157
01100110011		157
01000110001		157
10000100100		156
01110000111		156
10101100100		151
10011000101		151
00111111101		151
01010010111		148
01001011110		148
01001010110		148
01000110011		148
10101001110		147
11101101001		146
01110110010		146
01001101111		146
11110000001		144
11000011010		144
11000001000		144
11100001001		142
00110111101		142
10101101100		141
01110101111		141
01011011101		140
01101010111		136
01010110000		136
11001001000		135
00010111101		134
11000101000		132
01010101111		132
00011111101		132
11101001001		131
01100010111		131
01000110010		131
01010100100		129
01001000110		129
10100100100		128
00100111111		128
01110110000		127
01110100100		127
01100101111		126
01001101110		126
10100101100		125
01111100100		125
10001101100		124
10000001111		124
01001011111		124
11101000000		123
11100000011		123
11001000000		123
00111111100		122
11111001000		121
10001100101		121
01011101110		121
01001010111		121
00111111111		121
00001111111		121
01100110010		120
01011100100		120
10010000101		119
01100110000		118
10111000100		117
01010010110		117
01001011101		117
01000000111		117
11000001100		116
00101111101		116
00110111111		115
01010011101		113
01000110000		113
11100101001		112
10100001110		112
10001100100		111
10110101011		110
10010001110		110
01011010101		108
10011001101		107
01100010110		106
01000101111		106
11100000001		105
10110000101		105
01110011111		105
01010011111		104
11000000001		103
00111011001		103
00101111111		103
11100001000		102
01100000111		101
01000010110		101
01101101111		99
00010111111		99
11101001000		97
01111011101		97
01110010101		95
01110011110		94
01101011111		94
01001011001		93
01001000111		93
11110000000		91
01110010110		91
01110011101		88
01101000111		88
01011011011		86
00111010100		86
00100111101		86
10111100011		85
01011010100		85
01010101110		85
01010011110		85
01000011111		85
00111111110		85
11010000000		84
10101000101		83
10000101100		83
01101011110		82
01001100100		82
00011010100		82
10000001110		81
01111010100		81
00001111110		81
00011111100		80
11011010001		79
11011000000		79
01100100100		79
00110111100		79
00100111110		79
10011101011		78
01101000110		78
00110011101		78
10001100010		77
01100011101		77
01011101101		77
00111011101		77
10010100001		76
01101101110		76
01011100011		75
10001000101		74
01111011100		74
01001011100		74
01000010111		74
00111011100		74
10111000011		73
01101011100		73
01001100011		73
00101111110		72
00001011001		72
10011100011		71
01100000110		71
01010101101		71
10110100011		70
10110000011		70
01101011011		70
00011111110		70
00011111001		70
10111001101		69
10001000100		69
01011011100		68
01010100011		68
01010011100		68
01111100011		67
01110011100		67
00111010111		67
00111010110		67
01110101110		66
01010010101		66
00101111100		66
10011101001		65
10001101010		65
01111010101		65
01000010101		65
10100000101		64
10010001101		64
01111011001		64
01000101110		64
01000100100		64
10101100011		63
01011011001		63
10110100000		62
10110000100		62
10101001101		62
01000010100		62
01100011111		61
01001010101		61
10110001101		60
10011101000		60
01101011101		60
01011101100		60
10111100010		59
10111001100		59
10000001011		59
01101010101		59
00011011101		59
00010111110		59
10110001100		58
10010101011		58
01101011001		58
01000100101		58
00110011000		58
00010111100		58
10001100011		57
01100011110		57
01000011101		57
10111101010		56
10010101001		56
01111101110		56
01001100101		56
01001010100		56
01000011100		56
00111111001		56
10101100010		55
10011100001		55
10010100011		55
01101100101		55
01101010100		55
01100100101		55
01100011100		55
01100010101		55
01001011011		55
01111011010		54
01100101110		54
11000000000		53
10111101011		53
10011001011		53
01011001111		53
01000011110		53
00111010101		53
00001111101		53
10110100001		52
10001100000		52
01111011011		52
01110101101		52
01010100001		52
00011010101		52
10111100000		51
10000101011		51
01101100100		51
01010010100		51
00111011000		51
10110101010		50
10101001010		50
10001010011		50
10001001101		50
00110011001		50
00101011001		50
10101100000		49
10011100010		49
01011101011		49
01001100010		49
01000011001		49
00110010111		49
00011000111		49
10111100001		48
10101101011		48
10100100010		48
10010001100		48
10010000100		48
10000101010		48
01001000100		48
10111001011		47
10101000100		47
10011100000		47
01111011000		47
11100000000		46
10111001010		46
10101101010		46
10100100000		46
10001101011		46
10001000001		46
10000100001		46
01111001111		46
01001101101		46
01001001111		46
00110010110		46
10011000010		45
10001001010		45
01111101101		45
00110111110		45
10101001011		44
10100100011		44
10100100001		44
10000001010		44
10000001001		44
01111001110		44
01001101011		44
10111000010		43
10110001011		43
10011101010		43
10010100010		43
10010100000		43
10001001100		43
10001000011		43
01111001101		43
01011001101		43
01010001111		43
00001111100		43
10011001000		42
10000001101		42
01110011000		42
01011100010		42
01001101100		42
01001001110		42
00111000110		42
00101010111		42
10101100001		41
10100101011		41
10100001100		41
10100000100		41
10011000011		41
10010001011		41
10001001000		41
10000100011		41
10000000100		41
01111100010		41
01010011001		41
00011010110		41
11001010011		40
10111101000		40
01110011001		40
01110001110		40
01101011000		40
01011100001		40
01011011010		40
01010101100		40
01001000011		40
00111000111		40
11100110101		39
10100001010		39
10001101001		39
01111101100		39
01010101001		39
01000101101		39
10111000001		38
10101000011		38
10100001101		38
10001101000		38
10000000101		38
01110010100		38
01100101101		38
01100011001		38
01011101001		38
01001011000		38
10100001011		37
01100010100		37
01011011000		37
01010101011		37
01000101100		37
01000011011		37
01000001111		37
00111011111		37
00100111001		37
10101000010		36
10100101010		36
10011001100		36
10001100001		36
01110100010		36
01101001111		36
01011101010		36
01011101000		36
01011100000		36
01010100010		36
01010000100		36
01001011010		36
10110100010		35
10010000011		35
10000100010		35
01100101100		35
00100010101		35
00010011001		35
00010010111		35
10111101001		34
10110101000		34
10010101010		34
01101011010		34
00011011001		34
00000011101		34
00000010101		34
10110001001		33
10010101000		33
10001001011		33
10000000011		33
01110101100		33
01110001111		33
00010010100		33
00000111111		33
00000111110		33
10011110110		32
10011000100		32
10010000010		32
10000101001		32
01101100000		32
01100011011		32
01100011000		32
01011001011		32
01001101001		32
01000001110		32
10110001010		31
10100101000		31
10001000010		31
10001000000		31
10000100000		31
01111000100		31
01110100011		31
01110011010		31
01110001100		31
01010101010		31
01010100000		31
01010011011		31
01010001110		31
01000100001		31
00011011100		31
00001100011		31
11111010011		30
10001001001		30
10000001100		30
10000000010		30
01111001010		30
01111000101		30
01110011011		30
01100101011		30
01100001111		30
00011011111		30
00000000111		30
11101110100		29
11010110110		29
01110101011		29
01011001100		29
01010011010		29
01010011000		29
01001100001		29
01000100010		29
01000000100		29
00110011100		29
00100011001		29
11110110101		28
10101101001		28
10011000001		28
01111000011		28
01110101001		28
01101101101		28
01101001110		28
01100100011		28
01001110111		28
01000101011		28
01000011000		28
00111001100		28
00100010110		28
00100010100		28
10100001001		27
10011001001		27
10010000001		27
10000110100		27
01111101010		27
01111000010		27
01110000101		27
01101100010		27
01101001011		27
01101000101		27
01100001100		27
00101010110		27
10110000010		26
10101001001		26
10101000001		26
01111100000		26
01110100001		26
01101101100		26
01100110100		26
01011001110		26
01011000011		26
01010000101		26
01001000010		26
00111011011		26
00101110011		26
00010100100		26
00000110000		26
10111001001		25
10111000000		25
10010001010		25
01111001011		25
01110110100		25
01110001010		25
01101100011		25
01100100010		25
01010101000		25
01001101010		25
01000000011		25
00111100111		25
00011010111		25
00010011101		25
11011010000		24
01111100001		24
01101101010		24
01101001101		24
01001101000		24
01000100000		24
01000001101		24
00111011110		24
00101011011		24
00011110011		24
00011100111		24
10110000000		23
10011110111		23
10010001001		23
01110101010		23
01110100000		23
01110000100		23
01101001100		23
01100100001		23
01011001010		23
01011000010		23
01010001101		23
01001100000		23
01000011010		23
00100111100		23
00001011000		23
00000100100		23
11111010000		22
10110000001		22
10101101000		22
10101001100		22
10100101001		22
10100000001		22
10011001010		22
10011000000		22
01111001100		22
01001001011		22
01000100011		22
01000001010		22
01000000101		22
00111110001		22
00101010100		22
00010100110		22
00001111001		22
00001010100		22
00000111100		22
11001010010		21
10110101001		21
10100001000		21
10001010010		21
01010001100		21
01001001010		21
01001000001		21
01000001011		21
00111111011		21
00101011000		21
00010111011		21
01101101001		20
01101100001		20
01101000011		20
01100001110		20
01001001000		20
01000101010		20
00110110001		20
00110101111		20
00101100011		20
00101011100		20
00001010101		20
10100000010		19
10000101000		19
01111000001		19
01110001011		19
01101101011		19
01101000001		19
01010001001		19
01001000101		19
01000001001		19
01000001000		19
00110011111		19
00101011101		19
00011111000		19
00011011010		19
00001100001		19
11110110110		18
10101000000		18
10010001000		18
10000110101		18
10000001000		18
01110001000		18
01110000010		18
01100001101		18
01100001011		18
01010001010		18
01000101001		18
00111100110		18
00110000111		18
00101111010		18
00101100111		18
00101100101		18
00100111011		18
00100011100		18
00010110001		18
00001001110		18
00000111101		18
00000000110		18
01101001000		17
01101000000		17
01100101000		17
01100100000		17
01011000101		17
01010001011		17
01001001101		17
00111110011		17
00110101101		17
00101110001		17
00101011111		17
00011011011		17
00011011000		17
00011000110		17
00010100111		17
00001011011		17
00000010111		17
10110001000		16
10101001000		16
10100000011		16
01111101011		16
01111101001		16
01111101000		16
01110101000		16
01110000011		16
01100110101		16
01011001001		16
01011001000		16
01000000010		16
00111110000		16
00101101111		16
00100101101		16
00100011111		16
00100010111		16
00100000111		16
00011100110		16
00010111001		16
00010111000		16
00010011000		16
00001110010		16
00000100111		16
00000100110		16
11110010011		15
11110010000		15
10010000000		15
01100001001		15
01001001100		15
00111111000		15
00110100111		15
00110100110		15
00101001011		15
00100111010		15
00100100011		15
00010011100		15
00001111011		15
00001010111		15
00000111001		15
01110000000		14
01100001010		14
01010000001		14
01001110110		14
00110010100		14
00101111001		14
00100111000		14
00011110010		14
00011101101		14
00010111010		14
00010100000		14
00001110011		14
00001011111		14
00001011100		14
00000011000		14
01111001001		13
01111000000		13
01110001101		13
01110001001		13
01110000001		13
01101001010		13
01100101010		13
01100011010		13
01001000000		13
00110100101		13
00101100010		13
00101100001		13
00101000111		13
00100110001		13
00011110001		13
00010110000		13
00010011110		13
00010010110		13
00000001111		13
11001110101		12
10111001000		12
10100010000		12
01101000100		12
01100101001		12
01011000000		12
01010000000		12
00111111010		12
00111011010		12
00110111011		12
00110101100		12
00110100100		12
00110011011		12
00110000100		12
00101000100		12
00100100001		12
00010100101		12
00010010101		12
00001110001		12
00001100111		12
00001011101		12
00001010110		12
00000010100		12
11110110100		11
11100110100		11
10000000000		11
01100000101		11
01011000100		11
01010000010		11
00111101110		11
00111100101		11
00111001101		11
00110111000		11
00110011110		11
00110010101		11
00101111011		11
00101111000		11
00101101110		11
00101100110		11
00101100100		11
00101010101		11
00101001111		11
00100100111		11
00100011000		11
00011111011		11
00011001111		11
00010100001		11
00010011111		11
00001011010		11
00001001000		11
00001000110		11
00000110001		11
00000011100		11
11011110101		10
01100000100		10
01011000001		10
01010000011		10
00111100011		10
00111100001		10
00110101110		10
00110100000		10
00101110000		10
00101011010		10
00101001100		10
00101000110		10
00100110011		10
00100101110		10
00100101100		10
00100100000		10
00100011101		10
00011111010		10
00011100001		10
00011011110		10
00010100010		10
00010001110		10
00010000110		10
00001001011		10
00000011111		10
00000011010		10
11101110101		9
11101010010		9
01101000010		9
01100000011		9
01010001000		9
01000101000		9
01000001100		9
00111110010		9
00110100001		9
00110000101		9
00101110010		9
00101000010		9
00100101111		9
00100011110		9
00100001111		9
00100000100		9
00011110000		9
00011100100		9
00011001100		9
00011001011		9
00010101111		9
00010001010		9
00001111010		9
00001111000		9
00001101010		9
00000100101		9
00000011110		9
11101010011		8
01101101000		8
01101001001		8
01100000010		8
01010110101		8
01000000000		8
00111100100		8
00111100010		8
00110101010		8
00110001000		8
00101001110		8
00100011011		8
00100001100		8
00100001011		8
00011101100		8
00011101011		8
00011001101		8
00010110010		8
00010000100		8
00001101110		8
00001011110		8
00001000111		8
00001000010		8
00000110011		8
00000110010		8
00000101011		8
00000011001		8
00000010110		8
11100010001		7
11000110101		7
11000110100		7
10100110101		7
10011010001		7
10010110100		7
01100001000		7
00111101011		7
00111000101		7
00110110111		7
00110110000		7
00110100011		7
00110011010		7
00110001011		7
00101001101		7
00101001001		7
00101001000		7
00100110000		7
00100100101		7
00100100100		7
00011110101		7
00011101010		7
00011101000		7
00011000101		7
00011000011		7
00010011010		7
00010000111		7
00001110000		7
00001100110		7
00001100010		7
00001001010		7
00000111000		7
00000101101		7
00000101000		7
00000001011		7
11110010001		6
10100010001		6
10100000000		6
10011010010		6
10001110101		6
01111001000		6
01110110101		6
01000000001		6
00111101111		6
00111101101		6
00111001110		6
00111000100		6
00111000000		6
00110111001		6
00110110011		6
00110001110		6
00110001100		6
00101101101		6
00101101100		6
00101101011		6
00101101010		6
00101100000		6
00101000101		6
00100100010		6
00100000110		6
00011101111		6
00011100101		6
00011100011		6
00011001000		6
00011000010		6
00011000001		6
00010110011		6
00010101011		6
00010011011		6
00010001101		6
00010001011		6
00010000101		6
00010000010		6
00000111011		6
00000111010		6
00000101111		6
00000100011		6
00000100001		6
00000000011		6
11100110111		5
11010110100		5
10111010010		5
10110110101		5
01100000001		5
01011110100		5
01011010001		5
01001001001		5
00111001111		5
00111001010		5
00111001000		5
00111000011		5
00111000010		5
00110110010		5
00101000011		5
00100100110		5
00100011010		5
00100001101		5
00011101110		5
00010101001		5
00010101000		5
00010100011		5
00001101111		5
00001101011		5
00001100101		5
00001001111		5
00000001001		5
11100110110		4
11011110100		4
10110010000		4
10101010011		4
10101010010		4
10100110100		4
10011010011		4
10001110110		4
10001110100		4
10000000001		4
01101110100		4
01100000000		4
01001010011		4
00111101100		4
00111101010		4
00111101001		4
00111001011		4
00101011110		4
00100001110		4
00100000011		4
00011100010		4
00011001110		4
00011001010		4
00011001001		4
00011000000		4
00010101101		4
00010101010		4
00010001111		4
00001101100		4
00001101000		4
00001000100		4
00000101110		4
00000100010		4
00000001110		4
00000000010		4
11111110111		3
11110010010		3
11101110111		3
11011010011		3
11000010011		3
11000010010		3
11000010001		3
10111010011		3
10110110100		3
10101110100		3
10100110110		3
10011110100		3
10010110111		3
10010110101		3
10010010011		3
10010010001		3
10001010000		3
10000010011		3
01011010011		3
01000110110		3
01000110101		3
00111110100		3
00111101000		3
00111100000		3
00110111010		3
00110100010		3
00110001101		3
00110000011		3
00101101001		3
00101001010		3
00100110010		3
00100101011		3
00100101001		3
00100000101		3
00100000001		3
00011100000		3
00011000100		3
00010101100		3
00010000011		3
00001101001		3
00001100100		3
00001001101		3
00001001100		3
00001001001		3
00001000011		3
00000100000		3
00000011011		3
00000001010		3
00000000101		3
00000000100		3
11111110100		2
11111010010		2
11111010001		2
11100010000		2
11011110111		2
11011010010		2
11010110111		2
11010110101		2
11010010001		2
11001110110		2
11001110100		2
11001010001		2
11000110110		2
10111110100		2
10111010001		2
10111010000		2
10110010011		2
10101110111		2
10101110110		2
10101010001		2
10101010000		2
10100110111		2
10001110111		2
10000010010		2
10000010000		2
01111110101		2
01110110110		2
01110010011		2
01100010000		2
01011110111		2
01011010000		2
01001010010		2
00111010000		2
00111001001		2
00111000001		2
00110110110		2
00110101011		2
00110101001		2
00110101000		2
00110001111		2
00110000110		2
00101010010		2
00100101000		2
00100000010		2
00100000000		2
00011101001		2
00010101110		2
00001101101		2
00001100000		2
00001010011		2
00001000101		2
00001000000		2
00000101100		2
00000101010		2
00000101001		2
00000000000		2
11101010001		1
11101010000		1
11100010010		1
11011110110		1
11010010000		1
11001110111		1
10111110110		1
10110110111		1
10110110110		1
10110010010		1
10110010001		1
10101110101		1
10100010011		1
10100010010		1
10011110101		1
10011010000		1
10010110110		1
10010010010		1
10001010001		1
10000110111		1
10000010001		1
01111110100		1
01111010011		1
01111010010		1
01111010001		1
01110010010		1
01110010000		1
01101110110		1
01101010010		1
01101010001		1
01011110110		1
01011010010		1
01010010010		1
01010010001		1
01001110101		1
01001110100		1
01000110111		1
01000110100		1
01000010011		1
00111110101		1
00110001010		1
00110001001		1
00101101000		1
00101010000		1
00101000000		1
00100110101		1
00100101010		1
00100001010		1
00100001001		1
00100001000		1
00011110110		1
00010110111		1
00010001001		1
00010001000		1
00010000001		1
00010000000		1
00001000001		1
00000110101		1
00000010001		1
00000001101		1
00000001100		1
00000001000		1
