01011110011		1538
01010110011		1261
01010010111		1141
01001110011		1135
01011100010		1125
01011111010		1122
01000100100		1116
01000011111		1113
01010111000		1109
01010100111		1100
01110111110		1083
10000100100		1067
01110100101		1065
01011110010		1056
10000100110		1051
01010100110		1046
01010011100		1046
01010100101		1043
00100111111		1036
01011011111		1032
01010111011		1031
01000100111		1018
01010100011		1009
01010111100		1008
01000101101		1008
01010111010		996
01010111101		995
01010011111		992
01000100101		989
10000111100		988
01100100111		985
01010111111		983
01010000111		979
01010011101		977
01000111100		973
01110111011		963
01010111001		960
00000111111		958
01110100100		950
10111111000		947
01011111011		943
00001111110		943
01011111100		934
01110111010		928
01001100011		920
01000111101		919
01100111011		918
01110111111		910
01001011110		909
01011111101		908
10001100011		907
01001110010		903
00011011100		902
01011010111		901
01000111011		899
01011100011		898
01010100100		895
00000111100		895
01001100010		893
01010101101		891
01011011001		886
01000111110		886
01000111001		886
00110111111		884
01100010111		875
01000000111		871
01100000111		865
01010110010		854
01001111011		849
01000111111		848
01110011110		844
01100010110		844
10101110000		839
01000110001		839
01000100110		834
01100111100		832
01000110010		829
00111111100		829
00010011101		829
00000111110		828
01111111100		823
01001011111		823
01011011110		821
00001111111		817
01101110011		811
01100100100		810
01001011100		805
01000111010		805
00100111101		801
01010000110		798
01000111000		798
01111011011		797
01010101110		795
01111100111		794
01011011101		794
01010100010		794
01010011110		790
01011011100		789
01000110011		789
10001110011		786
01010010100		783
10101100011		782
10010100101		779
01011111111		768
01000011110		768
00010111111		767
01101100011		763
01000100011		762
01001100100		760
01010110000		758
01001111111		756
00100111100		755
01011110000		753
10011110010		752
00001111101		749
01110110010		748
01111111010		747
01111010110		747
01101110000		747
10000100101		746
01100100011		746
11000100100		745
01001110001		745
01010010101		744
00011011101		744
00000011101		743
01111011100		742
01110011111		737
01000010111		736
01111011111		734
10011110000		732
01010110001		732
01011100101		729
10000111101		726
01111010111		726
01110100111		723
11001110011		722
10010011101		721
00010111110		719
01101100010		718
01100111111		718
01011111000		714
10001110001		711
00110111100		711
01011110001		709
01110100011		705
01001111100		704
00010111101		704
11000011111		703
10000001111		703
10010100111		701
01100100101		701
01111110000		699
01001100101		699
01001011101		699
00111011100		699
01001111110		698
10010000111		694
01000000110		694
10010101101		693
10001011011		692
01100101101		692
01000110000		692
01100111101		691
01100111010		689
10001011000		687
00100111110		685
11001011011		684
01101100100		683
00100011100		683
10001101011		681
01010010110		681
00001011100		681
10110101100		680
10101011100		680
10000111111		680
10100100011		678
01101111010		678
01010101100		675
00011111101		675
11000100110		673
10010011100		672
10001011001		672
01111100011		671
01100111000		671
01110111101		670
01110000111		670
01100101100		670
10000110000		669
00101111000		669
00000111101		669
01001010111		668
10010111011		667
01011000011		667
00110111101		666
00011111001		665
10000111000		664
01110101101		664
01100110011		664
10010111010		663
10000100111		662
00000011111		660
11011011111		659
01111111101		659
01111101111		659
01001111101		659
01011101011		657
00001011001		657
10001111100		655
01001101111		655
01100111110		654
01111100110		652
01100100110		652
00110010111		652
01110110011		651
01011010110		651
10000101100		650
01011011011		650
01001100111		650
11110111011		649
10000011100		649
01010111110		647
10000000111		646
01110010110		645
00111011011		645
10001000011		644
11010011100		643
11000011110		643
10100100111		643
10001100100		643
00111111101		643
01100011110		642
00011111110		640
10010111111		639
01111111110		639
01111011110		639
01011010100		639
11001011101		638
10111011011		638
10001110000		638
01000011101		638
00001010111		638
10010110011		637
10000011111		636
01110010111		635
01100111001		635
10000101101		634
00010010100		633
11100100100		632
10110100100		632
01011100111		631
11110011100		629
10001111101		628
10101110001		627
01000101111		627
00100011110		627
00001011101		627
10110111000		626
11000011101		625
10101100111		625
10000110011		624
01101110010		624
10011011001		623
01110101111		623
00101111101		623
10001011100		622
10010110010		621
11110000110		620
11000011011		620
11100100011		618
01110011100		618
01100011100		618
01011000111		618
00111111110		618
11010100011		617
01000010101		617
01000101100		616
10010011001		615
01001110000		615
01110111000		614
01001101101		614
01111110011		613
10011011100		612
01110100110		611
01110011101		611
10111111100		610
10110011101		610
10110011100		610
10000011011		610
01110101100		610
11011011011		609
10011100010		609
10010100100		609
11100011100		608
11010011101		608
10000011110		608
01101101111		608
01011101001		607
10000010100		606
11000001011		605
01101011110		605
00011111000		605
01111011101		604
00001000110		604
11110011110		603
10111110000		603
01101010110		603
00111011000		603
10100011111		602
01110111100		602
10000111010		601
10100111011		600
10010010100		600
10000001110		600
01101111110		600
01011001111		600
10100011110		599
01101011011		599
01001011001		599
10011100011		598
01111110001		598
01101111100		598
01101100111		598
10111111010		597
01011000101		597
10100111100		596
10000011101		596
11110010111		595
10000111110		595
00100000111		595
11100001011		594
01010011011		594
00000011100		594
01110111001		593
11000010101		592
10011110011		592
00001011000		592
11010001111		591
01111111111		591
10010100001		589
00010000110		589
11000111100		588
10110111011		588
01111101101		585
01101011100		583
10001100110		582
01101111101		582
01000011100		582
00011111111		582
01100101111		581
11001011110		580
10010111100		579
10010001011		579
01101111000		578
10110011111		577
10011011011		577
11000000110		576
10010100011		576
10001110010		575
11111011110		573
01011101010		573
11100111011		571
11010011111		571
00000010100		571
10101011011		569
01011100100		569
10100101100		568
10100011100		568
10010011011		568
01111101011		568
11111011011		567
11000100101		567
11000011100		567
10111011101		567
00000010101		567
10010011010		566
01111111011		566
00000010111		566
11001000100		565
10000111011		565
00100010111		565
10011101101		563
00011011010		563
01111100101		562
01010101111		562
11000010100		561
10101100101		561
01011011000		561
10010101100		560
11010100101		559
10111110001		559
01111111000		558
00110011101		558
11000010110		557
11111011100		556
11100011111		556
11100011000		556
01100110010		556
10101011000		554
01110110000		554
01111110010		553
01111101001		553
11000011000		552
01111011001		552
01000100010		552
11011011100		551
10011011101		551
10010110000		551
00010111100		551
00010111001		550
01001000110		549
00111111111		549
01101011101		546
10011000111		545
01101101011		545
10101110010		544
10011011010		544
00101111111		544
00100111001		544
00010010111		544
00111111000		543
11001100010		542
10101010100		541
01100010100		541
01011111001		541
11100001100		540
00001000111		540
11010001011		539
10110101011		539
10110100011		539
10100111000		539
11100111000		538
01001010101		538
01000010100		538
00001111000		538
10100100100		537
01101011111		537
11010100100		536
10101100010		536
10100100110		535
10010111110		535
10001011101		535
00010010110		535
11010000100		534
11000001101		534
10101110011		534
10010111101		534
00010010101		534
10001001111		533
01000010110		533
00100111000		533
00000010110		533
10110110010		532
01110000110		532
00001111100		532
11010100001		531
10101011101		531
01001011011		530
10100111010		529
10010011000		529
10000011001		529
00110000111		529
00100010101		529
10110100111		528
10101011001		528
10100110011		528
10111100111		527
10011101100		527
01010011001		527
11000100111		526
00010000111		526
11011110010		525
11001110010		525
10000110010		525
00100111011		525
11101010100		524
10011101011		524
01000101110		524
11111011010		523
10110110011		523
10110100010		523
10100111101		523
10011111100		523
11101100000		522
11101011000		522
01111100100		522
11001011111		521
10101011111		521
00101111100		521
00001011111		521
11110001100		519
11011111101		519
11010001100		519
10110100101		519
01111100010		519
01001010110		519
11101110001		518
01111111001		518
11001110001		517
01011111110		517
00001010110		517
10000010110		516
11010010100		515
00101111110		515
10111011001		514
10100101101		514
00001011011		514
10010010111		513
11111001101		512
10100100101		512
01110101110		512
01101111111		512
00100010100		512
11101110000		511
10110101010		511
10011011000		511
01101110001		511
01011101110		511
00010011111		511
11110100100		510
11011110011		510
10001100101		510
10000100011		510
11110010110		509
10000010111		509
10011110001		508
10001101101		507
00110111110		507
11001001100		506
11111011000		504
11000011010		504
11000000111		504
10010000110		504
01001111010		504
01001111001		504
00010011001		504
10111001101		503
10000101111		503
10111100010		502
10100111001		502
01011101100		502
01011010101		502
00110011100		502
10100011101		501
10100010111		501
01010101011		501
00111011101		501
00011111100		501
00011100111		501
11000111111		500
00101010111		500
00010011100		500
11000111001		499
10110100110		499
10110000010		499
10011111111		499
10011100111		499
10010101110		499
10110111111		498
01011101111		497
00011010110		497
11111111100		496
11110011101		496
01111000111		496
01110110001		496
01101100110		496
01001100110		496
00110011011		496
00111011001		495
11110010101		494
01011100110		494
11100111100		493
10001001101		493
01110101011		493
11011000010		492
10001111000		492
10100011011		491
01100110000		491
01100101110		491
10100110010		490
01111010101		490
00011010100		490
00011010111		489
11010100111		488
10110000100		488
10000000101		488
11001101011		487
10110101101		487
10001010110		487
00101011000		487
00011011111		487
11010010111		486
00110010110		486
11000110010		485
10001011111		485
10000011000		485
11110100110		484
11010111111		484
10011100100		484
01011011010		484
10011011111		483
10010111001		483
11000111000		482
01001011000		482
11001001010		481
01111010100		480
11100111111		479
11001000010		479
10111111001		479
01111101100		479
01011000110		479
10111100011		478
10101100100		478
10010100110		478
11100101100		477
11001111110		477
10001101100		477
10000010101		476
01110010100		476
11111011001		475
11100100101		475
10010010110		475
10001101110		475
01100000110		475
11010101101		474
01110010101		474
11111000010		473
11100000110		473
11001101001		473
11001000111		473
11011011001		472
10010011111		472
10000111001		472
00101111001		472
00011111010		472
00011110011		472
11010000110		471
11001011100		471
10000011010		471
10001011010		470
10000001101		470
11100011110		469
11010111000		469
11000001010		469
10101111100		469
10101111000		469
10100001100		469
10010101111		469
01100101011		469
11110100101		468
10100001110		467
00001111011		467
10001100111		466
01111001111		466
00011111011		466
11110110011		465
11110001110		465
11011100101		465
11000101101		465
01100011111		465
00111010111		465
00101011100		465
11100011101		464
11010111100		464
10111101101		464
01011101101		464
10110111101		463
10011001111		463
01110100010		463
01001101110		463
11111010100		462
10110110000		462
11100111010		461
11000111101		461
10110111010		461
10101011010		461
00111010100		461
11111110011		460
11001100011		460
11000100011		460
11010111011		459
10111011100		459
10011111110		459
10011011110		459
00000000111		459
11111111111		457
11010011001		457
11010000111		457
11001111101		457
10111110010		457
11111001100		456
11000010111		456
10110010101		456
01101101100		456
11110111111		454
11101001010		454
11000111011		454
11000110011		454
10000000110		454
11001110000		453
10111000101		453
10110111100		453
01111000110		453
01001000111		453
00111110001		453
00101011110		453
11110011011		452
11100010110		452
11010100000		452
10000110001		452
10110111110		451
10100010110		451
10001000111		450
11111011101		449
11010010110		449
01011000010		449
00001010100		449
10011001101		448
01010100001		448
00100011111		448
11010011110		447
10111101001		447
10010000101		447
00111010101		447
00011011001		447
00011011000		447
11111100011		446
11010001000		446
11000000010		446
10101111001		446
10001100010		446
01101101101		446
10011111000		445
00110111000		445
00001111001		445
11011011000		444
11001101010		444
11001000000		444
11000101100		444
10011010101		444
11100010101		443
11000011001		443
11000100000		442
11000001111		442
00000000110		442
10111111101		441
10001010111		441
00111000111		441
10001111010		440
01111011010		440
00110011110		440
10111000111		439
10011001011		439
10111011000		438
00110000110		438
11110000011		437
11100111110		437
01001101100		437
11101111101		436
11011100100		436
10001111111		436
00111000110		436
11110000111		435
11101110010		435
11010001110		435
10101111111		435
10101000100		435
10010001111		435
01100110001		435
00111010110		435
01101010101		434
01011100001		434
11110001111		433
11000110000		433
10110000011		433
10101000101		433
11100101000		432
11000101011		432
10010101011		432
10001000010		432
00011000111		432
11111110001		431
11101011011		431
11111111010		430
11110011010		430
10001011110		430
11101110011		429
01001011010		429
11111100010		428
10011111101		428
10001000101		428
01111101110		428
01010000101		428
00101011011		428
11010111101		427
10110011110		427
11000111110		426
10010010101		426
00010100111		426
11010001001		425
11001001000		425
00011000110		425
00000011000		425
11010101100		424
00000111011		424
00001010101		423
11100100010		422
11010110000		422
11001011001		422
10101011110		422
10011111011		422
10001000100		422
01110100001		422
00000011001		422
11110111010		421
10011101010		421
11111111011		420
10100000111		420
00101000110		420
00001011110		420
11110100010		419
11110100000		419
11001010111		419
11000000100		419
10110000111		419
10001001110		419
00111111011		419
10101101101		418
00100010110		418
11011100010		417
11011011010		417
10111111111		417
11010011000		416
10100110000		416
00110100111		416
11101100010		415
11011001000		415
11010010101		415
10101111101		415
01101111011		415
01101010111		415
01011000100		415
00110011000		415
10111100110		414
11010100110		413
10101101010		413
11100101101		412
10110010100		412
10100000100		412
00101011111		412
11110100111		410
11011011110		410
10101000010		410
00110011001		410
10110001101		409
10101100110		409
10100010101		409
10011000010		409
10010110001		409
10001111001		409
00000011110		409
11101000000		408
01011101000		408
11011100011		407
11010111001		407
11000001100		407
01111100001		407
11101000010		406
11001011000		406
10010000100		406
01100010101		406
11101000001		405
11010111010		405
10110001100		405
10010001101		405
10001111110		405
00100000110		405
11111000001		404
11010101111		404
01101011001		404
00111011010		404
11100111101		403
11100001101		403
10111011110		403
10110011010		403
10010001110		403
00111111001		403
00010111000		403
11110111100		402
01101101110		402
10011010100		401
01101000111		401
11101011110		400
11011111100		400
11010110010		400
10110001111		400
10001010101		400
01111011000		400
11111000101		399
11110111000		399
11100000001		398
10110000110		398
10100101111		398
00110010100		398
11111000000		397
11110000101		397
11011010111		397
10100001111		397
11111101100		396
11011011101		396
11000001110		396
10111001100		396
10100000110		396
11011111010		395
11001111001		395
11001010100		395
10011100101		394
10001111011		394
00101011001		394
10111111011		393
10110011000		393
10011001110		393
00101010110		393
00100011101		393
10011000101		392
00010111011		392
11001000001		391
11000000000		391
10111100001		391
01001101011		391
11101111100		390
11011101011		390
11011000000		390
11110101011		389
01010001111		389
00011010101		389
11101100011		388
11101011100		388
11101011001		388
11011001011		388
10000101110		388
10000000100		388
11001001011		387
01101111001		387
00101000111		387
11101010111		386
10111011010		386
01100011101		386
01001000010		386
11001001101		385
10101010110		384
11101100111		383
11100011001		383
10100111110		383
11000001000		382
11110011111		381
11101100100		381
10100111111		381
11110100011		380
10111101111		380
01101100101		380
11110111110		379
11011000001		379
11001001111		379
00111011111		379
11010011011		378
11110010100		377
11001010101		377
00101010101		377
11010000101		376
11011100001		375
11000101001		375
00111011110		375
10011000110		374
00110011111		374
11111110010		373
10011010111		373
01001111000		373
11010111110		372
11000001001		372
10010111000		372
10001010100		372
11011010110		371
10011111010		371
11110110010		370
11011000111		370
10100010100		370
01100100010		370
11000000001		369
10111101011		369
10110011001		369
10100110001		369
10011101001		369
01111000011		369
11111101011		368
11101011111		368
11011001101		368
10111101100		368
01011001110		368
00011011011		368
00010011110		368
10001001100		367
00111100111		367
11111111110		366
11100000111		366
11001111111		366
11000100001		366
10010011110		366
00101011101		366
11011101000		365
11001000011		365
11110110001		364
11000111010		364
10101111010		364
10101010111		364
10010100010		364
10001000110		364
00110011010		364
11010110011		363
11001100111		363
10100000101		363
10111010111		362
10110010111		362
10101101011		362
11110000100		361
11100001010		360
10000001100		360
01111000010		360
00010011000		360
11101001100		359
10011000100		359
01000101011		359
11101101010		358
11100000101		358
11011001111		358
11001011010		358
10111001010		358
11110111101		357
11001101101		357
11001000110		357
00111110000		357
11110001010		356
11101100001		356
11001101100		356
11001100100		356
10111110011		356
10111010100		356
10101000011		356
01001010100		356
10100001011		355
11111010111		354
11100001110		354
10111011111		354
10101001111		354
11111101010		353
11110100001		353
10111111110		353
11101001111		352
11100101110		352
11010110001		352
11011001100		350
10110100001		350
11110001101		349
11001111010		349
10001001011		348
11100010100		346
01110000011		346
11011100111		345
10111001011		345
10101010101		345
11111000111		344
10111100100		344
00110111011		344
11100110011		343
10010101010		343
11111110000		342
11011110001		342
11010101110		342
11001000101		342
10100101110		342
11010100010		341
00101110001		341
11101111001		340
10101001010		340
01000011001		339
00011011110		339
11111000110		338
11011000101		338
11001111100		338
11111100000		337
11101010101		337
11001100000		337
10101001100		337
11011111110		335
11010000010		335
11111101001		334
11101000111		334
11110111001		333
11101000101		333
11111111000		332
11001101000		332
01101011010		332
00000011011		332
11000101010		331
11101111010		330
11100010111		330
11001111000		330
10110110001		330
10000001011		330
11111111101		329
10100100010		329
11100110001		328
11010001010		328
11110011000		327
11100110000		327
10011100110		327
10001101111		327
11110110000		326
10110111001		326
10010000011		326
11100111001		325
10110011011		325
10110010110		325
11111000011		324
11100101011		324
11011000011		324
10101111110		324
11111000100		323
11011101101		323
11111111001		322
11101011010		322
10011001100		322
00111100110		321
00000111000		321
11100001001		320
11011100110		320
10111100101		320
11111100001		319
11111001011		319
11001111011		319
10111101010		319
11101001011		318
11111010101		317
11001100001		317
10111101110		317
10111001111		317
10011111001		317
11111100111		315
11111010110		315
10101101100		314
01010011000		314
11111101111		313
11111001010		313
11110101111		313
11101010110		313
11111101000		312
10111000110		312
10001101010		312
00101011010		312
11010101011		311
11001010110		311
10011010110		311
01101010100		311
00110010101		311
11100001111		310
11010011010		310
10110000101		310
00100011011		310
11101001110		309
11011101010		309
11011000110		308
11000000011		308
10100011010		308
10011001010		308
01001000100		308
11111100110		307
11110101010		307
11101111111		307
11101100110		307
11101001000		307
00100011001		307
11110001000		306
11100011011		306
11001100101		306
10000100010		306
11111100100		305
11111001111		305
11000110001		305
01010000100		305
11110101100		304
11101001101		304
11100100110		304
11011100000		304
11010001101		304
01101011000		304
10100011000		302
01001101010		302
11011110000		301
11000101111		301
10010000010		301
10000000011		301
11101100101		300
11100100111		300
01001001111		300
00001011010		300
11111001110		299
11010000001		299
10100011001		298
10100101011		297
10011000011		297
11110000010		296
11100100001		296
00111111010		296
11011111011		294
11011001001		293
11100100000		292
11011010100		292
10101000111		292
01000011011		292
11001101111		291
00010110011		291
01010101010		290
10101001101		289
10100001101		289
01110001111		287
00001111010		287
11100001000		286
01111001110		286
00010011010		286
11101000011		285
11011111000		285
10111010110		285
10111000001		285
10101101110		285
11111011111		284
11110101001		284
11101111011		284
10011101111		284
11101101101		282
11011101001		281
11011101111		280
01110011011		279
11010101000		278
10101001110		278
01010000010		278
11101011101		277
10110101110		276
10101111011		276
00101111010		276
10010101001		273
01010000011		273
10111010101		272
10111000100		272
01110101001		272
11101101110		271
11011111111		271
10011101110		271
11110101110		269
11001001110		269
10110101111		269
10000101011		269
00110110001		269
11101111110		268
10101101111		267
01110000100		266
10110001011		265
11111100101		264
01111000101		264
01101101010		264
01101000011		264
00101110000		264
00100011000		264
00011110000		264
11010101001		263
01100011011		263
11100110010		261
11010000000		261
10101100001		261
01101000110		261
10010001001		260
11110001011		259
10011100000		259
00011100110		259
00010111010		259
11101111000		258
01111001101		258
00101111011		258
11100011010		257
11011111001		257
11011101110		257
00110111001		257
11110000001		256
11011101100		256
11101101000		255
11000100010		255
10011100001		255
00100011010		255
11011000100		254
11000101110		254
10000000010		253
01000101001		253
11011010101		252
11000000101		252
11101101111		251
01011100000		251
11100101111		250
10111000010		250
10010001100		249
11100000100		248
01000011000		248
11001001001		247
10101000110		247
01111100000		247
01110011010		247
10001100001		246
01110011001		246
10100000011		244
11110011001		242
11010000011		242
10100000001		242
00001110011		242
01000011010		241
10111001110		240
00100111010		240
10110001110		239
11110101101		238
11001100110		238
10100101010		238
01010101001		238
01011001101		237
00100100111		237
10010100000		236
01111101010		236
01110000010		235
00010011011		235
01010011010		234
01001000011		234
11111001001		233
11101101100		233
11010101010		233
10111000011		232
00001110001		232
00000111001		230
00011110001		229
01010100000		228
11000101000		226
00101010100		226
11111101101		225
10111001001		225
00111110011		225
00100110001		223
00000111010		223
11111001000		221
10110001010		221
11111101110		220
11100000010		220
01101000010		220
00110100110		220
11011001010		219
11001101110		219
10101001011		218
10001101001		218
10100000010		217
01100101001		217
01001100001		217
00101110011		217
10010001010		216
00011110010		216
10011001001		215
01011000001		213
00000011010		213
01110000101		211
00010110001		211
11110001001		210
01100100001		210
01001101001		210
00110111010		210
11100101010		209
10100100001		209
11011001110		208
10110101001		208
01000001111		208
11101101011		205
10111100000		205
00000100111		204
00101100111		203
10000101010		202
01101100001		202
10110100000		199
01110011000		199
01001000101		199
01010001011		198
01001001110		198
11101000100		197
11110000000		195
10001001010		193
00110110011		193
10011101000		192
11100000011		191
01110101000		191
11110101000		189
11101000110		189
11100000000		188
10111101000		188
10100101001		188
01100011001		188
01110101010		187
01100011000		187
01101001111		186
01101101000		185
01010101000		184
00000100100		184
01101101001		182
00010100100		182
01111101000		180
00101100110		180
01011001011		179
00110110000		179
11100101001		178
10100001010		178
01101000100		178
11101001001		177
01011001100		175
01010001110		175
10110001001		174
10011000001		174
01010001100		173
00000110011		171
01100001111		169
00010100101		167
10101000001		165
10001000001		165
00011001111		165
00011100011		163
01001001101		162
00001100111		162
10000100001		161
00010100110		161
10000001010		160
01001100000		160
00011100010		160
00010110000		158
01111000100		156
01000001101		154
00100110011		154
01110001110		153
01000101010		153
01111001100		151
00101110010		149
00010100010		149
01000100001		147
00110100100		147
00000100110		147
10000101001		146
00010001111		146
00000100101		146
10111000000		145
00100100011		145
01110001100		144
01110000001		144
01101001110		144
01110001101		143
01100011010		142
10110101000		141
00010100011		140
01110100000		139
01000001011		139
00001110010		139
00001100010		139
01001001011		138
10001001001		137
01100101010		137
01100001100		137
01000000101		137
01000000100		137
00110101101		137
00100100100		136
00000110001		136
01111001011		135
00000101100		135
01100000101		133
00111100011		133
00101100011		132
01000001110		131
00000110000		131
00111001111		130
00011101011		129
00001100011		129
01100001101		128
10011000000		127
00100100110		127
01111000001		126
01100000100		126
00000101101		126
00010101100		125
00001101101		125
00001100100		125
01010001101		124
01000000010		124
10010000001		123
01001001100		123
00111110010		123
00010110010		123
01100000010		122
00001110000		122
01100000011		121
00110101011		121
10101100000		120
00100110000		120
01101001100		119
01000000011		119
00100100101		119
00001100110		119
01011001001		117
00000110010		117
10100001001		116
01011001000		116
00110110010		116
00110100101		116
00010100001		116
11101101001		114
01100101000		114
00111100001		114
00100101100		114
00001100001		114
01110001011		113
01101000101		113
01100001011		113
01010001001		113
01000001100		113
00011000101		113
00111101011		112
01010000001		111
00101100100		111
10010101000		110
01001101000		110
00111100010		110
00011101010		110
00000100011		110
10101001001		109
01101001010		109
01011000000		109
00110001111		109
00100101101		109
10000000001		108
01101100000		108
01101001101		108
01101000001		108
01100001110		108
00011101101		108
00001101011		108
00000101111		107
01100000001		106
00110101111		106
00011100101		106
10110000001		105
00010101101		105
00110100010		104
00001100101		104
10010001000		103
01000101000		103
00110100011		103
01111001010		102
01000100000		102
00100110010		102
00000001111		102
10011001000		101
00011100100		101
10101101001		100
01000001010		100
00100000101		100
00101100010		99
00000100010		99
01101001011		98
00111101111		97
00101101101		97
10100100000		96
10001100000		96
10000100000		96
00010001100		96
00000001011		95
10110001000		94
10000001001		94
01011001010		94
01010001000		94
00111001101		94
00111000011		94
10001001000		93
00101100101		93
00010001011		93
01111000000		92
00111101101		92
00111100100		92
00011000010		92
10101000000		91
00101000011		91
00100101110		91
00011101000		91
00001101100		91
00101101011		90
00101101010		90
00010101110		90
01100100000		89
01001001000		89
00111101100		89
00000001110		89
01100001010		88
01001001010		88
00110101100		88
00100101111		88
00111001110		87
00111000010		86
00100001110		86
00001000100		86
10100101000		85
00011101100		85
00011101001		85
00011100001		85
10001000000		84
00110101110		84
00110100001		84
00100000100		84
10001101000		83
00110000100		83
00011000011		83
00010101111		82
00010000010		82
01101000000		81
00111101010		81
00100100010		81
10000001000		80
01111001001		80
01010001010		80
00111100101		80
00001101110		80
00000001100		80
01110001010		79
01000001001		79
00111101110		79
00111101001		79
00101000010		79
00001001011		79
00011001100		78
00001000010		78
01001000000		77
00111000101		77
00100101011		77
00100001100		77
00001001100		77
00001000101		77
00100000001		75
00011100000		75
00011001110		75
00001101010		75
10101001000		74
01001000001		74
00101101111		74
00011101110		74
00010000101		74
01000000001		73
00011101111		73
00010101011		73
10000000000		72
01111001000		72
01110000000		72
00111000001		72
00000000101		72
00101100001		71
00100101000		71
00010001110		71
01100001001		70
00111001011		70
00111001010		70
00110100000		70
00110000010		70
00010101010		70
00010000011		70
00001000011		70
01000001000		69
01000000000		69
00101000101		69
00100001011		69
00010101001		69
01001001001		68
00010100000		68
00001101111		68
00111001100		67
00110000101		67
00110000011		67
00011001011		67
10101101000		66
01110001001		66
01110001000		66
01010000000		66
00101101100		66
00000001101		66
00000000011		66
00111100000		65
00011000100		65
00001001111		65
00000101110		65
10100000000		64
01101001000		64
00110001100		64
00101001110		64
00100100001		64
00000001010		64
00111001001		63
00101101110		63
00100001101		63
00011001101		63
00010000100		63
10100001000		62
00110101010		62
00101000100		62
00001001101		62
00110001011		61
00001101001		61
00000101011		61
00000101010		61
00110001010		60
00101001111		60
00100001111		60
00001000000		60
00000000100		60
10111001000		58
10010000000		58
00000100000		58
00101100000		57
00011001010		57
11011010001		56
00000100001		55
10110000000		54
00101001100		54
00100100000		54
00100000011		54
00100000010		54
00001001110		54
00011001001		53
00000101001		53
00000000001		53
00111000100		52
00011000001		52
01101001001		51
00101001010		51
00100101010		51
00000001000		51
00000000010		51
10000101000		50
00110001101		50
00010001101		50
00001100000		50
00101001101		49
00101000001		49
00110101001		48
00110101000		48
00101000000		48
01100000000		47
10001010010		46
00110001110		46
00101101000		46
00100001010		46
00010001010		45
00001001000		45
01100001000		43
00110001001		43
00101001011		43
00001101000		43
01101010011		42
00101001000		42
00001001010		42
00001000001		42
00000001001		42
00100101001		41
11110010000		40
00110001000		40
00010000001		40
00111110100		39
00111101000		39
00011000000		39
00000000000		39
10100010000		38
11111010000		37
00010001000		37
00011001000		36
00010101000		36
00000101000		36
10001010000		35
00010001001		34
11001010010		33
00101001001		33
00010000000		33
10001010011		32
01100110101		32
00111000000		32
00001001001		32
01110110100		31
00111001000		31
11110010011		29
01001110111		28
00101101001		28
00111010011		27
00110000000		27
11110110101		26
11100110101		26
00110000001		26
00010010001		25
01011010001		24
00100001001		24
00100001000		23
00011010000		23
00100000000		22
11111010011		21
10110010001		17
10010110100		17
00100010000		17
10010010001		16
00110010011		16
00011010010		16
11111010001		15
10101010000		15
00101110100		15
10100010001		14
11101110100		13
10101010010		13
10100110100		13
01110010000		13
11000010011		12
10001110101		12
00101110110		12
10101010011		11
10000010011		11
11011110101		10
01111010011		10
01100110100		10
00010110101		10
00010010000		10
10011010011		9
01110010011		9
01101010010		9
01001010010		9
01001010000		9
00001010011		9
11110010001		8
10110010000		8
10011010001		8
01010010001		8
01001010011		8
11101010010		7
11100010001		7
11011010000		7
11010010001		7
10010010000		7
10000110101		7
01111010010		7
01110110101		7
01011010011		7
00111010010		7
00000110110		7
11111010010		6
10001010001		6
01100010000		6
01011010000		6
01001110110		6
00100010001		6
00010010011		6
11110110100		5
11101110101		5
11101010011		5
11101010001		5
11100110100		5
11100010000		5
11001110101		5
11001010011		5
10111010011		5
10111010000		5
10110110100		5
10100010011		5
10011010010		5
10000010000		5
01111110100		5
01101110100		5
01001110100		5
00111110111		5
00111110101		5
00011010001		5
00001010000		5
11011010010		4
11001010001		4
11001010000		4
11000010001		4
10111010010		4
10110110101		4
10101110111		4
10100110101		4
10011110101		4
10010110101		4
10000110110		4
10000110100		4
10000010001		4
01110010001		4
01011110101		4
01011010010		4
01010110101		4
01010010011		4
01001010001		4
01000010010		4
01000010000		4
00110110111		4
00110010000		4
00100110100		4
00011010011		4
00001010001		4
11110010010		3
11101010000		3
11100010011		3
11010010011		3
11001110100		3
11000010000		3
10111110100		3
10011110100		3
10011010000		3
10000110111		3
01111110101		3
01100110111		3
01001110101		3
01000110110		3
01000010011		3
01000010001		3
00110110101		3
00101110101		3
00101010010		3
00101010000		3
00100110101		3
00100010011		3
00001010010		3
00000010000		3
11110110111		2
11101110110		2
11011110110		2
11011110100		2
11010110100		2
11010010000		2
11000110111		2
11000110100		2
10111010001		2
10110010011		2
10110010010		2
10100110111		2
10010010011		2
10010010010		2
01111010001		2
01111010000		2
01110110111		2
01110110110		2
01110010010		2
01101110111		2
01100010011		2
01100010010		2
01100010001		2
01011110111		2
01011110110		2
01011110100		2
01010010000		2
01000110111		2
01000110101		2
00111010001		2
00110110110		2
00110110100		2
00110010010		2
00101010011		2
00001110111		2
00000110100		2
11111110110		1
11111110101		1
11111110100		1
11101110111		1
11100110110		1
11100010010		1
11011110111		1
11010110111		1
11010110110		1
11010110101		1
11010010010		1
11001110110		1
11000110110		1
11000010010		1
10111110111		1
10111110110		1
10111110101		1
10110110111		1
10110110110		1
10101010001		1
10100110110		1
10010110110		1
10001110111		1
10001110110		1
10001110100		1
10000010010		1
01111110110		1
01101110110		1
01101110101		1
01101010000		1
01100110110		1
01010110111		1
01010110100		1
01010010010		1
01000110100		1
00111010000		1
00110010001		1
00101110111		1
00101010001		1
00100110111		1
00100010010		1
00011110111		1
00011110100		1
00010110100		1
00010010010		1
00001110101		1
00001110100		1
00000110111		1
00000010011		1
00000010010		1
00000010001		1
